n,2n,closest_value,d(n)
49996683,99993366,100202398,209032
49993375,99986750,100195762,209012
49992935,99985870,100194880,209010
49991151,99982302,100191310,209008
49989403,99978806,100187806,209000
49988455,99976910,100185898,208988
49985791,99971582,100180570,208988
49984621,99969242,100178224,208982
49983559,99967118,100176100,208982
49982117,99964234,100173208,208974
49981087,99962174,100171144,208970
49980543,99961086,100170047,208961
49976135,99952270,100161217,208947
49972463,99944926,100153852,208926
49970927,99941854,100150778,208924
49969599,99939198,100148116,208918
49967287,99934574,100143490,208916
49966319,99932638,100141546,208908
49965055,99930110,100139003,208893
49962703,99925406,100134292,208886
49960895,99921790,100130665,208875
49957503,99915006,100123867,208861
49956319,99912638,100121491,208853
49954907,99909814,100118666,208852
49953895,99907790,100116638,208848
49949497,99898994,100107829,208835
49947835,99895670,100104493,208823
49943791,99887582,100096388,208806
49942639,99885278,100094080,208802
49941439,99882878,100091680,208802
49941047,99882094,100090889,208795
49938503,99877006,100085800,208794
49938047,99876094,100084882,208788
49936287,99872574,100081358,208784
49936091,99872182,100080956,208774
49935103,99870206,100078973,208767
49934713,99869426,100078193,208767
49932495,99864990,100073752,208762
49931527,99863054,100071814,208760
49931131,99862262,100071013,208751
49930399,99860798,100069546,208748
49930011,99860022,100068766,208744
49927583,99855166,100063900,208734
49924591,99849182,100057913,208731
49923519,99847038,100055756,208718
49919529,99839058,100047761,208703
49918591,99837182,100045880,208698
49916927,99833854,100042543,208689
49912299,99824598,100033283,208685
49910515,99821030,100029698,208668
49908761,99817522,100026188,208666
49907425,99814850,100023506,208656
49906665,99813330,100021981,208651
49905567,99811134,100019782,208648
49902919,99805838,100014478,208640
49902759,99805518,100014158,208640
49901415,99802830,100011461,208631
49898665,99797330,100005946,208616
49894379,99788758,99997355,208597
49892295,99784590,99993178,208588
49890943,99781886,99990467,208581
49888447,99776894,99985468,208574
49885743,99771486,99980050,208564
49885031,99770062,99978622,208560
49884041,99768082,99976636,208554
49882751,99765502,99974054,208552
49881115,99762230,99970774,208544
49878355,99756710,99965240,208530
49876719,99753438,99961964,208526
49875625,99751250,99959768,208518
49873703,99747406,99955924,208518
49869741,99739482,99947996,208514
49869695,99739390,99947881,208491
49868703,99737406,99945895,208489
49865069,99730138,99938620,208482
49864361,99728722,99937204,208482
49864247,99728494,99936976,208482
49863935,99727870,99936341,208471
49863623,99727246,99935714,208468
49861863,99723726,99932188,208462
49860577,99721154,99929614,208460
49856511,99713022,99921476,208454
49854689,99709378,99917819,208441
49853607,99707214,99915646,208432
49853471,99706942,99915370,208428
49852263,99704526,99912953,208427
49851049,99702098,99910516,208418
49849683,99699366,99907780,208414
49847405,99694810,99903223,208413
49844649,99689298,99897704,208406
49844137,99688274,99896662,208388
49843295,99686590,99894976,208386
49841639,99683278,99891658,208380
49836283,99672566,99880924,208358
49836199,99672398,99880751,208353
49835519,99671038,99879388,208350
49835167,99670334,99878680,208346
49833831,99667662,99876007,208345
49833287,99666574,99874919,208345
49830651,99661302,99869638,208336
49829471,99658942,99867271,208329
49827113,99654226,99862544,208318
49826473,99652946,99861262,208316
49824603,99649206,99857515,208309
49823983,99647966,99856270,208304
49823231,99646462,99854765,208303
49820809,99641618,99849908,208290
49818779,99637558,99845842,208284
49815599,99631198,99839470,208272
49813663,99627326,99835582,208256
49811951,99623902,99832151,208249
49808847,99617694,99825938,208244
49808521,99617042,99825280,208238
49807055,99614110,99822341,208231
49803539,99607078,99815308,208230
49802599,99605198,99813428,208230
49800877,99601754,99809981,208227
49800607,99601214,99809422,208208
49798503,99597006,99805199,208193
49794681,99589362,99797548,208186
49792941,99585882,99794068,208186
49790811,99581622,99789803,208181
49789737,99579474,99787633,208159
49787199,99574398,99782549,208151
49787131,99574262,99782408,208146
49785311,99570622,99778768,208146
49783995,99567990,99776134,208144
49783275,99566550,99774682,208132
49781887,99563774,99771905,208131
49780559,99561118,99769243,208125
49779103,99558206,99766330,208124
49778591,99557182,99765296,208114
49777663,99555326,99763433,208107
49772751,99545502,99753599,208097
49771351,99542702,99750796,208094
49770991,99541982,99750068,208086
49769277,99538554,99746639,208085
49768447,99536894,99744965,208071
49765097,99530194,99738259,208065
49763999,99527998,99736051,208053
49761599,99523198,99731248,208050
49760303,99520606,99728656,208050
49758319,99516638,99724663,208025
49756335,99512670,99720695,208025
49754857,99509714,99717736,208022
49752175,99504350,99712370,208020
49751655,99503310,99711323,208013
49751259,99502518,99710527,208009
49749095,99498190,99706184,207994
49748563,99497126,99705118,207992
49746255,99492510,99700496,207986
49744381,99488762,99696743,207981
49743827,99487654,99695630,207976
49742847,99485694,99693664,207970
49739731,99479462,99687413,207951
49739319,99478638,99686585,207947
49736247,99472494,99680434,207940
49734271,99468542,99676469,207927
49733311,99466622,99674545,207923
49731071,99462142,99670055,207913
49729193,99458386,99666292,207906
49727865,99455730,99663635,207905
49726463,99452926,99660824,207898
49725663,99451326,99659218,207892
49723617,99447234,99655120,207886
49722047,99444094,99651971,207877
49720859,99441718,99649592,207874
49720831,99441662,99649531,207869
49719067,99438134,99645995,207861
49716415,99432830,99640690,207860
49714809,99429618,99637474,207856
49713883,99427766,99635609,207843
49706463,99412926,99620746,207820
49705151,99410302,99618113,207811
49704703,99409406,99617212,207806
49703551,99407102,99614902,207800
49703271,99406542,99614342,207800
49702227,99404454,99612251,207797
49696239,99392478,99600248,207770
49693723,99387446,99595204,207758
49690849,99381698,99589445,207747
49688191,99376382,99584114,207732
49685439,99370878,99578605,207727
49684905,99369810,99577532,207722
49681791,99363582,99571292,207710
49681747,99363494,99571202,207708
49680207,99360414,99568120,207706
49680125,99360250,99567955,207705
49675979,99351958,99559651,207693
49675967,99351934,99559621,207687
49671807,99343614,99551278,207664
49668927,99337854,99545512,207658
49667049,99334098,99541750,207652
49664719,99329438,99537074,207636
49664681,99329362,99536998,207636
49664239,99328478,99536114,207636
49662799,99325598,99533230,207632
49659583,99319166,99526796,207630
49659519,99319038,99526664,207626
49657947,99315894,99523499,207605
49655423,99310846,99518440,207594
49651241,99302482,99510065,207583
49650431,99300862,99508439,207577
49646191,99292382,99499958,207576
49645339,99290678,99498253,207575
49645177,99290354,99497929,207575
49644575,99289150,99496714,207564
49643479,99286958,99494518,207560
49643289,99286578,99494131,207553
49643177,99286354,99493898,207544
49642153,99284306,99491848,207542
49638817,99277634,99485176,207542
49637583,99275166,99482698,207532
49635419,99270838,99478358,207520
49632595,99265190,99472693,207503
49632055,99264110,99471610,207500
49629097,99258194,99465682,207488
49628191,99256382,99463862,207480
49625535,99251070,99458543,207473
49623265,99246530,99453995,207465
49621403,99242806,99450271,207465
49621083,99242166,99449626,207460
49620839,99241678,99449134,207456
49618231,99236462,99443906,207444
49617491,99234982,99442424,207442
49613695,99227390,99434812,207422
49609983,99219966,99427378,207412
49609471,99218942,99426346,207404
49608423,99216846,99424246,207400
49604607,99209214,99416605,207391
49603197,99206394,99413782,207388
49602715,99205430,99412814,207384
49601239,99202478,99409862,207384
49600603,99201206,99408574,207368
49597753,99195506,99402866,207360
49597433,99194866,99402226,207360
49596583,99193166,99400526,207360
49595675,99191350,99398704,207354
49595547,99191094,99398446,207352
49595039,99190078,99397424,207346
49594793,99189586,99396929,207343
49594139,99188278,99395620,207342
49591743,99183486,99390820,207334
49590431,99180862,99388193,207331
49587839,99175678,99383002,207324
49587539,99175078,99382393,207315
49583443,99166886,99374200,207314
49582189,99164378,99371684,207306
49579689,99159378,99366664,207286
49576383,99152766,99360035,207269
49575071,99150142,99357400,207258
49572991,99145982,99353233,207251
49569307,99138614,99345851,207237
49567057,99134114,99341351,207237
49566377,99132754,99339979,207225
49565551,99131102,99338323,207221
49564159,99128318,99335536,207218
49563039,99126078,99333290,207212
49562025,99124050,99331258,207208
49559807,99119614,99326810,207196
49557479,99114958,99322150,207192
49556839,99113678,99320861,207183
49554923,99109846,99317021,207175
49553407,99106814,99313981,207167
49551687,99103374,99310540,207166
49551407,99102814,99309977,207163
49547641,99095282,99302435,207153
49545215,99090430,99297574,207144
49544447,99088894,99296027,207133
49542591,99085182,99292306,207124
49539097,99078194,99285314,207120
49537191,99074382,99281497,207115
49537023,99074046,99281155,207109
49536103,99072206,99279310,207104
49535743,99071486,99278590,207104
49533179,99066358,99273451,207093
49531847,99063694,99270785,207091
49531775,99063550,99270629,207079
49531375,99062750,99269828,207078
49531039,99062078,99269155,207077
49528903,99057806,99264880,207074
49528375,99056750,99263824,207074
49527273,99054546,99261616,207070
49526239,99052478,99259546,207068
49525995,99051990,99259057,207067
49524919,99049838,99256904,207066
49523839,99047678,99254740,207062
49522683,99045366,99252416,207050
49522217,99044434,99251482,207048
49521085,99042170,99249212,207042
49520319,99040638,99247679,207041
49518911,99037822,99244846,207024
49515263,99030526,99237548,207022
49513927,99027854,99234863,207009
49511081,99022162,99229157,206995
49510847,99021694,99228686,206992
49507177,99014354,99221345,206991
49506985,99013970,99220949,206979
49503073,99006146,99213110,206964
49502831,99005662,99212624,206962
49499343,98998686,99205646,206960
49498863,98997726,99204676,206950
49498025,98996050,99202988,206938
49497427,98994854,99201790,206936
49494527,98989054,99195982,206928
49494241,98988482,99195407,206925
49491695,98983390,99190301,206911
49489311,98978622,99185525,206903
49487871,98975742,99182644,206902
49487851,98975702,99182600,206898
49486599,98973198,99180094,206896
49486119,98972238,99179134,206896
49481855,98963710,99170594,206884
49479805,98959610,99166486,206876
49479677,98959354,99166228,206874
49478793,98957586,99164452,206866
49477071,98954142,99160994,206852
49474267,98948534,99155380,206846
49473695,98947390,99154228,206838
49468831,98937662,99144485,206823
49465981,98931962,99138772,206810
49463463,98926926,99133726,206800
49460383,98920766,99127550,206784
49458687,98917374,99124150,206776
49456767,98913534,99120298,206764
49449961,98899922,99106661,206739
49448575,98897150,99103882,206732
49440297,98880594,99087298,206704
49438895,98877790,99084488,206698
49436443,98872886,99079571,206685
49433599,98867198,99073868,206670
49429695,98859390,99066058,206668
49428345,98856690,99063340,206650
49425513,98851026,99057676,206650
49423175,98846350,99052990,206640
49422671,98845342,99051982,206640
49422591,98845182,99051821,206639
49419881,98839762,99046385,206623
49419755,98839510,99046132,206622
49418543,98837086,99043696,206610
49416671,98833342,99039941,206599
49415963,98831926,99038524,206598
49413533,98827066,99033659,206593
49411411,98822822,99029402,206580
49408927,98817854,99024434,206580
49407399,98814798,99021370,206572
49406607,98813214,99019786,206572
49405209,98810418,99016990,206572
49405115,98810230,99016787,206557
49404927,98809854,99016402,206548
49399707,98799414,99005956,206542
49396507,98793014,98999536,206522
49392865,98785730,98992232,206502
49391743,98783486,98989985,206499
49391687,98783374,98989870,206496
49389867,98779734,98986229,206495
49389503,98779006,98985500,206494
49389321,98778642,98985136,206494
49387291,98774582,98981068,206486
49386143,98772286,98978762,206476
49385087,98770174,98976649,206475
49384155,98768310,98974781,206471
49382653,98765306,98971774,206468
49382431,98764862,98971318,206456
49381119,98762238,98968691,206453
49377983,98755966,98962415,206449
49377727,98755454,98961898,206444
49376103,98752206,98958634,206428
49373865,98747730,98954152,206422
49370249,98740498,98946902,206404
49367095,98734190,98940584,206394
49365311,98730622,98937011,206389
49363423,98726846,98933228,206382
49360381,98720762,98927129,206367
49359999,98719998,98926361,206363
49357551,98715102,98921453,206351
49355867,98711734,98918081,206347
49354667,98709334,98915681,206347
49353407,98706814,98913154,206340
49352551,98705102,98911430,206328
49350427,98700854,98907178,206324
49349915,98699830,98906150,206320
49346719,98693438,98899741,206303
49343481,98686962,98893264,206302
49341759,98683518,98889820,206302
49340063,98680126,98886418,206292
49338863,98677726,98884009,206283
49335379,98670758,98877028,206270
49335293,98670586,98876852,206266
49334447,98668894,98875154,206260
49333587,98667174,98873426,206252
49330985,98661970,98868221,206251
49330175,98660350,98866595,206245
49329391,98658782,98865022,206240
49326959,98653918,98860156,206238
49326857,98653714,98859941,206227
49323867,98647734,98853947,206213
49323291,98646582,98852795,206213
49321063,98642126,98848336,206210
49320987,98641974,98848171,206197
49314951,98629902,98836091,206189
49314793,98629586,98835763,206177
49314239,98628478,98834647,206169
49309599,98619198,98825366,206168
49308687,98617374,98823539,206165
49306899,98613798,98819945,206147
49306399,98612798,98818937,206139
49305927,98611854,98817992,206138
49302719,98605438,98811575,206137
49300819,98601638,98807768,206130
49299689,98599378,98805503,206125
49297519,98595038,98801147,206109
49296011,98592022,98798129,206107
49295471,98590942,98797036,206094
49291751,98583502,98789596,206094
49290921,98581842,98787922,206080
49290409,98580818,98786893,206075
49290367,98580734,98786803,206069
49287975,98575950,98782018,206068
49285775,98571550,98777615,206065
49284187,98568374,98774419,206045
49283711,98567422,98773463,206041
49283071,98566142,98772179,206037
49280225,98560450,98766485,206035
49279727,98559454,98765486,206032
49278249,98556498,98762530,206032
49278035,98556070,98762089,206019
49276041,98552082,98758100,206018
49274319,98548638,98754646,206008
49274303,98548606,98754608,206002
49271123,98542246,98748247,206001
49271103,98542206,98748202,205996
49270399,98540798,98746784,205986
49269855,98539710,98745695,205985
49262235,98524470,98730428,205958
49261671,98523342,98729297,205955
49260201,98520402,98726348,205946
49259055,98518110,98724055,205945
49256687,98513374,98719318,205944
49254303,98508606,98714537,205931
49252803,98505606,98711533,205927
49251465,98502930,98708848,205918
49250287,98500574,98706490,205916
49249279,98498558,98704456,205898
49246987,98493974,98699872,205898
49243095,98486190,98692072,205882
49241595,98483190,98689060,205870
49237759,98475518,98681366,205848
49234031,98468062,98673910,205848
49233599,98467198,98673046,205848
49233039,98466078,98671916,205838
49231739,98463478,98669312,205834
49231287,98462574,98668408,205834
49230505,98461010,98666836,205826
49229737,98459474,98665294,205820
49228647,98457294,98663105,205811
49226779,98453558,98659367,205809
49224895,98449790,98655590,205800
49224815,98449630,98655428,205798
49223215,98446430,98652226,205796
49221479,98442958,98648746,205788
49218873,98437746,98643527,205781
49218023,98436046,98641817,205771
49216943,98433886,98639656,205770
49215713,98431426,98637190,205764
49214295,98428590,98634350,205760
49212543,98425086,98630830,205744
49210847,98421694,98627434,205740
49206687,98413374,98619095,205721
49203837,98407674,98613395,205721
49201789,98403578,98609288,205710
49200105,98400210,98605912,205702
49199643,98399286,98604980,205694
49198311,98396622,98602316,205694
49198271,98396542,98602231,205689
49197807,98395614,98601298,205684
49197127,98394254,98599937,205683
49195079,98390158,98595833,205675
49194431,98388862,98594531,205669
49191743,98383486,98589152,205666
49191239,98382478,98588134,205656
49189375,98378750,98584402,205652
49189359,98378718,98584370,205652
49187871,98375742,98581394,205652
49186937,98373874,98579524,205650
49186811,98373622,98579261,205639
49184767,98369534,98575168,205634
49183855,98367710,98573336,205626
49182719,98365438,98571062,205624
49181423,98362846,98568467,205621
49179899,98359798,98565416,205618
49179177,98358354,98563961,205607
49178623,98357246,98562847,205601
49174445,98348890,98554487,205597
49173119,98346238,98551822,205584
49172095,98344190,98549774,205584
49172015,98344030,98549612,205582
49171833,98343666,98549248,205582
49170503,98341006,98546584,205578
49167699,98335398,98540960,205562
49166427,98332854,98538407,205553
49165311,98330622,98536171,205549
49163623,98327246,98532791,205545
49162087,98324174,98529713,205539
49160359,98320718,98526253,205535
49159515,98319030,98524561,205531
49156961,98313922,98519453,205531
49156763,98313526,98519045,205519
49155711,98311422,98516932,205510
49152871,98305742,98511238,205496
49150975,98301950,98507438,205488
49150399,98300798,98506282,205484
49146535,98293070,98498551,205481
49143771,98287542,98493010,205468
49142287,98284574,98490040,205466
49142153,98284306,98489768,205462
49141919,98283838,98489290,205452
49141807,98283614,98489063,205449
49140669,98281338,98486786,205448
49138681,98277362,98482804,205442
49138175,98276350,98481784,205434
49137135,98274270,98479700,205430
49134079,98268158,98473576,205418
49132775,98265550,98470966,205416
49131489,98262978,98468389,205411
49131347,98262694,98468102,205408
49127743,98255486,98460883,205397
49124841,98249682,98455066,205384
49122239,98244478,98449850,205372
49119455,98238910,98444267,205357
49115879,98231758,98437103,205345
49114751,98229502,98434838,205336
49111551,98223102,98428426,205324
49108345,98216690,98422006,205316
49107227,98214454,98419768,205314
49105735,98211470,98416772,205302
49104111,98208222,98413514,205292
49103899,98207798,98413090,205292
49100959,98201918,98407210,205292
49099247,98198494,98403769,205275
49098579,98197158,98402431,205273
49097385,98194770,98400035,205265
49095919,98191838,98397098,205260
49094313,98188626,98393884,205258
49092831,98185662,98390909,205247
49090303,98180606,98385842,205236
49086707,98173414,98378639,205225
49086575,98173150,98378374,205224
49085743,98171486,98376701,205215
49081983,98163966,98369176,205210
49081215,98162430,98367628,205198
49081023,98162046,98367244,205198
49079763,98159526,98364724,205198
49078495,98156990,98362186,205196
49076445,98152890,98358085,205195
49074843,98149686,98354855,205169
49071867,98143734,98348903,205169
49071343,98142686,98347840,205154
49068105,98136210,98341352,205142
49066727,98133454,98338591,205137
49064861,98129722,98334857,205135
49064617,98129234,98334364,205130
49062391,98124782,98329901,205119
49058203,98116406,98321512,205106
49055739,98111478,98316575,205097
49054857,98109714,98314810,205096
49053979,98107958,98313043,205085
49051645,98103290,98308372,205082
49050863,98101726,98306795,205069
49047209,98094418,98299474,205056
49047039,98094078,98299132,205054
49043967,98087934,98292982,205048
49043547,98087094,98292136,205042
49041407,98082814,98287843,205029
49039273,98078546,98283568,205022
49038363,98076726,98281745,205019
49036255,98072510,98277527,205017
49033129,98066258,98271274,205016
49030215,98060430,98265415,204985
49029001,98058002,98262982,204980
49028073,98056146,98261126,204980
49027563,98055126,98260103,204977
49025791,98051582,98256557,204975
49025767,98051534,98256503,204969
49024103,98048206,98253166,204960
49023463,98046926,98251886,204960
49023079,98046158,98251112,204954
49022043,98044086,98249036,204950
49019359,98038718,98243668,204950
49016575,98033150,98238076,204926
49013897,98027794,98232713,204919
49012159,98024318,98229223,204905
49006729,98013458,98218352,204894
49004653,98009306,98214200,204894
49003759,98007518,98212396,204878
49003755,98007510,98212385,204875
49001755,98003510,98208380,204870
48999787,97999574,98204440,204866
48999783,97999566,98204426,204860
48999579,97999158,98204015,204857
48999271,97998542,98203394,204852
48998777,97997554,98202406,204852
48995495,97990990,98195834,204844
48994543,97989086,98193922,204836
48993511,97987022,98191858,204836
48991529,97983058,98187880,204822
48988495,97976990,98181811,204821
48987483,97974966,98179780,204814
48986719,97973438,98178247,204809
48982057,97964114,98168920,204806
48980823,97961646,98166431,204785
48980607,97961214,98165990,204776
48977663,97955326,98160088,204762
48973823,97947646,98152396,204750
48972583,97945166,98149913,204747
48970143,97940286,98145032,204746
48968815,97937630,98142358,204728
48967337,97934674,98139397,204723
48960889,97921778,98126480,204702
48960155,97920310,98125001,204691
48958791,97917582,98122270,204688
48957513,97915026,98119714,204688
48957307,97914614,98119300,204686
48955465,97910930,98115610,204680
48954151,97908302,98112970,204668
48950831,97901662,98106326,204664
48948463,97896926,98101582,204656
48944359,97888718,98093341,204623
48939387,97878774,98083396,204622
48938219,97876438,98081057,204619
48938095,97876190,98080792,204602
48936607,97873214,98077810,204596
48934983,97869966,98074550,204584
48934911,97869822,98074405,204583
48929959,97859918,98064488,204570
48928359,97856718,98061280,204562
48927337,97854674,98059234,204560
48927211,97854422,98058977,204555
48922603,97845206,98049746,204540
48922047,97844094,98048627,204533
48919977,97839954,98044486,204532
48919273,97838546,98043074,204528
48918975,97837950,98042476,204526
48916251,97832502,98037011,204509
48914127,97828254,98032754,204500
48911227,97822454,98026942,204488
48909991,97819982,98024470,204488
48909615,97819230,98023711,204481
48908135,97816270,98020748,204478
48907903,97815806,98020276,204470
48906215,97812430,98016895,204465
48901439,97802878,98007322,204444
48897673,97795346,97999787,204441
48894291,97788582,97993000,204418
48890911,97781822,97986223,204401
48889703,97779406,97983799,204393
48887247,97774494,97978880,204386
48884415,97768830,97973212,204382
48882951,97765902,97970282,204380
48881761,97763522,97967888,204366
48879643,97759286,97963643,204357
48879055,97758110,97962466,204356
48879007,97758014,97962370,204356
48878247,97756494,97960843,204349
48877567,97755134,97959482,204348
48875575,97751150,97955494,204344
48874175,97748350,97952686,204336
48873451,97746902,97951234,204332
48871535,97743070,97947389,204319
48871167,97742334,97946650,204316
48867099,97734198,97938508,204310
48864383,97728766,97933055,204289
48862975,97725950,97930235,204285
48860263,97720526,97924801,204275
48860095,97720190,97924463,204273
48859243,97718486,97922756,204270
48857791,97715582,97919842,204260
48853161,97706322,97910572,204250
48850559,97701118,97905350,204232
48850239,97700478,97904710,204232
48848543,97697086,97901311,204225
48845851,97691702,97895924,204222
48844447,97688894,97893103,204209
48844015,97688030,97892233,204203
48840703,97681406,97885594,204188
48838729,97677458,97881646,204188
48836455,97672910,97877089,204179
48836255,97672510,97876687,204177
48833791,97667582,97871759,204177
48832851,97665702,97869863,204161
48831231,97662462,97866611,204149
48828095,97656190,97860329,204139
48826745,97653490,97857623,204133
48826607,97653214,97857344,204130
48823229,97646458,97850587,204129
48821003,97642006,97846127,204121
48818249,97636498,97840604,204106
48817289,97634578,97838680,204102
48816935,97633870,97837972,204102
48816809,97633618,97837708,204090
48814639,97629278,97833365,204087
48812239,97624478,97828561,204083
48810889,97621778,97825858,204080
48810473,97620946,97825016,204070
48809897,97619794,97823857,204063
48808495,97616990,97821053,204063
48807807,97615614,97819670,204056
48807039,97614078,97818128,204050
48803611,97607222,97811260,204038
48802943,97605886,97809923,204037
48801407,97602814,97806850,204036
48799439,97598878,97802908,204030
48796399,97592798,97796824,204026
48793897,97587794,97791814,204020
48793775,97587550,97791569,204019
48792969,97585938,97789948,204010
48791599,97583198,97787195,203997
48790783,97581566,97785556,203990
48789417,97578834,97782821,203987
48787167,97574334,97778320,203986
48786203,97572406,97776376,203970
48785919,97571838,97775800,203962
48784711,97569422,97773380,203958
48780647,97561294,97765238,203944
48779759,97559518,97763453,203935
48775561,97551122,97755052,203930
48774395,97548790,97752712,203922
48774143,97548286,97752203,203917
48771567,97543134,97747040,203906
48771071,97542142,97746046,203904
48770331,97540662,97744562,203900
48768467,97536934,97740832,203898
48767865,97535730,97739627,203897
48767327,97534654,97738549,203895
48766079,97532158,97736053,203895
48765439,97530878,97734760,203882
48765255,97530510,97734388,203878
48760895,97521790,97725649,203859
48757947,97515894,97719743,203849
48753575,97507150,97710988,203838
48751583,97503166,97706989,203823
48750191,97500382,97704199,203817
48750063,97500126,97703939,203813
48748313,97496626,97700438,203812
48744475,97488950,97692749,203799
48744219,97488438,97692230,203792
48742447,97484894,97688677,203783
48740351,97480702,97684481,203779
48736937,97473874,97677632,203758
48734367,97468734,97672483,203749
48730011,97460022,97663769,203747
48729599,97459198,97662928,203730
48728423,97456846,97660576,203730
48728233,97456466,97660192,203726
48724797,97449594,97653310,203716
48724345,97448690,97652395,203705
48723391,97446782,97650481,203699
48722473,97444946,97648645,203699
48722143,97444286,97647983,203697
48720635,97441270,97644964,203694
48719943,97439886,97643576,203690
48718579,97437158,97640846,203688
48716575,97433150,97636832,203682
48716027,97432054,97635730,203676
48715471,97430942,97634614,203672
48713499,97426998,97630658,203660
48711551,97423102,97626760,203658
48709223,97418446,97622098,203652
48707239,97414478,97618120,203642
48706281,97412562,97616191,203629
48705695,97411390,97615016,203626
48704603,97409206,97612832,203626
48704287,97408574,97612195,203621
48699005,97398010,97601618,203608
48696733,97393466,97597061,203595
48695167,97390334,97593923,203589
48694255,97388510,97592096,203586
48692905,97385810,97589393,203583
48691369,97382738,97586308,203570
48689975,97379950,97583518,203568
48688211,97376422,97579978,203556
48685793,97371586,97575136,203550
48683487,97366974,97570516,203542
48679443,97358886,97562423,203537
48678379,97356758,97560286,203528
48676791,97353582,97557098,203516
48675591,97351182,97554698,203516
48672603,97345206,97548700,203494
48670143,97340286,97543760,203474
48668831,97337662,97541132,203470
48665307,97330614,97534084,203470
48663689,97327378,97530844,203466
48662223,97324446,97527908,203462
48661951,97323902,97527352,203450
48661735,97323470,97526920,203450
48661531,97323062,97526504,203442
48661287,97322574,97526015,203441
48659113,97318226,97521656,203430
48657439,97314878,97518305,203427
48655207,97310414,97513834,203420
48654847,97309694,97513109,203415
48651433,97302866,97506271,203405
48648671,97297342,97500733,203391
48644511,97289022,97492408,203386
48644065,97288130,97491514,203384
48643583,97287166,97490531,203365
48641535,97283070,97486432,203362
48639999,97279998,97483348,203350
48637567,97275134,97478477,203343
48637375,97274750,97478093,203343
48632575,97265150,97468486,203336
48631977,97263954,97467290,203336
48629727,97259454,97462765,203311
48628763,97257526,97460833,203307
48627803,97255606,97458911,203305
48627303,97254606,97457908,203302
48625529,97251058,97454357,203299
48622207,97244414,97447693,203279
48621183,97242366,97445641,203275
48617191,97234382,97437644,203262
48616937,97233874,97437136,203262
48613291,97226582,97429828,203246
48612199,97224398,97427636,203238
48610281,97220562,97423793,203231
48607659,97215318,97418548,203230
48606767,97213534,97416749,203215
48606055,97212110,97415320,203210
48602879,97205758,97408952,203194
48599179,97198358,97401550,203192
48594601,97189202,97392374,203172
48593119,97186238,97389404,203166
48593005,97186010,97389173,203163
48590087,97180174,97383323,203149
48588863,97177726,97380869,203143
48587117,97174234,97377376,203142
48586521,97173042,97376182,203140
48585207,97170414,97373539,203125
48581895,97163790,97366912,203122
48580225,97160450,97363556,203106
48579739,97159478,97362584,203106
48578207,97156414,97359515,203101
48577695,97155390,97358483,203093
48577673,97155346,97358438,203092
48576425,97152850,97355938,203088
48575167,97150334,97353418,203084
48572029,97144058,97347136,203078
48569583,97139166,97342226,203060
48566431,97132862,97335916,203054
48565225,97130450,97333490,203040
48562203,97124406,97327433,203027
48560255,97120510,97323532,203022
48557267,97114534,97317548,203014
48556599,97113198,97316206,203008
48554857,97109714,97312718,203004
48554209,97108418,97311419,203001
48553471,97106942,97309934,202992
48551791,97103582,97306568,202986
48550759,97101518,97304500,202982
48549545,97099090,97302068,202978
48545903,97091806,97294769,202963
48544223,97088446,97291408,202962
48543497,97086994,97289947,202953
48542811,97085622,97288570,202948
48538471,97076942,97279882,202940
48537511,97075022,97277950,202928
48537339,97074678,97277606,202928
48535741,97071482,97274410,202928
48534395,97068790,97271705,202915
48533993,97067986,97270900,202914
48532281,97064562,97267468,202906
48529407,97058814,97261702,202888
48528831,97057662,97260550,202888
48526647,97053294,97256176,202882
48524775,97049550,97252427,202877
48524415,97048830,97251698,202868
48523375,97046750,97249612,202862
48521209,97042418,97245274,202856
48519963,97039926,97242776,202850
48517375,97034750,97237597,202847
48516975,97033950,97236794,202844
48514463,97028926,97231765,202839
48513323,97026646,97229474,202828
48513055,97026110,97228930,202820
48510175,97020350,97223165,202815
48509305,97018610,97221424,202814
48507785,97015570,97218368,202798
48506727,97013454,97216247,202793
48504319,97008638,97211423,202785
48501895,97003790,97206571,202781
48501223,97002446,97205219,202773
48499873,96999746,97202518,202772
48499867,96999734,97202504,202770
48496159,96992318,97195069,202751
48494239,96988478,97191218,202740
48492201,96984402,97187141,202739
48491839,96983678,97186409,202731
48488427,96976854,97179578,202724
48487079,96974158,97176874,202716
48484535,96969070,97171778,202708
48482815,96965630,97168331,202701
48480751,96961502,97164197,202695
48480255,96960510,97163192,202682
48476157,96952314,97154984,202670
48475455,96950910,97153580,202670
48474793,96949586,97152247,202661
48470611,96941222,97143875,202653
48469787,96939574,97142218,202644
48468647,96937294,97139930,202636
48466655,96933310,97135946,202636
48463295,96926590,97129201,202611
48461567,96923134,97125737,202603
48458879,96917758,97120352,202594
48455791,96911582,97114162,202580
48452321,96904642,97107212,202570
48449371,96898742,97101296,202554
48444159,96888318,97090852,202534
48443503,96887006,97089536,202530
48439463,96878926,97081438,202512
48437695,96875390,97077895,202505
48436839,96873678,97076182,202504
48432823,96865646,97068142,202496
48432111,96864222,97066714,202492
48432087,96864174,97066660,202486
48430247,96860494,97062974,202480
48428271,96856542,97059007,202465
48426239,96852478,97054937,202459
48425119,96850238,97052692,202454
48424359,96848718,97051169,202451
48420443,96840886,97043324,202438
48418431,96836862,97039286,202424
48415609,96831218,97033639,202421
48414659,96829318,97031738,202420
48412763,96825526,97027928,202402
48410535,96821070,97023466,202396
48409759,96819518,97021912,202394
48405887,96811774,97014166,202392
48404335,96808670,97011049,202379
48403547,96807094,97009468,202374
48401563,96803126,97005490,202364
48400079,96800158,97002515,202357
48398761,96797522,96999869,202347
48397961,96795922,96998267,202345
48395935,96791870,96994208,202338
48393375,96786750,96989071,202321
48391453,96782906,96985226,202320
48390939,96781878,96984196,202318
48390887,96781774,96984091,202317
48388559,96777118,96979423,202305
48386815,96773630,96975934,202304
48385363,96770726,96973024,202298
48385327,96770654,96972947,202293
48384967,96769934,96972227,202293
48384479,96768958,96971246,202288
48383615,96767230,96969511,202281
48379219,96758438,96960706,202268
48376935,96753870,96956131,202261
48375275,96750550,96952798,202248
48373407,96746814,96949052,202238
48370553,96741106,96943336,202230
48370287,96740574,96942802,202228
48368937,96737874,96940097,202223
48367707,96735414,96937636,202222
48366927,96733854,96936074,202220
48366505,96733010,96935221,202211
48364735,96729470,96931672,202202
48363745,96727490,96929687,202197
48361319,96722638,96924833,202195
48360223,96720446,96922636,202190
48359471,96718942,96921127,202185
48356383,96712766,96914933,202167
48353279,96706558,96908714,202156
48352255,96704510,96906665,202155
48350463,96700926,96903070,202144
48349951,96699902,96902045,202143
48349409,96698818,96900958,202140
48349031,96698062,96900196,202134
48348351,96696702,96898835,202133
48346351,96692702,96894832,202130
48343131,96686262,96888392,202130
48343037,96686074,96888202,202128
48340223,96680446,96882568,202122
48337787,96675574,96877664,202090
48335359,96670718,96872800,202082
48333919,96667838,96869915,202077
48332343,96664686,96866759,202073
48332191,96664382,96866455,202073
48331913,96663826,96865895,202069
48331657,96663314,96865379,202065
48330143,96660286,96862351,202065
48329967,96659934,96861994,202060
48327783,96655566,96857620,202054
48326975,96653950,96856003,202053
48326747,96653494,96855547,202053
48324577,96649154,96851204,202050
48324255,96648510,96850543,202033
48322559,96645118,96847141,202023
48318703,96637406,96839428,202022
48318079,96636158,96838166,202008
48317161,96634322,96836327,202005
48316415,96632830,96834827,201997
48312839,96625678,96827674,201996
48312167,96624334,96826318,201984
48311143,96622286,96824270,201984
48310363,96620726,96822710,201984
48308735,96617470,96819442,201972
48307881,96615762,96817724,201962
48302457,96604914,96806857,201943
48298311,96596622,96798562,201940
48296073,96592146,96794068,201922
48295963,96591926,96793846,201920
48292343,96584686,96786596,201910
48289151,96578302,96780190,201888
48286023,96572046,96773930,201884
48283967,96567934,96769799,201865
48283239,96566478,96768341,201863
48278991,96557982,96759844,201862
48276959,96553918,96755776,201858
48275647,96551294,96753133,201839
48275359,96550718,96752555,201837
48274159,96548318,96750148,201830
48274075,96548150,96749974,201824
48270023,96540046,96741866,201820
48269371,96538742,96740558,201816
48267641,96535282,96737084,201802
48267007,96534014,96735809,201795
48265535,96531070,96732863,201793
48263165,96526330,96728120,201790
48262735,96525470,96727259,201789
48262407,96524814,96726595,201781
48257647,96515294,96717068,201774
48256359,96512718,96714472,201754
48255199,96510398,96712150,201752
48253609,96507218,96708958,201740
48252797,96505594,96707333,201739
48252351,96504702,96706438,201736
48250153,96500306,96702034,201728
48249499,96498998,96700726,201728
48249057,96498114,96699833,201719
48246011,96492022,96693730,201708
48244159,96488318,96690014,201696
48241775,96483550,96685244,201694
48240815,96481630,96683321,201691
48237049,96474098,96675788,201690
48235497,96470994,96672670,201676
48234331,96468662,96670336,201674
48234111,96468222,96669895,201673
48232841,96465682,96667343,201661
48232673,96465346,96667000,201654
48232555,96465110,96666761,201651
48229999,96459998,96661642,201644
48226863,96453726,96655354,201628
48225257,96450514,96652132,201618
48223975,96447950,96649561,201611
48222703,96445406,96647011,201605
48220215,96440430,96642028,201598
48217883,96435766,96637364,201598
48216959,96433918,96635500,201582
48215711,96431422,96633002,201580
48213769,96427538,96629116,201578
48208363,96416726,96618298,201572
48208061,96416122,96617690,201568
48207401,96414802,96616354,201552
48206505,96413010,96614552,201542
48202619,96405238,96606767,201529
48198455,96396910,96598439,201529
48197627,96395254,96596783,201529
48197615,96395230,96596752,201522
48196859,96393718,96595234,201516
48196361,96392722,96594232,201510
48196315,96392630,96594136,201506
48196075,96392150,96593656,201506
48194857,96389714,96591220,201506
48194279,96388558,96590050,201492
48191343,96382686,96584161,201475
48187839,96375678,96577139,201461
48187305,96374610,96576070,201460
48185455,96370910,96572362,201452
48185087,96370174,96571621,201447
48182497,96364994,96566437,201443
48182409,96364818,96566260,201442
48182363,96364726,96566168,201442
48180991,96361982,96563414,201432
48179647,96359294,96560720,201426
48178143,96356286,96557710,201424
48176895,96353790,96555208,201418
48172883,96345766,96547180,201414
48171385,96342770,96544162,201392
48169663,96339326,96540716,201390
48165991,96331982,96533351,201369
48165919,96331838,96533206,201368
48161863,96323726,96525091,201365
48160047,96320094,96521440,201346
48158889,96317778,96519124,201346
48157563,96315126,96516461,201335
48154537,96309074,96510400,201326
48153631,96307262,96508583,201321
48151743,96303486,96504797,201311
48149225,96298450,96499751,201301
48144155,96288310,96489589,201279
48142079,96284158,96485432,201274
48139931,96279862,96481132,201270
48139319,96278638,96479903,201265
48139111,96278222,96479483,201261
48138409,96276818,96478073,201255
48137063,96274126,96475379,201253
48136895,96273790,96475036,201246
48131431,96262862,96464090,201228
48129895,96259790,96461018,201228
48128937,96257874,96459100,201226
48128751,96257502,96458722,201220
48128027,96256054,96457274,201220
48124655,96249310,96450514,201204
48123901,96247802,96449006,201204
48123369,96246738,96447940,201202
48121447,96242894,96444088,201194
48119297,96238594,96439786,201192
48118951,96237902,96439090,201188
48118143,96236286,96437470,201184
48115871,96231742,96432910,201168
48111777,96223554,96424705,201151
48110015,96220030,96421175,201145
48109823,96219646,96420790,201144
48107885,96215770,96416914,201144
48107163,96214326,96415468,201142
48106873,96213746,96414887,201141
48106591,96213182,96414310,201128
48105319,96210638,96411760,201122
48104609,96209218,96410336,201118
48102783,96205566,96406676,201110
48101999,96203998,96405106,201108
48101871,96203742,96404843,201101
48098175,96196350,96397442,201092
48097327,96194654,96395746,201092
48095913,96191826,96392906,201080
48093863,96187726,96388796,201070
48092727,96185454,96386522,201068
48092575,96185150,96386213,201063
48089567,96179134,96380194,201060
48087087,96174174,96375215,201041
48087039,96174078,96375116,201038
48083447,96166894,96367931,201037
48082903,96165806,96366838,201032
48082171,96164342,96365374,201032
48079903,96159806,96360820,201014
48077791,96155582,96356590,201008
48077595,96155190,96356188,200998
48075913,96151826,96352823,200997
48073447,96146894,96347878,200984
48072127,96144254,96345233,200979
48071527,96143054,96344032,200978
48071147,96142294,96343271,200977
48070313,96140626,96341596,200970
48069079,96138158,96339127,200969
48068315,96136630,96337598,200968
48066735,96133470,96334436,200966
48066559,96133118,96334073,200955
48062555,96125110,96326047,200937
48060271,96120542,96321473,200931
48056383,96112766,96313696,200930
48053663,96107326,96308248,200922
48053611,96107222,96308135,200913
48052975,96105950,96306853,200903
48052223,96104446,96305345,200899
48049343,96098686,96299579,200893
48049063,96098126,96299012,200886
48047663,96095326,96296206,200880
48044343,96088686,96289555,200869
48043567,96087134,96287996,200862
48041609,96083218,96284074,200856
48040313,96080626,96281473,200847
48037915,96075830,96276664,200834
48033833,96067666,96268499,200833
48033115,96066230,96267055,200825
48032463,96064926,96265745,200819
48031913,96063826,96264638,200812
48029391,96058782,96259589,200807
48028537,96057074,96257879,200805
48028285,96056570,96257371,200801
48027739,96055478,96256271,200793
48025823,96051646,96252434,200788
48021687,96043374,96244147,200773
48021671,96043342,96244108,200766
48020477,96040954,96241720,200766
48017151,96034302,96235057,200755
48014183,96028366,96229114,200748
48012841,96025682,96226417,200735
48012265,96024530,96225257,200727
48010567,96021134,96221855,200721
48007963,96015926,96216646,200720
48006009,96012018,96212735,200717
48004883,96009766,96210479,200713
48004509,96009018,96209722,200704
48004263,96008526,96209230,200704
48004095,96008190,96208888,200698
47999131,95998262,96198947,200685
47998847,95997694,96198370,200676
47996351,95992702,96193372,200670
47994971,95989942,96190600,200658
47994599,95989198,96189856,200658
47994095,95988190,96188848,200658
47989531,95979062,96179704,200642
47989071,95978142,96178778,200636
47988847,95977694,96178322,200628
47985697,95971394,96172019,200625
47983295,95966590,96167209,200619
47982593,95965186,96165802,200616
47981879,95963758,96164374,200616
47981439,95962878,96163487,200609
47979931,95959862,96160462,200600
47979775,95959550,96160148,200598
47978603,95957206,96157804,200598
47973447,95946894,96147485,200591
47973417,95946834,96147415,200581
47972123,95944246,96144812,200566
47969833,95939666,96140216,200550
47967315,95934630,96135172,200542
47964719,95929438,96129971,200533
47964399,95928798,96129328,200530
47958495,95916990,96117514,200524
47956735,95913470,96113972,200502
47954079,95908158,96108658,200500
47953209,95906418,96106912,200494
47952571,95905142,96105631,200489
47952359,95904718,96105202,200484
47951913,95903826,96104303,200477
47951415,95902830,96103307,200477
47950951,95901902,96102376,200474
47945697,95891394,96091864,200470
47945377,95890754,96091222,200468
47944841,95889682,96090137,200455
47942653,95885306,96085754,200448
47942427,95884854,96085291,200437
47941769,95883538,96083972,200434
47941055,95882110,96082540,200430
47938559,95877118,96077542,200424
47936751,95873502,96073912,200410
47935771,95871542,96071951,200409
47935259,95870518,96070925,200407
47933759,95867518,96067924,200406
47932585,95865170,96065570,200400
47929671,95859342,96059734,200392
47928745,95857490,96057877,200387
47925395,95850790,96051172,200382
47925295,95850590,96050968,200378
47924361,95848722,96049084,200362
47922687,95845374,96045736,200362
47922313,95844626,96044980,200354
47922287,95844574,96044926,200352
47920695,95841390,96041735,200345
47918171,95836342,96036683,200341
47917331,95834662,96034997,200335
47916201,95832402,96032735,200333
47913927,95827854,96028186,200332
47912175,95824350,96024670,200320
47909343,95818686,96019006,200320
47908975,95817950,96018250,200300
47908635,95817270,96017570,200300
47908319,95816638,96016934,200296
47907099,95814198,96014494,200296
47906523,95813046,96013336,200290
47905639,95811278,96011566,200288
47902955,95805910,96006188,200278
47902491,95804982,96005251,200269
47900855,95801710,96001976,200266
47896951,95793902,95994158,200256
47895423,95790846,95991088,200242
47894559,95789118,95989355,200237
47893919,95787838,95988071,200233
47892393,95784786,95985016,200230
47890431,95780862,95981092,200230
47889407,95778814,95979032,200218
47888999,95777998,95978213,200215
47888383,95776766,95976980,200214
47887497,95774994,95975200,200206
47883855,95767710,95967914,200204
47882943,95765886,95966086,200200
47882921,95765842,95966039,200197
47881491,95762982,95963167,200185
47879963,95759926,95960099,200173
47877801,95755602,95955769,200167
47875327,95750654,95950808,200154
47870655,95741310,95941448,200138
47867535,95735070,95935198,200128
47865391,95730782,95930896,200114
47864603,95729206,95929315,200109
47861385,95722770,95922874,200104
47860551,95721102,95921206,200104
47859667,95719334,95919434,200100
47859247,95718494,95918593,200099
47858927,95717854,95917945,200091
47857947,95715894,95915981,200087
47849885,95699770,95899825,200055
47849129,95698258,95898305,200047
47848175,95696350,95896396,200046
47847167,95694334,95894372,200038
47845051,95690102,95890138,200036
47844223,95688446,95888474,200028
47841563,95683126,95883142,200016
47840097,95680194,95880208,200014
47839975,95679950,95879963,200013
47838761,95677522,95877523,200001
47837671,95675342,95875343,200001
47836623,95673246,95873239,199993
47834753,95669506,95869496,199990
47831945,95663890,95863879,199989
47830631,95661262,95861234,199972
47829343,95658686,95858654,199968
47828415,95656830,95856787,199957
47827007,95654014,95853968,199954
47825193,95650386,95850337,199951
47822619,95645238,95845177,199939
47820759,95641518,95841454,199936
47820543,95641086,95841016,199930
47818217,95636434,95836355,199921
47816937,95633874,95833790,199916
47816815,95633630,95833543,199913
47814887,95629774,95829686,199912
47812251,95624502,95824397,199895
47811687,95623374,95823265,199891
47811611,95623222,95823112,199890
47808795,95617590,95817472,199882
47807969,95615938,95815819,199881
47805183,95610366,95810228,199862
47803931,95607862,95807722,199860
47800767,95601534,95801380,199846
47799323,95598646,95798485,199839
47798363,95596726,95796559,199833
47797487,95594974,95794802,199828
47796127,95592254,95792078,199824
47794171,95588342,95788163,199821
47793947,95587894,95787710,199816
47791871,95583742,95783546,199804
47791615,95583230,95783033,199803
47788383,95576766,95776562,199796
47787567,95575134,95774924,199790
47787035,95574070,95773855,199785
47784679,95569358,95769137,199779
47782683,95565366,95765132,199766
47781631,95563262,95763028,199766
47780007,95560014,95759780,199766
47779311,95558622,95758378,199756
47777051,95554102,95753846,199744
47774633,95549266,95749006,199740
47771177,95542354,95742076,199722
47767527,95535054,95734766,199712
47766411,95532822,95732525,199703
47766223,95532446,95732144,199698
47764123,95528246,95727940,199694
47760623,95521246,95720924,199678
47758511,95517022,95716690,199668
47758333,95516666,95716334,199668
47757167,95514334,95714000,199666
47755913,95511826,95711485,199659
47750369,95500738,95700382,199644
47750271,95500542,95700184,199642
47748423,95496846,95696471,199625
47748123,95496246,95695868,199622
47745401,95490802,95690423,199621
47743721,95487442,95687050,199608
47743487,95486974,95686579,199605
47742747,95485494,95685094,199600
47740187,95480374,95679967,199593
47738495,95476990,95676572,199582
47736815,95473630,95673208,199578
47735535,95471070,95670640,199570
47731527,95463054,95662624,199570
47731167,95462334,95661887,199553
47729819,95459638,95659184,199546
47726591,95453182,95652718,199536
47724863,95449726,95649260,199534
47723933,95447866,95647394,199528
47723497,95446994,95646521,199527
47720063,95440126,95639630,199504
47713487,95426974,95626462,199488
47713051,95426102,95625587,199485
47710391,95420782,95620252,199470
47709311,95418622,95618089,199467
47709025,95418050,95617513,199463
47705831,95411662,95611124,199462
47705151,95410302,95609753,199451
47702653,95405306,95604742,199436
47700127,95400254,95599678,199424
47696041,95392082,95591501,199419
47695805,95391610,95591029,199419
47695607,95391214,95590624,199410
47694695,95389390,95588800,199410
47692271,95384542,95583932,199390
47691623,95383246,95582632,199386
47688059,95376118,95575502,199384
47686503,95373006,95572372,199366
47683753,95367506,95566859,199353
47680267,95360534,95559884,199350
47678943,95357886,95557229,199343
47677931,95355862,95555194,199332
47676793,95353586,95552915,199329
47675819,95351638,95550965,199327
47674875,95349750,95549074,199324
47674783,95349566,95548880,199314
47673897,95347794,95547106,199312
47670911,95341822,95541122,199300
47670119,95340238,95539537,199299
47667455,95334910,95534198,199288
47665663,95331326,95530610,199284
47664289,95328578,95527856,199278
47662799,95325598,95524870,199272
47660063,95320126,95519392,199266
47657705,95315410,95514659,199249
47655545,95311090,95510339,199249
47655465,95310930,95510171,199241
47655359,95310718,95509954,199236
47654911,95309822,95509054,199232
47652217,95304434,95503661,199227
47651647,95303294,95502520,199226
47650345,95300690,95499911,199221
47645049,95290098,95489306,199208
47644955,95289910,95489117,199207
47644537,95289074,95488273,199199
47643641,95287282,95486474,199192
47642239,95284478,95483657,199179
47637371,95274742,95473907,199165
47636649,95273298,95472463,199165
47636475,95272950,95472112,199162
47634287,95268574,95467732,199158
47633065,95266130,95465287,199157
47632703,95265406,95464552,199146
47632383,95264766,95463904,199138
47630375,95260750,95459885,199135
47628511,95257022,95456150,199128
47628135,95256270,95455397,199127
47627947,95255894,95455018,199124
47627499,95254998,95454119,199121
47625775,95251550,95450663,199113
47622185,95244370,95443472,199102
47622143,95244286,95443379,199093
47618015,95236030,95435116,199086
47617263,95234526,95433608,199082
47616479,95232958,95432033,199075
47615913,95231826,95430899,199073
47613211,95226422,95425492,199070
47611807,95223614,95422684,199070
47611017,95222034,95421083,199049
47609599,95219198,95418242,199044
47607655,95215310,95414354,199044
47607551,95215102,95414138,199036
47606035,95212070,95411105,199035
47603879,95207758,95406779,199021
47600283,95200566,95399576,199010
47599471,95198942,95397946,199004
47597023,95194046,95393045,198999
47595855,95191710,95390698,198988
47593831,95187662,95386643,198981
47593711,95187422,95386400,198978
47592061,95184122,95383097,198975
47590655,95181310,95380280,198970
47590639,95181278,95380244,198966
47588635,95177270,95376232,198962
47586799,95173598,95372558,198960
47585449,95170898,95369842,198944
47583727,95167454,95366393,198939
47582959,95165918,95364854,198936
47580751,95161502,95360435,198933
47579703,95159406,95358334,198928
47578879,95157758,95356678,198920
47578559,95157118,95356037,198919
47578239,95156478,95355394,198916
47578111,95156222,95355134,198912
47577583,95155166,95354074,198908
47574655,95149310,95348212,198902
47572415,95144830,95343730,198900
47571447,95142894,95341780,198886
47571169,95142338,95341223,198885
47570459,95140918,95339797,198879
47567975,95135950,95334823,198873
47566313,95132626,95331497,198871
47564255,95128510,95327371,198861
47563753,95127506,95326358,198852
47560019,95120038,95318882,198844
47559495,95118990,95317834,198844
47558455,95116910,95315747,198837
47558143,95116286,95315114,198828
47556137,95112274,95311097,198823
47553535,95107070,95305882,198812
47548903,95097806,95296610,198804
47546285,95092570,95291368,198798
47545791,95091582,95290358,198776
47542207,95084414,95283182,198768
47540327,95080654,95279419,198765
47539759,95079518,95278274,198756
47538319,95076638,95275390,198752
47537289,95074578,95273324,198746
47536219,95072438,95271179,198741
47535231,95070462,95269193,198731
47532271,95064542,95263270,198728
47529127,95058254,95256971,198717
47528955,95057910,95256620,198710
47527849,95055698,95254406,198708
47525315,95050630,95249338,198708
47524489,95048978,95247676,198698
47524007,95048014,95246705,198691
47523687,95047374,95246062,198688
47519287,95038574,95237260,198686
47519273,95038546,95237221,198675
47516767,95033534,95232194,198660
47515975,95031950,95230606,198656
47514811,95029622,95228278,198656
47513087,95026174,95224817,198643
47510107,95020214,95218841,198627
47508095,95016190,95214808,198618
47506315,95012630,95211247,198617
47504135,95008270,95206877,198607
47502457,95004914,95203516,198602
47499775,94999550,95198132,198582
47497383,94994766,95193346,198580
47497215,94994430,95193002,198572
47495393,94990786,95189357,198571
47494313,94988626,95187188,198562
47491145,94982290,95180845,198555
47487871,94975742,95174296,198554
47486831,94973662,95172193,198531
47485999,94971998,95170526,198528
47483113,94966226,95164753,198527
47480943,94961886,95160392,198506
47478439,94956878,95155384,198506
47477999,94955998,95154491,198493
47474799,94949598,95148088,198490
47473119,94946238,95144722,198484
47473091,94946182,95144662,198480
47471783,94943566,95142038,198472
47469225,94938450,95136910,198460
47465087,94930174,95128612,198438
47462017,94924034,95122469,198435
47461097,94922194,95120626,198432
47461019,94922038,95120459,198421
47457791,94915582,95113997,198415
47457599,94915198,95113612,198414
47457215,94914430,95112841,198411
47452571,94905142,95103548,198406
47451567,94903134,95101523,198389
47447453,94894906,95093284,198378
47444571,94889142,95087500,198358
47443227,94886454,95084803,198349
47440927,94881854,95080193,198339
47440351,94880702,95079040,198338
47438571,94877142,95075477,198335
47430653,94861306,95059604,198298
47429311,94858622,95056913,198291
47427497,94854994,95053282,198288
47426163,94852326,95050612,198286
47425947,94851894,95050172,198278
47425647,94851294,95049568,198274
47423007,94846014,95044283,198269
47422171,94844342,95042605,198263
47420743,94841486,95039741,198255
47418123,94836246,95034496,198250
47415951,94831902,95030138,198236
47414011,94828022,95026252,198230
47410943,94821886,95020108,198222
47409215,94818430,95016644,198214
47407097,94814194,95012393,198199
47406495,94812990,95011184,198194
47405307,94810614,95008805,198191
47403247,94806494,95004677,198183
47401299,94802598,95000774,198176
47400275,94800550,94998724,198174
47399915,94799830,94998001,198171
47396457,94792914,94991075,198161
47396071,94792142,94990300,198158
47394985,94789970,94988123,198153
47394729,94789458,94987603,198145
47390633,94781266,94979405,198139
47389567,94779134,94977257,198123
47385883,94771766,94969883,198117
47383195,94766390,94964491,198101
47381881,94763762,94961861,198099
47379199,94758398,94956482,198084
47377919,94755838,94953922,198084
47375999,94751998,94950070,198072
47374335,94748670,94946740,198070
47373879,94747758,94945826,198068
47373065,94746130,94944190,198060
47371703,94743406,94941461,198055
47371679,94743358,94941409,198051
47370015,94740030,94938080,198050
47368635,94737270,94935316,198046
47366291,94732582,94930622,198040
47361079,94722158,94920169,198011
47360681,94721362,94919366,198004
47359647,94719294,94917298,198004
47358695,94717390,94915390,198000
47356581,94713162,94911158,197996
47354335,94708670,94906648,197978
47352699,94705398,94903373,197975
47348923,94697846,94895803,197957
47348089,94696178,94894132,197954
47345487,94690974,94888925,197951
47345199,94690398,94888340,197942
47342055,94684110,94882048,197938
47341511,94683022,94880956,197934
47339679,94679358,94877278,197920
47337407,94674814,94872721,197907
47336447,94672894,94870798,197904
47336425,94672850,94870754,197904
47333431,94666862,94864753,197891
47332863,94665726,94863616,197890
47331323,94662646,94860533,197887
47331193,94662386,94860271,197885
47328339,94656678,94854562,197884
47328047,94656094,94853972,197878
47326799,94653598,94851472,197874
47326151,94652302,94850176,197874
47325927,94651854,94849712,197858
47322729,94645458,94843307,197849
47321119,94642238,94840078,197840
47319707,94639414,94837252,197838
47317899,94635798,94833634,197836
47317863,94635726,94833556,197830
47316991,94633982,94831799,197817
47314249,94628498,94826314,197816
47313399,94626798,94824610,197812
47312335,94624670,94822474,197804
47311903,94623806,94821604,197798
47306347,94612694,94810480,197786
47306287,94612574,94810354,197780
47303943,94607886,94805660,197774
47303551,94607102,94804868,197766
47300719,94601438,94799189,197751
47299069,94598138,94795888,197750
47296239,94592478,94790224,197746
47293321,94586642,94784366,197724
47292263,94584526,94782241,197715
47291945,94583890,94781605,197715
47285743,94571486,94769189,197703
47285625,94571250,94768946,197696
47283005,94566010,94763699,197689
47281959,94563918,94761602,197684
47281705,94563410,94761083,197673
47280379,94560758,94758427,197669
47280063,94560126,94757795,197669
47277225,94554450,94752109,197659
47275035,94550070,94747718,197648
47272007,94544014,94741654,197640
47271137,94542274,94739911,197637
47270569,94541138,94738768,197630
47268223,94536446,94734074,197628
47266271,94532542,94730168,197626
47266013,94532026,94729643,197617
47264895,94529790,94727393,197603
47259627,94519254,94716844,197590
47259391,94518782,94716364,197582
47257191,94514382,94711961,197579
47253417,94506834,94704394,197560
47252617,94505234,94702790,197556
47246699,94493398,94690943,197545
47246687,94493374,94690916,197542
47245415,94490830,94688365,197535
47243407,94486814,94684337,197523
47242239,94484478,94681997,197519
47241935,94483870,94681381,197511
47234697,94469394,94666894,197500
47233903,94467806,94665298,197492
47232423,94464846,94662322,197476
47231727,94463454,94660918,197464
47230975,94461950,94659412,197462
47229647,94459294,94656755,197461
47227305,94454610,94652062,197452
47224031,94448062,94645510,197448
47222271,94444542,94641970,197428
47221417,94442834,94640255,197421
47217775,94435550,94632964,197414
47217383,94434766,94632173,197407
47213887,94427774,94625170,197396
47213247,94426494,94623881,197387
47211247,94422494,94619878,197384
47210587,94421174,94618552,197378
47207151,94414302,94611662,197360
47205243,94410486,94607843,197357
47205147,94410294,94607645,197351
47203977,94407954,94605304,197350
47200079,94400158,94597508,197350
47199739,94399478,94596820,197342
47199695,94399390,94596731,197341
47198207,94396414,94593743,197329
47196215,94392430,94589750,197320
47195627,94391254,94588570,197316
47194111,94388222,94585529,197307
47189551,94379102,94576405,197303
47187429,94374858,94572152,197294
47186575,94373150,94570436,197286
47185107,94370214,94567499,197285
47184299,94368598,94565878,197280
47182975,94365950,94563227,197277
47182273,94364546,94561813,197267
47180793,94361586,94558841,197255
47180001,94360002,94557251,197249
47176161,94352322,94549570,197248
47174521,94349042,94546273,197231
47172567,94345134,94542352,197218
47170495,94340990,94538200,197210
47168191,94336382,94533587,197205
47164543,94329086,94526278,197192
47161225,94322450,94519628,197178
47160091,94320182,94517354,197172
47158271,94316542,94513714,197172
47158207,94316414,94513574,197160
47157151,94314302,94511458,197156
47156431,94312862,94510012,197150
47154895,94309790,94506932,197142
47150319,94300638,94497764,197126
47149951,94299902,94497023,197121
47147913,94295826,94492943,197117
47147487,94294974,94492088,197114
47144895,94289790,94486898,197108
47144039,94288078,94485184,197106
47142607,94285214,94482308,197094
47140861,94281722,94478812,197090
47137823,94275646,94472729,197083
47134971,94269942,94467004,197062
47133935,94267870,94464926,197056
47129447,94258894,94455934,197040
47128271,94256542,94453577,197035
47126505,94253010,94450034,197024
47125531,94251062,94448081,197019
47122343,94244686,94441697,197011
47120123,94240246,94437254,197008
47118099,94236198,94433201,197003
47116607,94233214,94430194,196980
47114719,94229438,94426412,196974
47111935,94223870,94420834,196964
47111679,94223358,94420322,196964
47109311,94218622,94415581,196959
47108935,94217870,94414822,196952
47106557,94213114,94410062,196948
47104399,94208798,94405745,196947
47102817,94205634,94402574,196940
47102625,94205250,94402184,196934
47101417,94202834,94399760,196926
47099119,94198238,94395158,196920
47098721,94197442,94394362,196920
47097853,94195706,94392620,196914
47096915,94193830,94390738,196908
47095879,94191758,94388659,196901
47095059,94190118,94387018,196900
47092457,94184914,94381805,196891
47089771,94179542,94376431,196889
47089659,94179318,94376192,196874
47087387,94174774,94371641,196867
47084287,94168574,94365430,196856
47083967,94167934,94364782,196848
47082855,94165710,94362551,196841
47081983,94163966,94360802,196836
47079119,94158238,94355068,196830
47078815,94157630,94354460,196830
47076379,94152758,94349576,196818
47075163,94150326,94347139,196813
47071609,94143218,94340027,196809
47071353,94142706,94339505,196799
47071113,94142226,94339025,196799
47070079,94140158,94336954,196796
47064347,94128694,94325471,196777
47064091,94128182,94324952,196770
47063037,94126074,94322837,196763
47061951,94123902,94320664,196762
47061131,94122262,94319021,196759
47060459,94120918,94317676,196758
47055415,94110830,94307564,196734
47054305,94108610,94305343,196733
47052015,94104030,94300742,196712
47049983,94099966,94296674,196708
47048127,94096254,94292948,196694
47044315,94088630,94285318,196688
47038463,94076926,94273582,196656
47035233,94070466,94267112,196646
47033499,94066998,94263635,196637
47032089,94064178,94260814,196636
47029483,94058966,94255594,196628
47028393,94056786,94253408,196622
47026399,94052798,94249408,196610
47025391,94050782,94247383,196601
47023443,94046886,94243486,196600
47021823,94043646,94240232,196586
47020503,94041006,94237592,196586
47018663,94037326,94233910,196584
47017641,94035282,94231850,196568
47014847,94029694,94226254,196560
47013631,94027262,94223819,196557
47013055,94026110,94222664,196554
47012967,94025934,94222487,196553
47010287,94020574,94217114,196540
47008249,94016498,94213034,196536
47004783,94009566,94206080,196514
47000255,94000510,94197007,196497
46997663,93995326,94191821,196495
46994409,93988818,94185305,196487
46993143,93986286,94182763,196477
46992319,93984638,94181099,196461
46990575,93981150,94177610,196460
46989055,93978110,94174564,196454
46986983,93973966,94170413,196447
46986783,93973566,94170008,196442
46985711,93971422,94167859,196437
46981345,93962690,94159115,196425
46980863,93961726,94158142,196416
46980095,93960190,94156600,196410
46978607,93957214,94153624,196410
46977023,93954046,94150444,196398
46973695,93947390,94143782,196392
46972519,93945038,94141426,196388
46971959,93943918,94140301,196383
46969209,93938418,94134797,196379
46969023,93938046,94134419,196373
46968943,93937886,94134256,196370
46968091,93936182,94132543,196361
46966767,93933534,94129895,196361
46964207,93928414,94124774,196360
46961691,93923382,94119725,196343
46961371,93922742,94119082,196340
46959611,93919222,94115560,196338
46956031,93912062,94108387,196325
46955817,93911634,94107958,196324
46954399,93908798,94105118,196320
46953811,93907622,94103936,196314
46953343,93906686,94102990,196304
46951753,93903506,94099808,196302
46950255,93900510,94096802,196292
46947583,93895166,94091456,196290
46946983,93893966,94090246,196280
46946555,93893110,94089382,196272
46944937,93889874,94086142,196268
46943225,93886450,94082710,196260
46942547,93885094,94081354,196260
46938855,93877710,94073948,196238
46936223,93872446,94068682,196236
46935911,93871822,94068058,196236
46935067,93870134,94066363,196229
46934519,93869038,94065266,196228
46932105,93864210,94060430,196220
46931047,93862094,94058314,196220
46928475,93856950,94053164,196214
46926943,93853886,94050085,196199
46925083,93850166,94046347,196181
46924767,93849534,94045715,196181
46923547,93847094,94043272,196178
46923471,93846942,94043119,196177
46920671,93841342,94037507,196165
46917447,93834894,94031056,196162
46916935,93833870,94030024,196154
46915579,93831158,94027306,196148
46912751,93825502,94021636,196134
46911259,93822518,94018648,196130
46911081,93822162,94018288,196126
46908911,93817822,94013948,196126
46908671,93817342,94013459,196117
46907389,93814778,94010887,196109
46906985,93813970,94010078,196108
46905313,93810626,94006730,196104
46904255,93808510,94004608,196098
46900449,93800898,93996988,196090
46899359,93798718,93994793,196075
46897391,93794782,93990854,196072
46896511,93793022,93989092,196070
46894363,93788726,93984788,196062
46893737,93787474,93983530,196056
46890779,93781558,93977602,196044
46888063,93776126,93972158,196032
46887231,93774462,93970484,196022
46884521,93769042,93965060,196018
46883977,93767954,93963971,196017
46883327,93766654,93962663,196009
46879679,93759358,93955357,195999
46877673,93755346,93951340,195994
46876839,93753678,93949672,195994
46876201,93752402,93948388,195986
46875327,93750654,93946628,195974
46869289,93738578,93934546,195968
46866825,93733650,93929614,195964
46865993,93731986,93927937,195951
46865319,93730638,93926578,195940
46865183,93730366,93926303,195937
46861919,93723838,93919774,195936
46860623,93721246,93917177,195931
46860243,93720486,93916408,195922
46858365,93716730,93912640,195910
46857631,93715262,93911164,195902
46856417,93712834,93908734,195900
46853801,93707602,93903488,195886
46849023,93698046,93893924,195878
46848377,93696754,93892621,195867
46846207,93692414,93888274,195860
46845471,93690942,93886802,195860
46845211,93690422,93886280,195858
46844383,93688766,93884611,195845
46842951,93685902,93881744,195842
46841415,93682830,93878669,195839
46840943,93681886,93877718,195832
46838043,93676086,93871910,195824
46837951,93675902,93871721,195819
46837919,93675838,93871655,195817
46834923,93669846,93865661,195815
46832875,93665750,93861556,195806
46832447,93664894,93860696,195802
46830207,93660414,93856205,195791
46829183,93658366,93854153,195787
46828345,93656690,93852476,195786
46827819,93655638,93851423,195785
46826075,93652150,93847930,195780
46824155,93648310,93844088,195778
46823707,93647414,93843179,195765
46821979,93643958,93839714,195756
46817563,93635126,93830866,195740
46813609,93627218,93822938,195720
46812879,93625758,93821473,195715
46812839,93625678,93821392,195714
46810679,93621358,93817072,195714
46808223,93616446,93812146,195700
46807265,93614530,93810230,195700
46806895,93613790,93809488,195698
46805631,93611262,93806950,195688
46803967,93607934,93803620,195686
46803035,93606070,93801746,195676
46801235,93602470,93798145,195675
46801129,93602258,93797932,195674
46801063,93602126,93797800,195674
46799623,93599246,93794917,195671
46796959,93593918,93789574,195656
46795455,93590910,93786557,195647
46794619,93589238,93784882,195644
46793759,93587518,93783152,195634
46792759,93585518,93781151,195633
46792247,93584494,93780122,195628
46789855,93579710,93775331,195621
46789161,93578322,93773942,195620
46786729,93573458,93769066,195608
46785563,93571126,93766732,195606
46785071,93570142,93765748,195606
46784251,93568502,93764105,195603
46782983,93565966,93761566,195600
46781183,93562366,93757946,195580
46779385,93558770,93754348,195578
46776799,93553598,93749170,195572
46775709,93551418,93746986,195568
46774951,93549902,93745457,195555
46771361,93542722,93738274,195552
46771199,93542398,93737936,195538
46767871,93535742,93731266,195524
46763647,93527294,93722804,195510
46762875,93525750,93721259,195509
46760635,93521270,93716777,195507
46759423,93518846,93714334,195488
46758215,93516430,93711917,195487
46757103,93514206,93709684,195478
46751969,93503938,93699398,195460
46749439,93498878,93694330,195452
46749011,93498022,93693473,195451
46748201,93496402,93691847,195445
46746651,93493302,93688739,195437
46745129,93490258,93685687,195429
46743167,93486334,93681755,195421
46741673,93483346,93678760,195414
46740639,93481278,93676691,195413
46739707,93479414,93674824,195410
46737321,93474642,93670040,195398
46732615,93465230,93660623,195393
46731263,93462526,93657910,195384
46731111,93462222,93657598,195376
46729097,93458194,93653567,195373
46727807,93455614,93650975,195361
46724123,93448246,93643600,195354
46723837,93447674,93643025,195351
46720447,93440894,93636220,195326
46718367,93436734,93632053,195319
46717951,93435902,93631216,195314
46715135,93430270,93625577,195307
46713727,93427454,93622760,195306
46713327,93426654,93621959,195305
46710951,93421902,93617194,195292
46709887,93419774,93615059,195285
46705321,93410642,93605908,195266
46703103,93406206,93601460,195254
46700599,93401198,93596444,195246
46697735,93395470,93590705,195235
46694431,93388862,93584087,195225
46693915,93387830,93583052,195222
46689279,93378558,93573772,195214
46688347,93376694,93571895,195201
46687515,93375030,93570227,195197
46683559,93367118,93562310,195192
46682057,93364114,93559300,195186
46680175,93360350,93555530,195180
46679911,93359822,93554998,195176
46679519,93359038,93554210,195172
46678617,93357234,93552394,195160
46677955,93355910,93551068,195158
46677183,93354366,93549514,195148
46674415,93348830,93543970,195140
46674031,93348062,93543194,195132
46671643,93343286,93538408,195122
46669851,93339702,93534821,195119
46668103,93336206,93531316,195110
46667199,93334398,93529505,195107
46664745,93329490,93524596,195106
46662941,93325882,93520988,195106
46662433,93324866,93519967,195101
46661679,93323358,93518441,195083
46659241,93318482,93513554,195072
46657855,93315710,93510778,195068
46652671,93305342,93500401,195059
46652399,93304798,93499846,195048
46649683,93299366,93494402,195036
46648959,93297918,93492953,195035
46647167,93294334,93489352,195018
46643807,93287614,93482624,195010
46642203,93284406,93479413,195007
46639975,93279950,93474944,194994
46637159,93274318,93469304,194986
46635487,93270974,93465947,194973
46632959,93265918,93460888,194970
46630375,93260750,93455704,194954
46630171,93260342,93455291,194949
46626663,93253326,93448268,194942
46625961,93251922,93446860,194938
46623209,93246418,93441347,194929
46623047,93246094,93441014,194920
46619119,93238238,93433151,194913
46618447,93236894,93431807,194913
46618395,93236790,93431690,194900
46617727,93235454,93430354,194900
46614063,93228126,93423014,194888
46611041,93222082,93416966,194884
46609343,93218686,93413560,194874
46608543,93217086,93411952,194866
46608231,93216462,93411317,194855
46605043,93210086,93404938,194852
46604563,93209126,93403975,194849
46604455,93208910,93403751,194841
46603775,93207550,93402391,194841
46603391,93206782,93401620,194838
46603375,93206750,93401588,194838
46602567,93205134,93399968,194834
46599487,93198974,93393794,194820
46597033,93194066,93388877,194811
46596095,93192190,93386996,194806
46594331,93188662,93383464,194802
46594025,93188050,93382850,194800
46592567,93185134,93379934,194800
46592319,93184638,93379430,194792
46590953,93181906,93376697,194791
46590591,93181182,93375965,194783
46587193,93174386,93369166,194780
46586575,93173150,93367930,194780
46585947,93171894,93366674,194780
46585503,93171006,93365782,194776
46585259,93170518,93365293,194775
46583351,93166702,93361462,194760
46582087,93164174,93358924,194750
46580571,93161142,93355892,194750
46580415,93160830,93355576,194746
46580039,93160078,93354817,194739
46577823,93155646,93350374,194728
46572783,93145566,93340289,194723
46572681,93145362,93340078,194716
46572571,93145142,93339857,194715
46570079,93140158,93334868,194710
46567663,93135326,93330022,194696
46567415,93134830,93329522,194692
46566639,93133278,93327970,194692
46565703,93131406,93326092,194686
46563453,93126906,93321592,194686
46562719,93125438,93320113,194675
46562643,93125286,93319955,194669
46560595,93121190,93315850,194660
46560255,93120510,93315167,194657
46556187,93112374,93307018,194644
46555359,93110718,93305357,194639
46553647,93107294,93301930,194636
46549967,93099934,93294560,194626
46549255,93098510,93293135,194625
46549075,93098150,93292774,194624
46548447,93096894,93291506,194612
46545255,93090510,93285112,194602
46541467,93082934,93277532,194598
46541031,93082062,93276656,194594
46540647,93081294,93275869,194575
46540087,93080174,93274748,194574
46537883,93075766,93270334,194568
46535071,93070142,93264706,194564
46534503,93069006,93263555,194549
46528511,93057022,93251549,194527
46527515,93055030,93249554,194524
46526463,93052926,93247442,194516
46522927,93045854,93240359,194505
46521599,93043198,93237700,194502
46520167,93040334,93234835,194501
46519017,93038034,93232529,194495
46518689,93037378,93231869,194491
46516831,93033662,93228143,194481
46513491,93026982,93221462,194480
46512039,93024078,93218536,194458
46509567,93019134,93213580,194446
46507199,93014398,93208835,194437
46506855,93013710,93208144,194434
46504731,93009462,93203890,194428
46502227,93004454,93198871,194417
46499113,92998226,93192634,194408
46492767,92985534,93179915,194381
46490223,92980446,93174826,194380
46490087,92980174,93174544,194370
46489691,92979382,93173743,194361
46485695,92971390,93165740,194350
46483809,92967618,93161968,194350
46482527,92965054,93159395,194341
46481659,92963318,93157658,194340
46480863,92961726,93156065,194339
46478783,92957566,93151882,194316
46477993,92955986,93150299,194313
46476297,92952594,93146906,194312
46473195,92946390,93140692,194302
46472169,92944338,93138626,194288
46467847,92935694,93129968,194274
46467067,92934134,93128402,194268
46463671,92927342,93121606,194264
46462415,92924830,93119084,194254
46459935,92919870,93114116,194246
46459897,92919794,93114035,194241
46457469,92914938,93109175,194237
46456287,92912574,93106802,194228
46455975,92911950,93106178,194228
46455343,92910686,93104909,194223
46454761,92909522,93103742,194220
46451867,92903734,93097942,194208
46450303,92900606,93094805,194199
46448511,92897022,93091211,194189
46446591,92893182,93087370,194188
46446345,92892690,93086873,194183
46444779,92889558,93083740,194182
46444287,92888574,93082750,194176
46444059,92888118,93082291,194173
46443803,92887606,93081778,194172
46441961,92883922,93078094,194172
46441499,92882998,93077158,194160
46439871,92879742,93073900,194158
46438143,92876286,93070438,194152
46435603,92871206,93065350,194144
46433505,92867010,93061150,194140
46432707,92865414,93059551,194137
46428651,92857302,93051413,194111
46428159,92856318,93050423,194105
46427775,92855550,93049652,194102
46427263,92854526,93048626,194100
46425535,92851070,93045164,194094
46423143,92846286,93040372,194086
46422139,92844278,93038362,194084
46422015,92844030,93038107,194077
46417919,92835838,93029903,194065
46415401,92830802,93024856,194054
46414617,92829234,93023285,194051
46413439,92826878,93020924,194046
46411773,92823546,93017591,194045
46410383,92820766,93014810,194044
46407801,92815602,93009626,194024
46406383,92812766,93006782,194016
46403347,92806694,93000710,194016
46401267,92802534,92996533,193999
46396577,92793154,92987141,193987
46396383,92792766,92986741,193975
46394107,92788214,92982185,193971
46393327,92786654,92980624,193970
46392039,92784078,92978039,193961
46389499,92778998,92972947,193949
46388777,92777554,92971502,193948
46386667,92773334,92967274,193940
46386207,92772414,92966344,193930
46385207,92770414,92964341,193927
46383215,92766430,92960345,193915
46383103,92766206,92960119,193913
46380425,92760850,92954762,193912
46378479,92756958,92950861,193903
46374049,92748098,92941985,193887
46373615,92747230,92941106,193876
46371135,92742270,92936140,193870
46370359,92740718,92934584,193866
46368027,92736054,92929913,193859
46365295,92730590,92924443,193853
46363931,92727862,92921701,193839
46359975,92719950,92913784,193834
46359417,92718834,92912663,193829
46358235,92716470,92910296,193826
46356009,92712018,92905825,193807
46354927,92709854,92903656,193802
46352383,92704766,92898556,193790
46351391,92702782,92896565,193783
46348799,92697598,92891372,193774
46346743,92693486,92887256,193770
46346399,92692798,92886568,193770
46345407,92690814,92884582,193768
46343927,92687854,92881613,193759
46340073,92680146,92873891,193745
46338791,92677582,92871319,193737
46336895,92673790,92867524,193734
46335871,92671742,92865473,193731
46334875,92669750,92863478,193728
46334095,92668190,92861914,193724
46331817,92663634,92857346,193712
46329759,92659518,92853220,193702
46326867,92653734,92847419,193685
46325993,92651986,92845667,193681
46325095,92650190,92843864,193674
46324991,92649982,92843656,193674
46324391,92648782,92842456,193674
46321343,92642686,92836358,193672
46321223,92642446,92836115,193669
46320059,92640118,92833780,193662
46318721,92637442,92831102,193660
46317089,92634178,92827831,193653
46315879,92631758,92825404,193646
46314721,92629442,92823074,193632
46312105,92624210,92817829,193619
46307307,92614614,92808220,193606
46306111,92612222,92805821,193599
46305775,92611550,92805146,193596
46302695,92605390,92798986,193596
46301181,92602362,92795939,193577
46299879,92599758,92793329,193571
46295999,92591998,92785558,193560
46293823,92587646,92781206,193560
46293083,92586166,92779706,193540
46290409,92580818,92774348,193530
46289147,92578294,92771819,193525
46287519,92575038,92768561,193523
46285851,92571702,92765210,193508
46284115,92568230,92761732,193502
46282399,92564798,92758292,193494
46278763,92557526,92751010,193484
46278313,92556626,92750110,193484
46275679,92551358,92744833,193475
46273819,92547638,92741110,193472
46271791,92543582,92737048,193466
46271487,92542974,92736440,193466
46270443,92540886,92734348,193462
46270311,92540622,92734072,193450
46268583,92537166,92730608,193442
46267959,92535918,92729357,193439
46267049,92534098,92727532,193434
46265985,92531970,92725400,193430
46265057,92530114,92723542,193428
46264479,92528958,92722378,193420
46259871,92519742,92713142,193400
46256873,92513746,92707136,193390
46253547,92507094,92700472,193378
46252827,92505654,92699032,193378
46250599,92501198,92694562,193364
46246299,92492598,92685950,193352
46244591,92489182,92682524,193342
46242943,92485886,92679227,193341
46240161,92480322,92673649,193327
46239881,92479762,92673083,193321
46236855,92473710,92667028,193318
46235783,92471566,92664884,193318
46235071,92470142,92663458,193316
46234027,92468054,92661349,193295
46228799,92457598,92650882,193284
46228327,92456654,92649932,193278
46227547,92455094,92648366,193272
46223519,92447038,92640293,193255
46222127,92444254,92637506,193252
46220159,92440318,92633564,193246
46217959,92435918,92629153,193235
46217811,92435622,92628857,193235
46217439,92434878,92628107,193229
46216631,92433262,92626489,193227
46215671,92431342,92624566,193224
46215111,92430222,92623439,193217
46212777,92425554,92618759,193205
46208509,92417018,92610220,193202
46207463,92414926,92608123,193197
46206889,92413778,92606974,193196
46206113,92412226,92605412,193186
46205929,92411858,92605036,193178
46203519,92407038,92600212,193174
46200047,92400094,92593244,193150
46197183,92394366,92587504,193138
46194367,92388734,92581865,193131
46194143,92388286,92581414,193128
46191615,92383230,92576356,193126
46183583,92367166,92560265,193099
46182399,92364798,92557880,193082
46180729,92361458,92554540,193082
46180199,92360398,92553473,193075
46178303,92356606,92549672,193066
46177663,92355326,92548388,193062
46175559,92351118,92544172,193054
46174447,92348894,92541946,193052
46173833,92347666,92540708,193042
46171855,92343710,92536748,193038
46169171,92338342,92531372,193030
46166887,92333774,92526788,193014
46163583,92327166,92520170,193004
46163321,92326642,92519644,193002
46161199,92322398,92515394,192996
46160873,92321746,92514734,192988
46159187,92318374,92511356,192982
46155775,92311550,92504513,192963
46152697,92305394,92498357,192963
46149743,92299486,92492440,192954
46149257,92298514,92491468,192954
46148863,92297726,92490668,192942
46147051,92294102,92487034,192932
46145003,92290006,92482928,192922
46140775,92281550,92474458,192908
46137473,92274946,92467852,192906
46137023,92274046,92466931,192885
46132279,92264558,92457436,192878
46131823,92263646,92456522,192876
46131695,92263390,92456255,192865
46127899,92255798,92448652,192854
46127195,92254390,92447237,192847
46125759,92251518,92444365,192847
46125383,92250766,92443612,192846
46122173,92244346,92437190,192844
46121563,92243126,92435956,192830
46119421,92238842,92431672,192830
46119239,92238478,92431300,192822
46116103,92232206,92425013,192807
46114283,92228566,92421368,192802
46109851,92219702,92412490,192788
46108095,92216190,92408957,192767
46105855,92211710,92404474,192764
46105257,92210514,92403274,192760
46103023,92206046,92398804,192758
46102975,92205950,92398700,192750
46100251,92200502,92393237,192735
46096831,92193662,92386390,192728
46094905,92189810,92382535,192725
46092251,92184502,92377207,192705
46088829,92177658,92370353,192695
46087305,92174610,92367296,192686
46086057,92172114,92364796,192682
46084839,92169678,92362349,192671
46083839,92167678,92360342,192664
46081961,92163922,92356582,192660
46078399,92156798,92349443,192645
46077019,92154038,92346682,192644
46076799,92153598,92346239,192641
46074523,92149046,92341676,192630
46072969,92145938,92338564,192626
46072553,92145106,92337731,192625
46071465,92142930,92335552,192622
46069231,92138462,92331073,192611
46065435,92130870,92323462,192592
46064297,92128594,92321183,192589
46060023,92120046,92312626,192580
46058137,92116274,92308844,192570
46056313,92112626,92305180,192554
46055579,92111158,92303710,192552
46054151,92108302,92300849,192547
46053595,92107190,92299733,192543
46052027,92104054,92296594,192540
46049759,92099518,92292046,192528
46048339,92096678,92289206,192528
46047801,92095602,92288123,192521
46045695,92091390,92283898,192508
46044327,92088654,92281156,192502
46040251,92080502,92272988,192486
46038911,92077822,92270302,192480
46036991,92073982,92266456,192474
46035547,92071094,92263562,192468
46033127,92066254,92258708,192454
46030137,92060274,92252722,192448
46027913,92055826,92248258,192432
46027433,92054866,92247298,192432
46022839,92045678,92238091,192413
46021867,92043734,92236144,192410
46018803,92037606,92230015,192409
46017193,92034386,92226782,192396
46016127,92032254,92224636,192382
46014159,92028318,92220700,192382
46013211,92026422,92218804,192382
46011721,92023442,92215817,192375
46008631,92017262,92209627,192365
46008447,92016894,92209252,192358
46007323,92014646,92206997,192351
46004223,92008446,92200775,192329
46000935,92001870,92194192,192322
45998559,91997118,92189431,192313
45994199,91988398,92180695,192297
45991167,91982334,92174611,192277
45987809,91975618,92167895,192277
45987483,91974966,92167237,192271
45983909,91967818,92160089,192271
45982623,91965246,92157497,192251
45981995,91963990,92156237,192247
45980671,91961342,92153578,192236
45978623,91957246,92149468,192222
45974631,91949262,92141477,192215
45973345,91946690,92138903,192213
45972783,91945566,92137772,192206
45972647,91945294,92137499,192205
45972617,91945234,92137436,192202
45971695,91943390,92135590,192200
45968681,91937362,92129555,192193
45967743,91935486,92127667,192181
45965311,91930622,92122792,192170
45964063,91928126,92120296,192170
45961593,91923186,92115346,192160
45960751,91921502,92113658,192156
45959835,91919670,92111825,192155
45959615,91919230,92111380,192150
45959195,91918390,92110540,192150
45955823,91911646,92103784,192138
45955753,91911506,92103641,192135
45955455,91910910,92103043,192133
45952743,91905486,92097611,192125
45952161,91904322,92096446,192124
45951657,91903314,92095432,192118
45949095,91898190,92090299,192109
45949039,91898078,92090182,192104
45946409,91892818,92084908,192090
45944969,91889938,92082025,192087
45942891,91885782,92077864,192082
45940191,91880382,92072449,192067
45939431,91878862,92070923,192061
45938847,91877694,92069752,192058
45935647,91871294,92063344,192050
45935103,91870206,92062252,192046
45933287,91866574,92058617,192043
45932447,91864894,92056931,192037
45929855,91859710,92051747,192037
45929471,91858942,92050960,192018
45927455,91854910,92046928,192018
45926619,91853238,92045249,192011
45924863,91849726,92041726,192000
45922463,91844926,92036924,191998
45919645,91839290,92031280,191990
45919463,91838926,92030909,191983
45917631,91835262,92027230,191968
45915391,91830782,92022743,191961
45911535,91823070,92015027,191957
45911531,91823062,92015014,191952
45909919,91819838,92011778,191940
45906601,91813202,92005132,191930
45905449,91810898,92002816,191918
45903899,91807798,91999712,191914
45901359,91802718,91994620,191902
45900223,91800446,91992346,191900
45898729,91797458,91989358,191900
45898209,91796418,91988318,191900
45895123,91790246,91982140,191894
45893959,91787918,91979800,191882
45893161,91786322,91978193,191871
45892635,91785270,91977140,191870
45891355,91782710,91974580,191870
45891071,91782142,91974005,191863
45890719,91781438,91973294,191856
45889183,91778366,91970218,191852
45886457,91772914,91964755,191841
45884667,91769334,91961170,191836
45883295,91766590,91958419,191829
45882209,91764418,91956244,191826
45881551,91763102,91954925,191823
45879609,91759218,91951037,191819
45879327,91758654,91950464,191810
45876507,91753014,91944821,191807
45874439,91748878,91940677,191799
45873139,91746278,91938077,191799
45872871,91745742,91937537,191795
45872681,91745362,91937146,191784
45871599,91743198,91934980,191782
45868271,91736542,91928308,191766
45866779,91733558,91925317,191759
45861915,91723830,91915570,191740
45860331,91720662,91912396,191734
45858813,91717626,91909354,191728
45854653,91709306,91901032,191726
45854319,91708638,91900349,191711
45852443,91704886,91896586,191700
45849875,91699750,91891444,191694
45849599,91699198,91890886,191688
45847323,91694646,91886326,191680
45845545,91691090,91882765,191675
45845503,91691006,91882678,191672
45843391,91686782,91878443,191661
45842127,91684254,91875914,191660
45840591,91681182,91872832,191650
45839807,91679614,91871258,191644
45833831,91667662,91859291,191629
45832047,91664094,91855709,191615
45830967,91661934,91853548,191614
45829119,91658238,91849837,191599
45826715,91653430,91845022,191592
45825327,91650654,91842245,191591
45825055,91650110,91841696,191586
45823287,91646574,91838158,191584
45822255,91644510,91836094,191584
45821679,91643358,91834936,191578
45820087,91640174,91831751,191577
45816859,91633718,91825283,191565
45816551,91633102,91824658,191556
45815785,91631570,91823116,191546
45812895,91625790,91817333,191543
45811895,91623790,91815329,191539
45808749,91617498,91809028,191530
45805887,91611774,91803280,191506
45805735,91611470,91802974,191504
45801899,91603798,91795297,191499
45801823,91603646,91795145,191499
45801545,91603090,91794580,191490
45799583,91599166,91790644,191478
45796233,91592466,91783942,191476
45795401,91590802,91782274,191472
45792905,91585810,91777270,191460
45791087,91582174,91773623,191449
45788399,91576798,91768226,191428
45783531,91567062,91758473,191411
45780295,91560590,91751998,191408
45779355,91558710,91750117,191407
45778697,91557394,91748785,191391
45776255,91552510,91743896,191386
45776063,91552126,91743506,191380
45774331,91548662,91740040,191378
45771931,91543862,91735235,191373
45770959,91541918,91733288,191370
45770409,91540818,91732175,191357
45768903,91537806,91729162,191356
45767511,91535022,91726378,191356
45766573,91533146,91724498,191352
45765415,91530830,91722172,191342
45765289,91530578,91721914,191336
45763611,91527222,91718554,191332
45763071,91526142,91717468,191326
45762615,91525230,91716556,191326
45761007,91522014,91713334,191320
45759865,91519730,91711048,191318
45759807,91519614,91710929,191315
45757631,91515262,91706564,191302
45756031,91512062,91703354,191292
45750777,91501554,91692836,191282
45750719,91501438,91692719,191281
45748847,91497694,91688974,191280
45748619,91497238,91688516,191278
45748071,91496142,91687414,191272
45747303,91494606,91685864,191258
45744575,91489150,91680407,191257
45744239,91488478,91679723,191245
45743387,91486774,91678018,191244
45742527,91485054,91676296,191242
45740703,91481406,91672636,191230
45737513,91475026,91666243,191217
45735359,91470718,91661924,191206
45733279,91466558,91657763,191205
45733051,91466102,91657307,191205
45732079,91464158,91655354,191196
45729755,91459510,91650704,191194
45728079,91456158,91647344,191186
45727871,91455742,91646923,191181
45727423,91454846,91646026,191180
45726585,91453170,91644343,191173
45724143,91448286,91639457,191171
45720959,91441918,91633079,191161
45720063,91440126,91631276,191150
45718299,91436598,91627738,191140
45717663,91435326,91626463,191137
45717033,91434066,91625201,191135
45716527,91433054,91624187,191133
45716211,91432422,91623554,191132
45715775,91431550,91622681,191131
45715081,91430162,91621289,191127
45712637,91425274,91616398,191124
45712063,91424126,91615238,191112
45709053,91418106,91609217,191111
45707817,91415634,91606732,191098
45705307,91410614,91601711,191097
45702683,91405366,91596440,191074
45701375,91402750,91593818,191068
45700223,91400446,91591510,191064
45699241,91398482,91589542,191060
45697263,91394526,91585582,191056
45697023,91394046,91585102,191056
45695999,91391998,91583054,191056
45695315,91390630,91581677,191047
45695151,91390302,91581349,191047
45693153,91386306,91577344,191038
45691623,91383246,91574278,191032
45689767,91379534,91570556,191022
45688489,91376978,91567996,191018
45688367,91376734,91567751,191017
45687353,91374706,91565723,191017
45685531,91371062,91562060,190998
45682633,91365266,91556264,190998
45680111,91360222,91551208,190986
45679335,91358670,91549654,190984
45678047,91356094,91547066,190972
45675711,91351422,91542386,190964
45673087,91346174,91537126,190952
45671307,91342614,91533559,190945
45670587,91341174,91532119,190945
45670491,91340982,91531918,190936
45666617,91333234,91524166,190932
45666249,91332498,91523429,190931
45665711,91331422,91522343,190921
45664415,91328830,91519742,190912
45663471,91326942,91517852,190910
45658615,91317230,91508128,190898
45656575,91313150,91504039,190889
45654441,91308882,91499753,190871
45653083,91306166,91497035,190869
45652635,91305270,91496132,190862
45652219,91304438,91495300,190862
45648703,91297406,91488256,190850
45647775,91295550,91486397,190847
45646303,91292606,91483445,190839
45643063,91286126,91476952,190826
45641799,91283598,91474420,190822
45641195,91282390,91473212,190822
45640639,91281278,91472095,190817
45639343,91278686,91469495,190809
45639295,91278590,91469395,190805
45638123,91276246,91467049,190803
45635167,91270334,91461130,190796
45634495,91268990,91459775,190785
45629563,91259126,91449911,190785
45629435,91258870,91449647,190777
45628073,91256146,91446907,190761
45624679,91249358,91440107,190749
45622511,91245022,91435768,190746
45621695,91243390,91434136,190746
45621075,91242150,91432888,190738
45620905,91241810,91432541,190731
45619711,91239422,91430152,190730
45619241,91238482,91429211,190729
45617647,91235294,91426012,190718
45614217,91228434,91419137,190703
45609337,91218674,91409368,190694
45607357,91214714,91405397,190683
45607339,91214678,91405357,190679
45606447,91212894,91403561,190667
45602255,91204510,91395175,190665
45601657,91203314,91393976,190662
45599175,91198350,91389005,190655
45598689,91197378,91388033,190655
45596671,91193342,91383979,190637
45594951,91189902,91380526,190624
45592487,91184974,91375589,190615
45589161,91178322,91368919,190597
45586523,91173046,91363643,190597
45584521,91169042,91359619,190577
45580991,91161982,91352543,190561
45578921,91157842,91348394,190552
45574313,91148626,91339163,190537
45572583,91145166,91335695,190529
45568639,91137278,91327807,190529
45568027,91136054,91326580,190526
45566783,91133566,91324078,190512
45566185,91132370,91322878,190508
45563071,91126142,91316645,190503
45560287,91120574,91311056,190482
45559919,91119838,91310314,190476
45558269,91116538,91307012,190474
45556583,91113166,91303627,190461
45555559,91111118,91301575,190457
45554847,91109694,91300148,190454
45554665,91109330,91299784,190454
45552999,91105998,91296443,190445
45548927,91097854,91288286,190432
45545847,91091694,91282120,190426
45545641,91091282,91281698,190416
45545151,91090302,91280716,190414
45542191,91084382,91274795,190413
45541055,91082110,91272521,190411
45539775,91079550,91269953,190403
45539695,91079390,91269791,190401
45537875,91075750,91266136,190386
45536539,91073078,91263454,190376
45534335,91068670,91259045,190375
45533409,91066818,91257193,190375
45532319,91064638,91255000,190362
45529313,91058626,91248982,190356
45526583,91053166,91243507,190341
45524687,91049374,91239706,190332
45523391,91046782,91237108,190326
45522569,91045138,91235464,190326
45522159,91044318,91234642,190324
45521055,91042110,91232423,190313
45518591,91037182,91227485,190303
45517855,91035710,91226009,190299
45516797,91033594,91223891,190297
45515433,91030866,91221160,190294
45513435,91026870,91217164,190294
45510959,91021918,91212208,190290
45510367,91020734,91211015,190281
45508007,91016014,91206287,190273
45507419,91014838,91205099,190261
45506231,91012462,91202719,190257
45504073,91008146,91198400,190254
45503003,91006006,91196260,190254
45502915,91005830,91196074,190244
45500415,91000830,91191059,190229
45499227,90998454,91188683,190229
45498703,90997406,91187633,190227
45497185,90994370,91184596,190226
45497115,90994230,91184444,190214
45492901,90985802,91176016,190214
45492863,90985726,91175918,190192
45490451,90980902,91171091,190189
45490223,90980446,91170631,190185
45489919,90979838,91170022,190184
45489033,90978066,91168247,190181
45487611,90975222,91165402,190180
45486527,90973054,91163233,190179
45485775,90971550,91161718,190168
45478815,90957630,91147781,190151
45476517,90953034,91143184,190150
45475839,90951678,91141828,190150
45475263,90950526,91140647,190121
45473903,90947806,91137920,190114
45471847,90943694,91133806,190112
45471059,90942118,91132229,190111
45469599,90939198,91129298,190100
45464659,90929318,91119401,190083
45464061,90928122,91118197,190075
45462343,90924686,91114753,190067
45461119,90922238,91112297,190059
45457215,90914430,91104482,190052
45456027,90912054,91102102,190048
45453563,90907126,91097162,190036
45451423,90902846,91092874,190028
45450907,90901814,91091842,190028
45450175,90900350,91090369,190019
45448303,90896606,91086619,190013
45445991,90891982,91081982,190000
45444799,90889598,91079597,189999
45443241,90886482,91076471,189989
45441087,90882174,91072160,189986
45440169,90880338,91070324,189986
45438831,90877662,91067638,189976
45438311,90876622,91066592,189970
45437607,90875214,91065184,189970
45434815,90869630,91059586,189956
45432071,90864142,91054096,189954
45431577,90863154,91053098,189944
45430761,90861522,91051462,189940
45429467,90858934,91048873,189939
45429231,90858462,91048400,189938
45428681,90857362,91047298,189936
45428583,90857166,91047091,189925
45426847,90853694,91043614,189920
45425599,90851198,91041112,189914
45425435,90850870,91040782,189912
45423975,90847950,91037857,189907
45421031,90842062,91031956,189894
45420379,90840758,91030652,189894
45419005,90838010,91027898,189888
45417255,90834510,91024391,189881
45414525,90829050,91018930,189880
45414311,90828622,91018498,189876
45412969,90825938,91015804,189866
45412905,90825810,91015676,189866
45411359,90822718,91012576,189858
45407903,90815806,91005658,189852
45405675,90811350,91001191,189841
45402855,90805710,90995528,189818
45397407,90794814,90984622,189808
45397023,90794046,90983842,189796
45395047,90790094,90979888,189794
45394687,90789374,90979166,189792
45394145,90788290,90978074,189784
45392831,90785662,90975442,189780
45391993,90783986,90973763,189777
45388733,90777466,90967232,189766
45387823,90775646,90965410,189764
45387167,90774334,90964088,189754
45385263,90770526,90960275,189749
45383783,90767566,90957310,189744
45381797,90763594,90953335,189741
45380221,90760442,90950174,189732
45379903,90759806,90949534,189728
45378283,90756566,90946294,189728
45376239,90752478,90942188,189710
45373647,90747294,90936992,189698
45371167,90742334,90932021,189687
45370879,90741758,90931444,189686
45370025,90740050,90929735,189685
45368811,90737622,90927298,189676
45366911,90733822,90923492,189670
45363967,90727934,90917599,189665
45363113,90726226,90915878,189652
45361279,90722558,90912203,189645
45360619,90721238,90910880,189642
45359871,90719742,90909380,189638
45357055,90714110,90903742,189632
45355611,90711222,90900847,189625
45354921,90709842,90899462,189620
45354543,90709086,90898706,189620
45354087,90708174,90897788,189614
45352807,90705614,90895225,189611
45350431,90700862,90890461,189599
45347641,90695282,90884879,189597
45346975,90693950,90883538,189588
45344495,90688990,90878566,189576
45343711,90687422,90876992,189570
45341231,90682462,90872030,189568
45337071,90674142,90863693,189551
45336815,90673630,90863174,189544
45334753,90669506,90859049,189543
45334375,90668750,90858293,189543
45333727,90667454,90856996,189542
45333375,90666750,90856280,189530
45330047,90660094,90849605,189511
45325547,90651094,90840599,189505
45325417,90650834,90840334,189500
45325271,90650542,90840040,189498
45322559,90645118,90834598,189480
45321063,90642126,90831604,189478
45320351,90640702,90830180,189478
45319839,90639678,90829156,189478
45319465,90638930,90828404,189474
45318427,90636854,90826324,189470
45317915,90635830,90825299,189469
45316961,90633922,90823390,189468
45315625,90631250,90820709,189459
45315303,90630606,90820061,189455
45313107,90626214,90815663,189449
45312681,90625362,90814810,189448
45312167,90624334,90813778,189444
45311771,90623542,90812978,189436
45309471,90618942,90808378,189436
45309375,90618750,90808175,189425
45307995,90615990,90805411,189421
45305835,90611670,90801089,189419
45305697,90611394,90800813,189419
45304575,90609150,90798568,189418
45304559,90609118,90798533,189415
45304361,90608722,90798131,189409
45300455,90600910,90790306,189396
45300039,90600078,90789473,189395
45296243,90592486,90781867,189381
45294619,90589238,90778612,189374
45293819,90587638,90777010,189372
45292775,90585550,90774922,189372
45292455,90584910,90774269,189359
45291497,90582994,90772352,189358
45287599,90575198,90764540,189342
45284047,90568094,90757426,189332
45283823,90567646,90756970,189324
45283325,90566650,90755974,189324
45281127,90562254,90751562,189308
45279711,90559422,90748726,189304
45277257,90554514,90743813,189299
45273895,90547790,90737081,189291
45270951,90541902,90731171,189269
45268991,90537982,90727238,189256
45266111,90532222,90721474,189252
45263983,90527966,90717212,189246
45261099,90522198,90711434,189236
45260543,90521086,90710320,189234
45260463,90520926,90710158,189232
45256745,90513490,90702718,189228
45256243,90512486,90701699,189213
45254783,90509566,90698776,189210
45254299,90508598,90697808,189210
45254079,90508158,90697354,189196
45249097,90498194,90687383,189189
45247105,90494210,90683383,189173
45246537,90493074,90682246,189172
45244719,90489438,90678604,189166
45243561,90487122,90676280,189158
45241569,90483138,90672286,189148
45240735,90481470,90670610,189140
45237727,90475454,90664594,189140
45237019,90474038,90663178,189140
45236639,90473278,90662417,189139
45235539,90471078,90660208,189130
45234687,90469374,90658492,189118
45233279,90466558,90655672,189114
45230751,90461502,90650605,189103
45229615,90459230,90648322,189092
45228199,90456398,90645485,189087
45224895,90449790,90638875,189085
45224617,90449234,90638311,189077
45224447,90448894,90637969,189075
45223849,90447698,90636770,189072
45221961,90443922,90632990,189068
45218809,90437618,90626683,189065
45218287,90436574,90625625,189051
45216639,90433278,90622327,189049
45212699,90425398,90614428,189030
45212539,90425078,90614105,189027
45210279,90420558,90609572,189014
45208763,90417526,90606539,189013
45207279,90414558,90603560,189002
45204649,90409298,90598300,189002
45202791,90405582,90594571,188989
45201519,90403038,90592018,188980
45199913,90399826,90588806,188980
45197083,90394166,90583126,188960
45194367,90388734,90577690,188956
45191583,90383166,90572114,188948
45190811,90381622,90570556,188934
45188543,90377086,90566012,188926
45187295,90374590,90563509,188919
45186495,90372990,90561905,188915
45183467,90366934,90555839,188905
45181659,90363318,90552220,188902
45178575,90357150,90546032,188882
45176299,90352598,90541471,188873
45175279,90350558,90539426,188868
45172031,90344062,90532930,188868
45171527,90343054,90531913,188859
45171015,90342030,90530882,188852
45169135,90338270,90527114,188844
45169067,90338134,90526976,188842
45164955,90329910,90518740,188830
45163803,90327606,90516425,188819
45162153,90324306,90513119,188813
45158509,90317018,90505826,188808
45157447,90314894,90503692,188798
45155489,90310978,90499768,188790
45153519,90307038,90495818,188780
45152667,90305334,90494111,188777
45149961,90299922,90488698,188776
45148371,90296742,90485518,188776
45147855,90295710,90484462,188752
45146779,90293558,90482308,188750
45145855,90291710,90480454,188744
45143655,90287310,90476050,188740
45141151,90282302,90471026,188724
45140927,90281854,90470575,188721
45136893,90273786,90462496,188710
45131255,90262510,90451217,188707
45130219,90260438,90449117,188679
45129563,90259126,90447803,188677
45126111,90252222,90440882,188660
45120889,90241778,90430420,188642
45117865,90235730,90424370,188640
45116061,90232122,90420751,188629
45115843,90231686,90420311,188625
45113087,90226174,90414782,188608
45111407,90222814,90411416,188602
45110555,90221110,90409709,188599
45105465,90210930,90399527,188597
45105295,90210590,90399185,188595
45104363,90208726,90397312,188586
45104319,90208638,90397214,188576
45103807,90207614,90396188,188574
45102875,90205750,90394313,188563
45098223,90196446,90384995,188549
45097799,90195598,90384146,188548
45096703,90193406,90381943,188537
45092833,90185666,90374201,188535
45092407,90184814,90373342,188528
45089639,90179278,90367787,188509
45089471,90178942,90367451,188509
45088425,90176850,90365354,188504
45084921,90169842,90358343,188501
45083593,90167186,90355684,188498
45083303,90166606,90355090,188484
45079807,90159614,90348082,188468
45079679,90159358,90347825,188467
45078269,90156538,90345004,188466
45075391,90150782,90339232,188450
45074791,90149582,90338030,188448
45073179,90146358,90334802,188444
45071443,90142886,90331324,188438
45071231,90142462,90330893,188431
45066687,90133374,90321797,188423
45065243,90130486,90318892,188406
45064703,90129406,90317810,188404
45062351,90124702,90313100,188398
45061611,90123222,90311618,188396
45060961,90121922,90310318,188396
45060265,90120530,90308914,188384
45057307,90114614,90302987,188373
45055227,90110454,90298822,188368
45054235,90108470,90296831,188361
45052087,90104174,90292534,188360
45051839,90103678,90292036,188358
45051599,90103198,90291551,188353
45049927,90099854,90288203,188349
45049323,90098646,90286991,188345
45048863,90097726,90286064,188338
45046559,90093118,90281449,188331
45045055,90090110,90278440,188330
45041179,90082358,90270670,188312
45040979,90081958,90270268,188310
45040505,90081010,90269318,188308
45039311,90078622,90266927,188305
45038535,90077070,90265373,188303
45036699,90073398,90261697,188299
45035933,90071866,90260155,188289
45035771,90071542,90259829,188287
45034111,90068222,90256501,188279
45032167,90064334,90252610,188276
45026555,90053110,90241370,188260
45026331,90052662,90240910,188248
45024927,90049854,90238102,188248
45024875,90049750,90237998,188248
45024039,90048078,90236320,188242
45022311,90044622,90232856,188234
45020955,90041910,90230134,188224
45019273,90038546,90226762,188216
45017919,90035838,90224045,188207
45013213,90026426,90214631,188205
45012705,90025410,90213614,188204
45012383,90024766,90212953,188187
45010715,90021430,90209609,188179
45008111,90016222,90204394,188172
45006057,90012114,90200284,188170
45001583,90003166,90191333,188167
45001379,90002758,90190912,188154
45000979,90001958,90190102,188144
45000127,90000254,90188390,188136
44999407,89998814,90186947,188133
44998655,89997310,90185437,188127
44997787,89995574,90183701,188127
44995451,89990902,90179027,188125
44992253,89984506,90172628,188122
44991101,89982202,90170309,188107
44990121,89980242,90168340,188098
44989097,89978194,90166286,188092
44985555,89971110,90159193,188083
44983143,89966286,90154361,188075
44983015,89966030,90154096,188066
44982439,89964878,90152944,188066
44980255,89960510,90148571,188061
44977831,89955662,90143711,188049
44977129,89954258,90142307,188049
44976765,89953530,90141574,188044
44976199,89952398,90140440,188042
44974505,89949010,90137038,188028
44972929,89945858,90133886,188028
44971499,89942998,90131020,188022
44969191,89938382,90126391,188009
44967403,89934806,90122807,188001
44965769,89931538,90119537,187999
44964255,89928510,90116507,187997
44963887,89927774,90115757,187983
44962751,89925502,90113480,187978
44960975,89921950,90109928,187978
44959183,89918366,90106337,187971
44959167,89918334,90106303,187969
44957767,89915534,90103493,187959
44956263,89912526,90100480,187954
44954623,89909246,90097190,187944
44952315,89904630,90092573,187943
44951759,89903518,90091453,187935
44949019,89898038,90085961,187923
44948175,89896350,90084269,187919
44945825,89891650,90079564,187914
44945727,89891454,90079366,187912
44944487,89888974,90076877,187903
44943713,89887426,90075329,187903
44942827,89885654,90073549,187895
44941647,89883294,90071189,187895
44940967,89881934,90069824,187890
44937451,89874902,90062786,187884
44934633,89869266,90057128,187862
44933959,89867918,90055778,187860
44933287,89866574,90054427,187853
44929149,89858298,90046151,187853
44928865,89857730,90045574,187844
44927543,89855086,90042917,187831
44923163,89846326,90034139,187813
44920575,89841150,90028960,187810
44919623,89839246,90027047,187801
44919465,89838930,90026731,187801
44919351,89838702,90026500,187798
44917055,89834110,90021899,187789
44916431,89832862,90020645,187783
44913903,89827806,90015587,187781
44912295,89824590,90012370,187780
44911575,89823150,90010924,187774
44911035,89822070,90009844,187774
44910767,89821534,90009304,187770
44909851,89819702,90007463,187761
44908955,89817910,90005665,187755
44906747,89813494,90001246,187752
44906249,89812498,90000247,187749
44902043,89804086,89991812,187726
44900575,89801150,89988874,187724
44899311,89798622,89986343,187721
44899119,89798238,89985958,187720
44898177,89796354,89984074,187720
44897591,89795182,89982893,187711
44896751,89793502,89981206,187704
44895543,89791086,89978789,187703
44895335,89790670,89978365,187695
44892335,89784670,89972363,187693
44892007,89784014,89971702,187688
44891263,89782526,89970208,187682
44887721,89775442,89963116,187674
44887303,89774606,89962276,187670
44886719,89773438,89961101,187663
44884927,89769854,89957510,187656
44883111,89766222,89953868,187646
44882599,89765198,89952842,187644
44880575,89761150,89948783,187633
44872605,89745210,89932823,187613
44871593,89743186,89930782,187596
44871451,89742902,89930498,187596
44870143,89740286,89927879,187593
44869279,89738558,89926150,187592
44866687,89733374,89920957,187583
44865791,89731582,89919155,187573
44863915,89727830,89915401,187571
44860903,89721806,89909359,187553
44859371,89718742,89906291,187549
44859049,89718098,89905646,187548
44858985,89717970,89905517,187547
44858607,89717214,89904757,187543
44852691,89705382,89892916,187534
44851273,89702546,89890067,187521
44850895,89701790,89889301,187511
44849007,89698014,89885524,187510
44848295,89696590,89884093,187503
44847823,89695646,89883146,187500
44846647,89693294,89880787,187493
44846319,89692638,89880130,187492
44842889,89685778,89873261,187483
44842151,89684302,89871781,187479
44840399,89680798,89868266,187468
44838171,89676342,89863810,187468
44837607,89675214,89862671,187457
44834271,89668542,89855990,187448
44832747,89665494,89852933,187439
44832361,89664722,89852161,187439
44826727,89653454,89840866,187412
44824815,89649630,89837039,187409
44823199,89646398,89833805,187407
44823145,89646290,89833696,187406
44822063,89644126,89831515,187389
44817663,89635326,89822699,187373
44816431,89632862,89820232,187370
44812927,89625854,89813212,187358
44811359,89622718,89810068,187350
44810991,89621982,89809331,187349
44809783,89619566,89806913,187347
44807743,89615486,89802827,187341
44807721,89615442,89802776,187334
44805223,89610446,89797768,187322
44803049,89606098,89793413,187315
44802791,89605582,89792894,187312
44801471,89602942,89790245,187303
44801023,89602046,89789347,187301
44799391,89598782,89786081,187299
44797495,89594990,89782280,187290
44793179,89586358,89773648,187290
44791695,89583390,89770660,187270
44791009,89582018,89769286,187268
44790011,89580022,89767282,187260
44789103,89578206,89765462,187256
44783499,89566998,89754230,187232
44781855,89563710,89750942,187232
44780699,89561398,89748616,187218
44779135,89558270,89745488,187218
44778367,89556734,89743949,187215
44777755,89555510,89742716,187206
44775751,89551502,89738704,187202
44774271,89548542,89735735,187193
44771839,89543678,89730868,187190
44770943,89541886,89729062,187176
44768233,89536466,89723632,187166
44765635,89531270,89718430,187160
44763105,89526210,89713357,187147
44761769,89523538,89710679,187141
44759265,89518530,89705662,187132
44757129,89514258,89701384,187126
44756991,89513982,89701100,187118
44755583,89511166,89698277,187111
44751529,89503058,89690164,187106
44751055,89502110,89689208,187098
44750531,89501062,89688160,187098
44749545,89499090,89686183,187093
44749083,89498166,89685254,187088
44747391,89494782,89681866,187084
44745709,89491418,89678501,187083
44745307,89490614,89677696,187082
44743067,89486134,89673212,187078
44741567,89483134,89670188,187054
44740607,89481214,89668262,187048
44738729,89477458,89664502,187044
44737279,89474558,89661601,187043
44732607,89465214,89652244,187030
44731911,89463822,89650852,187030
44731631,89463262,89650280,187018
44729327,89458654,89645659,187005
44728767,89457534,89644534,187000
44725247,89450494,89637479,186985
44723967,89447934,89634914,186980
44723199,89446398,89633374,186976
44722503,89445006,89631980,186974
44719871,89439742,89626714,186972
44719097,89438194,89625163,186969
44718583,89437166,89624126,186960
44717503,89435006,89621963,186957
44716831,89433662,89620618,186956
44716527,89433054,89620006,186952
44714985,89429970,89616917,186947
44711991,89423982,89610914,186932
44707687,89415374,89602288,186914
44705145,89410290,89597194,186904
44704795,89409590,89596493,186903
44701651,89403302,89590190,186888
44700487,89400974,89587858,186884
44699167,89398334,89585216,186882
44698785,89397570,89584447,186877
44693211,89386422,89573278,186856
44688879,89377758,89564606,186848
44687919,89375838,89562674,186836
44685821,89371642,89558473,186831
44685299,89370598,89557421,186823
44684153,89368306,89555129,186823
44683479,89366958,89553776,186818
44681255,89362510,89549324,186814
44680417,89360834,89547634,186800
44676199,89352398,89539177,186779
44674203,89348406,89535184,186778
44673135,89346270,89533046,186776
44673023,89346046,89532815,186769
44671311,89342622,89529388,186766
44670647,89341294,89528060,186766
44669595,89339190,89525950,186760
44667557,89335114,89521868,186754
44664735,89329470,89516218,186748
44664383,89328766,89515510,186744
44663911,89327822,89514560,186738
44663803,89327606,89514341,186735
44663451,89326902,89513630,186728
44660125,89320250,89506978,186728
44658687,89317374,89504086,186712
44657823,89315646,89502352,186706
44656891,89313782,89500484,186702
44655855,89311710,89498410,186700
44654683,89309366,89496062,186696
44652523,89305046,89491738,186692
44650055,89300110,89486788,186678
44649555,89299110,89485787,186677
44648503,89297006,89483674,186668
44644967,89289934,89476595,186661
44644591,89289182,89475841,186659
44643743,89287486,89474134,186648
44640455,89280910,89467558,186648
44640297,89280594,89467229,186635
44637831,89275662,89462290,186628
44635935,89271870,89458496,186626
44635673,89271346,89457967,186621
44634665,89269330,89455948,186618
44634271,89268542,89455156,186614
44632839,89265678,89452289,186611
44632303,89264606,89451206,186600
44630015,89260030,89446616,186586
44628155,89256310,89442893,186583
44625055,89250110,89436677,186567
44624439,89248878,89435443,186565
44622631,89245262,89431822,186560
44621671,89243342,89429899,186557
44619899,89239798,89426348,186550
44618975,89237950,89424497,186547
44615151,89230302,89416831,186529
44612947,89225894,89412416,186522
44611193,89222386,89408900,186514
44610207,89220414,89406917,186503
44606775,89213550,89400046,186496
44605547,89211094,89397584,186490
44602607,89205214,89391688,186474
44597929,89195858,89382325,186467
44597247,89194494,89380960,186466
44595671,89191342,89377798,186456
44594793,89189586,89376034,186448
44592223,89184446,89370884,186438
44591431,89182862,89369290,186428
44588703,89177406,89363830,186424
44585983,89171966,89358388,186422
44585097,89170194,89356606,186412
44583019,89166038,89352448,186410
44582351,89164702,89351095,186393
44580521,89161042,89347426,186384
44579999,89159998,89346382,186384
44579325,89158650,89345032,186382
44577903,89155806,89342180,186374
44575743,89151486,89337850,186364
44575097,89150194,89336554,186360
44572127,89144254,89330602,186348
44571803,89143606,89329952,186346
44571291,89142582,89328926,186344
44570951,89141902,89328244,186342
44569391,89138782,89325124,186342
44569243,89138486,89324818,186332
44567353,89134706,89321035,186329
44566767,89133534,89319856,186322
44564713,89129426,89315747,186321
44562027,89124054,89310367,186313
44560001,89120002,89306306,186304
44558747,89117494,89303794,186300
44558505,89117010,89303308,186298
44555247,89110494,89296775,186281
44554959,89109918,89296199,186281
44553353,89106706,89292982,186276
44552127,89104254,89290522,186268
44551399,89102798,89289059,186261
44550015,89100030,89286280,186250
44546383,89092766,89279012,186246
44546139,89092278,89278522,186244
44545791,89091582,89277821,186239
44545215,89090430,89276666,186236
44543727,89087454,89273690,186236
44543059,89086118,89272354,186236
44540863,89081726,89267939,186213
44540585,89081170,89267383,186213
44536959,89073918,89260127,186209
44536831,89073662,89259869,186207
44534441,89068882,89255074,186192
44534249,89068498,89254688,186190
44532639,89065278,89251465,186187
44532415,89064830,89251010,186180
44531873,89063746,89249926,186180
44527913,89055826,89242000,186174
44526831,89053662,89239817,186155
44526079,89052158,89238311,186153
44524031,89048062,89234210,186148
44519935,89039870,89226016,186146
44519675,89039350,89225476,186126
44518655,89037310,89223434,186124
44518255,89036510,89222630,186120
44516799,89033598,89219711,186113
44510217,89020434,89206528,186094
44509323,89018646,89204740,186094
44509161,89018322,89204416,186094
44508671,89017342,89203424,186082
44505769,89011538,89197615,186077
44505535,89011070,89197136,186066
44504303,89008606,89194667,186061
44502943,89005886,89191943,186057
44502887,89005774,89191829,186055
44499069,88998138,89184190,186052
44497323,88994646,89180684,186038
44496723,88993446,89179483,186037
44495719,88991438,89177473,186035
44494575,88989150,89175178,186028
44493275,88986550,89172574,186024
44492873,88985746,89171761,186015
44487807,88975614,89161619,186005
44486931,88973862,89159867,186005
44486083,88972166,89158162,185996
44481895,88963790,89149774,185984
44481179,88962358,89148331,185973
44479303,88958606,89144570,185964
44478079,88956158,89142110,185952
44477951,88955902,89141851,185949
44476063,88952126,89138068,185942
44472527,88945054,89130986,185932
44470439,88940878,89126810,185932
44469499,88938998,89124928,185930
44468847,88937694,89123614,185920
44468671,88937342,89123255,185913
44467047,88934094,89120006,185912
44466921,88933842,89119750,185908
44465567,88931134,89117036,185902
44465319,88930638,89116540,185902
44464287,88928574,89114467,185893
44462735,88925470,89111362,185892
44460635,88921270,89107154,185884
44460201,88920402,89106281,185879
44456703,88913406,89099276,185870
44456161,88912322,89098186,185864
44454071,88908142,89094001,185859
44453503,88907006,89092862,185856
44450537,88901074,89086921,185847
44450345,88900690,89086534,185844
44446889,88893778,89079608,185830
44446823,88893646,89079473,185827
44446567,88893134,89078956,185822
44445183,88890366,89076181,185815
44445167,88890334,89076149,185815
44442875,88885750,89071558,185808
44442651,88885302,89071109,185807
44438555,88877110,89062898,185788
44437039,88874078,89059864,185786
44436975,88873950,89059732,185782
44435303,88870606,89056379,185773
44431815,88863630,89049401,185771
44430465,88860930,89046697,185767
44428551,88857102,89042851,185749
44426123,88852246,89037988,185742
44424189,88848378,89034119,185741
44421959,88843918,89029642,185724
44421839,88843678,89029402,185724
44419027,88838054,89023778,185724
44417079,88834158,89019868,185710
44417023,88834046,89019742,185696
44414505,88829010,89014706,185696
44411995,88823990,89009668,185678
44411291,88822582,89008258,185676
44409575,88819150,89004824,185674
44408489,88816978,89002648,185670
44406431,88812862,88998532,185670
44404361,88808722,88994369,185647
44401391,88802782,88988422,185640
44400743,88801486,88987114,185628
44399295,88798590,88984214,185624
44398075,88796150,88981771,185621
44396201,88792402,88978010,185608
44393199,88786398,88972006,185608
44392041,88784082,88969678,185596
44389615,88779230,88964818,185588
44389375,88778750,88964338,185588
44388199,88776398,88961978,185580
44385535,88771070,88956647,185577
44385051,88770102,88955671,185569
44383579,88767158,88952722,185564
44383241,88766482,88952042,185560
44383227,88766454,88952011,185557
44380105,88760210,88945762,185552
44379775,88759550,88945094,185544
44375711,88751422,88936954,185532
44375039,88750078,88935604,185526
44372735,88745470,88930984,185514
44372447,88744894,88930408,185514
44370695,88741390,88926902,185512
44370411,88740822,88926331,185509
44370145,88740290,88925795,185505
44368199,88736398,88921894,185496
44367015,88734030,88919525,185495
44363887,88727774,88913266,185492
44363343,88726686,88912166,185480
44362735,88725470,88910945,185475
44360939,88721878,88907348,185470
44359649,88719298,88904762,185464
44358135,88716270,88901732,185462
44357959,88715918,88901369,185451
44357223,88714446,88899896,185450
44354045,88708090,88893535,185445
44353703,88707406,88892846,185440
44353673,88707346,88892785,185439
44351487,88702974,88888408,185434
44351359,88702718,88888148,185430
44350559,88701118,88886537,185419
44344545,88689090,88874509,185419
44343977,88687954,88873352,185398
44343067,88686134,88871525,185391
44340991,88681982,88867358,185376
44339103,88678206,88863581,185375
44334761,88669522,88854874,185352
44333679,88667358,88852709,185351
44330623,88661246,88846595,185349
44328659,88657318,88842662,185344
44328313,88656626,88841960,185334
44325407,88650814,88836146,185332
44325175,88650350,88835671,185321
44324177,88648354,88833671,185317
44323967,88647934,88833242,185308
44323497,88646994,88832302,185308
44323231,88646462,88831768,185306
44321919,88643838,88829137,185299
44320487,88640974,88826267,185293
44320159,88640318,88825609,185291
44315279,88630558,88815838,185280
44313481,88626962,88812233,185271
44313375,88626750,88812020,185270
44313179,88626358,88811626,185268
44312043,88624086,88809346,185260
44307567,88615134,88800394,185260
44306607,88613214,88798468,185254
44306279,88612558,88797796,185238
44305151,88610302,88795532,185230
44304551,88609102,88794332,185230
44300759,88601518,88786744,185226
44298977,88597954,88783172,185218
44298237,88596474,88781677,185203
44296255,88592510,88777705,185195
44292861,88585722,88770907,185185
44292455,88584910,88770089,185179
44291791,88583582,88768756,185174
44291209,88582418,88767592,185174
44290767,88581534,88766705,185171
44288219,88576438,88761604,185166
44287315,88574630,88759790,185160
44285241,88570482,88755640,185158
44285163,88570326,88755473,185147
44282559,88565118,88750255,185137
44279879,88559758,88744894,185136
44279807,88559614,88744736,185122
44276863,88553726,88738847,185121
44275759,88551518,88736635,185117
44274911,88549822,88734928,185106
44273207,88546414,88731509,185095
44272937,88545874,88730969,185095
44269811,88539622,88724716,185094
44269227,88538454,88723546,185092
44267447,88534894,88719982,185088
44265775,88531550,88716616,185066
44265243,88530486,88715549,185063
44263583,88527166,88712221,185055
44260799,88521598,88706650,185052
44256103,88512206,88697248,185042
44255785,88511570,88696610,185040
44255625,88511250,88696282,185032
44255571,88511142,88696174,185032
44255471,88510942,88695965,185023
44253609,88507218,88692236,185018
44253599,88507198,88692214,185016
44250899,88501798,88686814,185016
44248553,88497106,88682104,184998
44248327,88496654,88681652,184998
44248091,88496182,88681180,184998
44246943,88493886,88678880,184994
44246811,88493622,88678606,184984
44242279,88484558,88669532,184974
44239527,88479054,88664020,184966
44238847,88477694,88662652,184958
44238619,88477238,88662190,184952
44234665,88469330,88654267,184937
44232447,88464894,88649822,184928
44228223,88456446,88641371,184925
44228031,88456062,88640972,184910
44227527,88455054,88639963,184909
44226539,88453078,88637986,184908
44225007,88450014,88634914,184900
44222975,88445950,88630841,184891
44221439,88442878,88627765,184887
44221417,88442834,88627718,184884
44220415,88440830,88625708,184878
44217227,88434454,88619326,184872
44216733,88433466,88618337,184871
44216411,88432822,88617685,184863
44211435,88422870,88607722,184852
44209567,88419134,88603982,184848
44209279,88418558,88603397,184839
44207759,88415518,88600355,184837
44207663,88415326,88600156,184830
44207387,88414774,88599595,184821
44203727,88407454,88592258,184804
44201299,88402598,88587398,184800
44200679,88401358,88586156,184798
44200027,88400054,88584847,184793
44199679,88399358,88584143,184785
44196399,88392798,88577576,184778
44196319,88392638,88577414,184776
44192703,88385406,88570169,184763
44192425,88384850,88569610,184760
44185427,88370854,88555594,184740
44184519,88369038,88553776,184738
44184223,88368446,88553176,184730
44183905,88367810,88552538,184728
44180991,88361982,88546709,184727
44179755,88359510,88544222,184712
44177575,88355150,88539848,184698
44175903,88351806,88536503,184697
44172201,88344402,88529092,184690
44170879,88341758,88526429,184671
44169643,88339286,88523950,184664
44167791,88335582,88520242,184660
44167407,88334814,88519466,184652
44164359,88328718,88513361,184643
44162919,88325838,88510481,184643
44161591,88323182,88507814,184632
44160795,88321590,88506215,184625
44156425,88312850,88497467,184617
44155375,88310750,88495352,184602
44154879,88309758,88494358,184600
44151551,88303102,88487687,184585
44147695,88295390,88479965,184575
44146383,88292766,88477331,184565
44141865,88283730,88468280,184550
44139163,88278326,88462870,184544
44138875,88277750,88462288,184538
44137191,88274382,88458916,184534
44135003,88270006,88454537,184531
44134223,88268446,88452974,184528
44134057,88268114,88452634,184520
44133319,88266638,88451152,184514
44129947,88259894,88444406,184512
44128511,88257022,88441522,184500
44128415,88256830,88441324,184494
44125167,88250334,88434811,184477
44118767,88237534,88421989,184455
44118393,88236786,88421236,184450
44115945,88231890,88416340,184450
44114623,88229246,88413682,184436
44111583,88223166,88407593,184427
44111401,88222802,88407227,184425
44104435,88208870,88393265,184395
44102375,88204750,88389139,184389
44102271,88204542,88388923,184381
44101403,88202806,88387184,184378
44098303,88196606,88380976,184370
44097761,88195522,88379890,184368
44097307,88194614,88378973,184359
44096287,88192574,88376933,184359
44095231,88190462,88374817,184355
44093055,88186110,88370459,184349
44091731,88183462,88367804,184342
44090303,88180606,88364938,184332
44089839,88179678,88364006,184328
44087743,88175486,88359808,184322
44086607,88173214,88357532,184318
44084479,88168958,88353265,184307
44084031,88168062,88352369,184307
44083679,88167358,88351661,184303
44079551,88159102,88343399,184297
44077723,88155446,88339742,184296
44077673,88155346,88339628,184282
44076591,88153182,88337456,184274
44073057,88146114,88330385,184271
44072275,88144550,88328807,184257
44068891,88137782,88322026,184244
44067563,88135126,88319365,184239
44066431,88132862,88317098,184236
44064223,88128446,88312678,184232
44063655,88127310,88311539,184229
44063215,88126430,88310657,184227
44060351,88120702,88304909,184207
44059001,88118002,88302203,184201
44056751,88113502,88297697,184195
44053161,88106322,88290497,184175
44050429,88100858,88285025,184167
44045797,88091594,88275761,184167
44045289,88090578,88274731,184153
44043903,88087806,88271945,184139
44042527,88085054,88269188,184134
44038017,88076034,88260160,184126
44036991,88073982,88258099,184117
44036799,88073598,88257707,184109
44033351,88066702,88250798,184096
44032091,88064182,88248275,184093
44028243,88056486,88240558,184072
44023721,88047442,88231508,184066
44023423,88046846,88230896,184050
44020763,88041526,88225568,184042
44019119,88038238,88222277,184039
44017903,88035806,88219844,184038
44017279,88034558,88218584,184026
44013567,88027134,88211153,184019
44012271,88024542,88208554,184012
44011489,88022978,88206988,184010
44010495,88020990,88204994,184004
44009849,88019698,88203694,183996
44008079,88016158,88200149,183991
44004107,88008214,88192204,183990
44003847,88007694,88191682,183988
44002791,88005582,88189559,183977
44001439,88002878,88186849,183971
44000595,88001190,88185152,183962
44000425,88000850,88184807,183957
43997291,87994582,88178534,183952
43996095,87992190,88176127,183937
43995135,87990270,88174204,183934
43991143,87982286,88166218,183932
43990655,87981310,88165226,183916
43989673,87979346,88163261,183915
43986879,87973758,88157663,183905
43986791,87973582,88157483,183901
43984667,87969334,88153223,183889
43980799,87961598,88145476,183878
43979177,87958354,88142231,183877
43976871,87953742,88137610,183868
43976617,87953234,88137091,183857
43976295,87952590,88136443,183853
43972095,87944190,88128040,183850
43971425,87942850,88126693,183843
43970863,87941726,88125568,183842
43969407,87938814,88122644,183830
43967519,87935038,88118867,183829
43966829,87933658,88117480,183822
43966079,87932158,88115971,183813
43965055,87930110,88113919,183809
43964271,87928542,88112345,183803
43961075,87922150,88105952,183802
43959423,87918846,88102646,183800
43959323,87918646,88102444,183798
43958267,87916534,88100324,183790
43957663,87915326,88099109,183783
43957331,87914662,88098440,183778
43955431,87910862,88094638,183776
43954931,87909862,88093636,183774
43954627,87909254,88093028,183774
43952239,87904478,88088233,183755
43951131,87902262,88086010,183748
43950761,87901522,88085269,183747
43947919,87895838,88079584,183746
43944919,87889838,88073584,183746
43944105,87888210,88071947,183737
43940841,87881682,88065394,183712
43938953,87877906,88061608,183702
43933167,87866334,88050023,183689
43932139,87864278,88047952,183674
43929535,87859070,88042729,183659
43926623,87853246,88036901,183655
43926143,87852286,88035931,183645
43925929,87851858,88035502,183644
43923945,87847890,88031534,183644
43923311,87846622,88030264,183642
43922985,87845970,88029605,183635
43922175,87844350,88027978,183628
43920711,87841422,88025048,183626
43917737,87835474,88019095,183621
43917311,87834622,88018235,183613
43914405,87828810,88012421,183611
43914331,87828662,88012261,183599
43914267,87828534,88012127,183593
43910483,87820966,88004548,183582
43909119,87818238,88001812,183574
43906735,87813470,87997043,183573
43906075,87812150,87995722,183572
43904681,87809362,87992929,183567
43903721,87807442,87990995,183553
43902591,87805182,87988727,183545
43898793,87797586,87981121,183535
43895691,87791382,87974909,183527
43893675,87787350,87970877,183527
43893095,87786190,87969716,183526
43892767,87785534,87969046,183512
43888681,87777362,87960856,183494
43885181,87770362,87953845,183483
43884665,87769330,87952801,183471
43881753,87763506,87946972,183466
43878719,87757438,87940903,183465
43878447,87756894,87940351,183457
43876199,87752398,87935840,183442
43874911,87749822,87933262,183440
43871881,87743762,87927182,183420
43871263,87742526,87925943,183417
43869695,87739390,87922802,183412
43868783,87737566,87920977,183411
43868251,87736502,87919906,183404
43867703,87735406,87918808,183402
43861351,87722702,87906080,183378
43860607,87721214,87904586,183372
43853593,87707186,87890534,183348
43852841,87705682,87889025,183343
43850911,87701822,87885152,183330
43848943,87697886,87881213,183327
43848347,87696694,87880018,183324
43846185,87692370,87875692,183322
43845871,87691742,87875057,183315
43845739,87691478,87874793,183315
43845103,87690206,87873520,183314
43844287,87688574,87871877,183303
43839103,87678206,87861494,183288
43836863,87673726,87857014,183288
43836059,87672118,87855406,183288
43834879,87669758,87853019,183261
43829943,87659886,87843145,183259
43829407,87658814,87842056,183242
43827291,87654582,87837821,183239
43824639,87649278,87832510,183232
43822183,87644366,87827578,183212
43819307,87638614,87821824,183210
43818703,87637406,87820607,183201
43818175,87636350,87819551,183201
43818047,87636094,87819290,183196
43816119,87632238,87815432,183194
43814639,87629278,87812456,183178
43813659,87627318,87810491,183173
43810927,87621854,87805025,183171
43810795,87621590,87804760,183170
43809903,87619806,87802976,183170
43806361,87612722,87795871,183149
43804201,87608402,87791542,183140
43802887,87605774,87788914,183140
43800575,87601150,87784288,183138
43800137,87600274,87783412,183138
43799807,87599614,87782741,183127
43799393,87598786,87781907,183121
43797743,87595486,87778604,183118
43796553,87593106,87776219,183113
43796535,87593070,87776179,183109
43795425,87590850,87773950,183100
43790063,87580126,87763216,183090
43788927,87577854,87760940,183086
43786731,87573462,87756532,183070
43786407,87572814,87755884,183070
43784815,87569630,87752695,183065
43783479,87566958,87750010,183052
43778173,87556346,87739396,183050
43776677,87553354,87736381,183027
43775743,87551486,87734512,183026
43775103,87550206,87733219,183013
43772351,87544702,87727703,183001
43771017,87542034,87725032,182998
43769471,87538942,87721930,182988
43769279,87538558,87721544,182986
43767097,87534194,87717178,182984
43763583,87527166,87710141,182975
43763199,87526398,87709372,182974
43761977,87523954,87706925,182971
43761545,87523090,87706054,182964
43760367,87520734,87703688,182954
43759151,87518302,87701255,182953
43759145,87518290,87701237,182947
43755433,87510866,87693802,182936
43755135,87510270,87693197,182927
43753631,87507262,87690188,182926
43752425,87504850,87687772,182922
43749353,87498706,87681614,182908
43748393,87496786,87679693,182907
43746439,87492878,87675784,182906
43744481,87488962,87671861,182899
43742973,87485946,87668828,182882
43742655,87485310,87668188,182878
43741343,87482686,87665561,182875
43741127,87482254,87665129,182875
43739199,87478398,87661271,182873
43737199,87474398,87657262,182864
43736299,87472598,87655462,182864
43735807,87471614,87654461,182847
43732415,87464830,87647672,182842
43728991,87457982,87640805,182823
43727591,87455182,87638002,182820
43725993,87451986,87634801,182815
43725961,87451922,87634730,182808
43723495,87446990,87629795,182805
43721721,87443442,87626242,182800
43721609,87443218,87626009,182791
43719251,87438502,87621290,182788
43719167,87438334,87621113,182779
43717971,87435942,87618721,182779
43717023,87434046,87616822,182776
43716143,87432286,87615053,182767
43713767,87427534,87610300,182766
43712425,87424850,87607604,182754
43711423,87422846,87605599,182753
43711207,87422414,87605159,182745
43709679,87419358,87602098,182740
43709439,87418878,87601618,182740
43708457,87416914,87599654,182740
43707113,87414226,87596963,182737
43705279,87410558,87593278,182720
43703369,87406738,87589456,182718
43702431,87404862,87587573,182711
43702119,87404238,87586946,182708
43699615,87399230,87581926,182696
43698857,87397714,87580408,182694
43693287,87386574,87569245,182671
43692143,87384286,87566951,182665
43690239,87380478,87563140,182662
43689755,87379510,87562166,182656
43689243,87378486,87561139,182653
43685743,87371486,87554128,182642
43682031,87364062,87546700,182638
43681705,87363410,87546035,182625
43678827,87357654,87540268,182614
43678717,87357434,87540047,182613
43678377,87356754,87539363,182609
43676393,87352786,87535394,182608
43675191,87350382,87532984,182602
43673577,87347154,87529747,182593
43672703,87345406,87527996,182590
43671599,87343198,87525785,182587
43667147,87334294,87516881,182587
43666927,87333854,87516430,182576
43665663,87331326,87513898,182572
43665575,87331150,87513716,182566
43665407,87330814,87513367,182553
43662695,87325390,87507938,182548
43661737,87323474,87506014,182540
43658879,87317758,87500282,182524
43654863,87309726,87492244,182518
43651615,87303230,87485728,182498
43650407,87300814,87483304,182490
43647847,87295694,87478174,182480
43645115,87290230,87472709,182479
43644031,87288062,87470530,182468
43641855,87283710,87466168,182458
43638399,87276798,87459244,182446
43636151,87272302,87454748,182446
43635679,87271358,87453796,182438
43635367,87270734,87453166,182432
43632511,87265022,87447443,182421
43632127,87264254,87446672,182418
43629217,87258434,87440851,182417
43628635,87257270,87439672,182402
43627759,87255518,87437920,182402
43626455,87252910,87435308,182398
43623911,87247822,87430216,182394
43622895,87245790,87428171,182381
43621735,87243470,87425851,182381
43620543,87241086,87423460,182374
43618971,87237942,87420301,182359
43618151,87236302,87418660,182358
43614519,87229038,87411395,182357
43614235,87228470,87410816,182346
43611133,87222266,87404602,182336
43608103,87216206,87398531,182325
43607291,87214582,87396898,182316
43606279,87212558,87394871,182313
43605711,87211422,87393728,182306
43600737,87201474,87383767,182293
43598151,87196302,87378578,182276
43597519,87195038,87377309,182271
43597367,87194734,87377005,182271
43594409,87188818,87371080,182262
43592361,87184722,87366971,182249
43589799,87179598,87361843,182245
43584751,87169502,87351722,182220
43582951,87165902,87348116,182214
43582121,87164242,87346448,182206
43578831,87157662,87339868,182206
43578523,87157046,87339248,182202
43575295,87150590,87332768,182178
43571359,87142718,87324884,182166
43570503,87141006,87323170,182164
43568999,87137998,87320150,182152
43568425,87136850,87319000,182150
43564703,87129406,87311542,182136
43563847,87127694,87309829,182135
43561447,87122894,87305026,182132
43561279,87122558,87304679,182121
43556863,87113726,87295826,182100
43554907,87109814,87291905,182091
43551551,87103102,87285185,182083
43550633,87101266,87283345,182079
43549787,87099574,87281651,182077
43548555,87097110,87279184,182074
43548265,87096530,87278597,182067
43546847,87093694,87275758,182064
43546783,87093566,87275623,182057
43543647,87087294,87269350,182056
43540617,87081234,87263284,182050
43536879,87073758,87255778,182020
43534459,87068918,87250931,182013
43532031,87064062,87246062,182000
43531145,87062290,87244289,181999
43530011,87060022,87242020,181998
43529551,87059102,87241093,181991
43528863,87057726,87239713,181987
43527407,87054814,87236797,181983
43526521,87053042,87235019,181977
43522825,87045650,87227621,181971
43522375,87044750,87226720,181970
43521439,87042878,87224848,181970
43518191,87036382,87218350,181968
43516799,87033598,87215548,181950
43516155,87032310,87214240,181930
43511143,87022286,87204202,181916
43510943,87021886,87203798,181912
43510239,87020478,87202384,181906
43506799,87013598,87195503,181905
43505193,87010386,87192274,181888
43500639,87001278,87183161,181883
43500393,87000786,87182669,181883
43499479,86998958,87180838,181880
43497007,86994014,87175871,181857
43496551,86993102,87174953,181851
43495423,86990846,87172696,181850
43494527,86989054,87170894,181840
43491495,86982990,87164824,181834
43489961,86979922,87161752,181830
43487463,86974926,87156746,181820
43485695,86971390,87153196,181806
43484423,86968846,87150652,181806
43483017,86966034,87147839,181805
43482977,86965954,87147751,181797
43482879,86965758,87147551,181793
43479663,86959326,87141106,181780
43479223,86958446,87140225,181779
43478431,86956862,87138641,181779
43476023,86952046,87133819,181773
43473897,86947794,87129553,181759
43471129,86942258,87124015,181757
43469985,86939970,87121727,181757
43469759,86939518,87121264,181746
43466951,86933902,87115642,181740
43466409,86932818,87114548,181730
43465759,86931518,87113245,181727
43465383,86930766,87112493,181727
43465215,86930430,87112145,181715
43463771,86927542,87109256,181714
43459543,86919086,87100792,181706
43458687,86917374,87099067,181693
43457771,86915542,87097231,181689
43456679,86913358,87095047,181689
43454739,86909478,87091157,181679
43451375,86902750,87084412,181662
43448317,86896634,87078284,181650
43446455,86892910,87074554,181644
43445607,86891214,87072853,181639
43445247,86890494,87072131,181637
43443711,86887422,87069052,181630
43443067,86886134,87067762,181628
43442943,86885886,87067510,181624
43441455,86882910,87064528,181618
43439343,86878686,87060296,181610
43434311,86868622,87050213,181591
43433755,86867510,87049097,181587
43431195,86862390,87043966,181576
43430265,86860530,87042104,181574
43427487,86854974,87036533,181559
43422719,86845438,87026977,181539
43421543,86843086,87024620,181534
43420927,86841854,87023387,181533
43418623,86837246,87018772,181526
43417159,86834318,87015838,181520
43415929,86831858,87013372,181514
43414687,86829374,87010880,181506
43412203,86824406,87005906,181500
43406977,86813954,86995433,181479
43401513,86803026,86984494,181468
43400987,86801974,86983438,181464
43400703,86801406,86982856,181450
43398425,86796850,86978299,181449
43396447,86792894,86974334,181440
43395753,86791506,86972933,181427
43393999,86787998,86969425,181427
43393145,86786290,86967715,181425
43392831,86785662,86967085,181423
43392719,86785438,86966851,181413
43390191,86780382,86961788,181406
43387207,86774414,86955820,181406
43387087,86774174,86955569,181395
43383969,86767938,86949319,181381
43383591,86767182,86948560,181378
43381473,86762946,86944319,181373
43380987,86761974,86943341,181367
43380393,86760786,86942153,181367
43378857,86757714,86939072,181358
43375335,86750670,86932012,181342
43371463,86742926,86924266,181340
43371135,86742270,86923597,181327
43370599,86741198,86922520,181322
43368775,86737550,86918866,181316
43367679,86735358,86916671,181313
43366909,86733818,86915128,181310
43365513,86731026,86912332,181306
43364871,86729742,86911046,181304
43364047,86728094,86909398,181304
43361127,86722254,86903543,181289
43360575,86721150,86902433,181283
43358397,86716794,86898076,181282
43356779,86713558,86894836,181278
43356459,86712918,86894192,181274
43354793,86709586,86890846,181260
43354489,86708978,86890234,181256
43352063,86704126,86885372,181246
43351199,86702398,86883641,181243
43347625,86695250,86876491,181241
43346751,86693502,86874725,181223
43345079,86690158,86871380,181222
43343017,86686034,86867243,181209
43339391,86678782,86859973,181191
43336511,86673022,86854211,181189
43336319,86672638,86853820,181182
43335071,86670142,86851322,181180
43334427,86668854,86850026,181172
43332847,86665694,86846863,181169
43332063,86664126,86845288,181162
43329703,86659406,86840566,181160
43327709,86655418,86836576,181158
43325043,86650086,86831242,181156
43324443,86648886,86830015,181129
43321721,86643442,86824561,181119
43316255,86632510,86813612,181102
43315197,86630394,86811491,181097
43314489,86628978,86810071,181093
43314023,86628046,86809133,181087
43312999,86625998,86807080,181082
43311551,86623102,86804180,181078
43311423,86622846,86803924,181078
43308571,86617142,86798206,181064
43307175,86614350,86795414,181064
43305403,86610806,86791862,181056
43303415,86606830,86787880,181050
43303135,86606270,86787314,181044
43302683,86605366,86786410,181044
43300775,86601550,86782589,181039
43299155,86598310,86779340,181030
43297983,86595966,86776996,181030
43297087,86594174,86775196,181022
43295323,86590646,86771660,181014
43293951,86587902,86768902,181000
43292699,86585398,86766395,180997
43286717,86573434,86754428,180994
43285985,86571970,86752942,180972
43283177,86566354,86747321,180967
43280511,86561022,86741968,180946
43279727,86559454,86740400,180946
43278409,86556818,86737757,180939
43275199,86550398,86731319,180921
43271659,86543318,86724229,180911
43266815,86533630,86714530,180900
43264603,86529206,86710088,180882
43261311,86522622,86703502,180880
43260703,86521406,86702272,180866
43259647,86519294,86700158,180864
43258601,86517202,86698066,180864
43258351,86516702,86697556,180854
43257191,86514382,86695231,180849
43256831,86513662,86694506,180844
43255807,86511614,86692454,180840
43253439,86506878,86687711,180833
43250151,86500302,86681128,180826
43249407,86498814,86679634,180820
43245547,86491094,86671901,180807
43241887,86483774,86664568,180794
43240239,86480478,86661272,180794
43237519,86475038,86655818,180780
43236919,86473838,86654605,180767
43236079,86472158,86652922,180764
43231995,86463990,86644741,180751
43226215,86452430,86633153,180723
43225567,86451134,86631851,180717
43221673,86443346,86624048,180702
43220127,86440254,86620954,180700
43219739,86439478,86620171,180693
43217439,86434878,86615560,180682
43211471,86422942,86603600,180658
43210843,86421686,86602342,180656
43207451,86414902,86595556,180654
43207083,86414166,86594818,180652
43206015,86412030,86592665,180635
43200703,86401406,86582033,180627
43200511,86401022,86581636,180614
43197053,86394106,86574719,180613
43195503,86391006,86571611,180605
43193883,86387766,86568358,180592
43188547,86377094,86557666,180572
43186919,86373838,86554391,180553
43183743,86367486,86548034,180548
43183263,86366526,86547064,180538
43180391,86360782,86541311,180529
43180153,86360306,86540833,180527
43178495,86356990,86537510,180520
43175137,86350274,86530787,180513
43173115,86346230,86526736,180506
43172127,86344254,86524760,180506
43170559,86341118,86521606,180488
43166175,86332350,86512823,180473
43164955,86329910,86510375,180465
43162395,86324790,86505248,180458
43157679,86315358,86495794,180436
43157147,86314294,86494726,180432
43155415,86310830,86491261,180431
43155113,86310226,86490656,180430
43153449,86306898,86487320,180422
43152231,86304462,86484874,180412
43152127,86304254,86484662,180408
43148831,86297662,86478070,180408
43148415,86296830,86477230,180400
43147431,86294862,86475256,180394
43145307,86290614,86471005,180391
43142881,86285762,86466140,180378
43141287,86282574,86462939,180365
43137245,86274490,86454850,180360
43136339,86272678,86453023,180345
43133607,86267214,86447549,180335
43133055,86266110,86446439,180329
43129513,86259026,86439352,180326
43127111,86254222,86434526,180304
43123967,86247934,86428235,180301
43122341,86244682,86424982,180300
43120743,86241486,86421775,180289
43120155,86240310,86420590,180280
43113775,86227550,86407816,180266
43112615,86225230,86405483,180253
43112555,86225110,86405363,180253
43112061,86224122,86404372,180250
43111915,86223830,86404076,180246
43110911,86221822,86402060,180238
43108975,86217950,86398178,180228
43106843,86213686,86393911,180225
43104287,86208574,86388790,180216
43101183,86202366,86382562,180196
43099625,86199250,86379442,180192
43097627,86195254,86375440,180186
43096959,86193918,86374100,180182
43096731,86193462,86373640,180178
43094495,86188990,86369159,180169
43092459,86184918,86365084,180166
43090791,86181582,86361734,180152
43089767,86179534,86359682,180148
43083489,86166978,86347120,180142
43083219,86166438,86346580,180142
43083199,86166398,86346518,180120
43079671,86159342,86339461,180119
43078817,86157634,86337748,180114
43078313,86156626,86336728,180102
43077543,86155086,86335186,180100
43077311,86154622,86334719,180097
43073919,86147838,86327930,180092
43071259,86142518,86322601,180083
43069655,86139310,86319391,180081
43069351,86138702,86318765,180063
43066815,86133630,86313691,180061
43066783,86133566,86313617,180051
43060379,86120758,86300800,180042
43059375,86118750,86298772,180022
43055439,86110878,86290900,180022
43054111,86108222,86288224,180002
43052713,86105426,86285423,179997
43050743,86101486,86281475,179989
43050587,86101174,86281162,179988
43049407,86098814,86278796,179982
43048489,86096978,86276954,179976
43044831,86089662,86269637,179975
43044159,86088318,86268284,179966
43043923,86087846,86267810,179964
43042043,86084086,86264036,179950
43038335,86076670,86256616,179946
43036831,86073662,86253589,179927
43033567,86067134,86247046,179912
43031551,86063102,86243008,179906
43029831,86059662,86239564,179902
43026075,86052150,86232043,179893
43025855,86051710,86231591,179881
43024495,86048990,86228864,179874
43018879,86037758,86217617,179859
43018239,86036478,86216327,179849
43013459,86026918,86206756,179838
43013099,86026198,86206031,179833
43012051,86024102,86203931,179829
43010671,86021342,86201170,179828
43009211,86018422,86198242,179820
43008859,86017718,86197534,179816
43008511,86017022,86196835,179813
43008425,86016850,86196662,179812
43008111,86016222,86196028,179806
43002671,86005342,86185129,179787
43002311,86004622,86184409,179787
42998951,85997902,86177686,179784
42998911,85997822,86177591,179769
42997183,85994366,86174126,179760
42996047,85992094,86171852,179758
42994175,85988350,86168096,179746
42993023,85986046,86165792,179746
42990975,85981950,86161688,179738
42990079,85980158,86159894,179736
42988191,85976382,86156116,179734
42986287,85972574,86152300,179726
42983783,85967566,86147278,179712
42983451,85966902,86146606,179704
42980691,85961382,86141078,179696
42980219,85960438,86140132,179694
42977447,85954894,86134585,179691
42975951,85951902,86131583,179681
42975343,85950686,86130358,179672
42974185,85948370,86128039,179669
42971135,85942270,86121919,179649
42967999,85935998,86115637,179639
42966921,85933842,86113478,179636
42964763,85929526,86109155,179629
42963483,85926966,86106590,179624
42962081,85924162,86103785,179623
42961947,85923894,86103515,179621
42961465,85922930,86102549,179619
42961065,85922130,86101738,179608
42958011,85916022,86095624,179602
42956079,85912158,86091752,179594
42951333,85902666,86082257,179591
42949537,85899074,86078650,179576
42949403,85898806,86078369,179563
42948587,85897174,86076734,179560
42947923,85895846,86075401,179555
42944139,85888278,86067833,179555
42943979,85887958,86067502,179544
42943579,85887158,86066695,179537
42941543,85883086,86062619,179533
42941097,85882194,86061724,179530
42940415,85880830,86060351,179521
42937039,85874078,86053594,179516
42933385,85866770,86046280,179510
42933375,85866750,86046245,179495
42932967,85865934,86045428,179494
42931871,85863742,86043230,179488
42927999,85855998,86035486,179488
42926527,85853054,86032529,179475
42925535,85851070,86030536,179466
42925183,85850366,86029828,179462
42923689,85847378,86026835,179457
42922879,85845758,86025208,179450
42920751,85841502,86020951,179449
42919081,85838162,86017598,179436
42918527,85837054,86016485,179431
42915457,85830914,86010340,179426
42913903,85827806,86007224,179418
42912255,85824510,86003918,179408
42911983,85823966,86003371,179405
42910879,85821758,86001161,179403
42909305,85818610,85998010,179400
42907071,85814142,85993540,179398
42906687,85813374,85992769,179395
42905711,85811422,85990814,179392
42905599,85811198,85990588,179390
42904743,85809486,85988870,179384
42904569,85809138,85988518,179380
42904223,85808446,85987822,179376
42903551,85807102,85986470,179368
42900391,85800782,85980143,179361
42896285,85792570,85971928,179358
42895775,85791550,85970891,179341
42894119,85788238,85967569,179331
42893473,85786946,85966277,179331
42888019,85776038,85955363,179325
42887279,85774558,85953869,179311
42886703,85773406,85952711,179305
42885343,85770686,85949981,179295
42883583,85767166,85946458,179292
42881703,85763406,85942684,179278
42875305,85750610,85929866,179256
42873599,85747198,85926442,179244
42872679,85745358,85924598,179240
42868863,85737726,85916956,179230
42868025,85736050,85915276,179226
42867455,85734910,85914130,179220
42866895,85733790,85913005,179215
42863599,85727198,85906399,179201
42859519,85719038,85898230,179192
42859517,85719034,85898221,179187
42858409,85716818,85896001,179183
42856683,85713366,85892546,179180
42855663,85711326,85890496,179170
42852263,85704526,85883696,179170
42852091,85704182,85883348,179166
42851487,85702974,85882130,179156
42851023,85702046,85881202,179156
42850407,85700814,85879966,179152
42849619,85699238,85878389,179151
42848735,85697470,85876612,179142
42845631,85691262,85870394,179132
42842921,85685842,85864967,179125
42842623,85685246,85864360,179114
42839359,85678718,85857820,179102
42839167,85678334,85857434,179100
42835503,85671006,85850104,179098
42834921,85669842,85848934,179092
42834651,85669302,85848383,179081
42831871,85663742,85842818,179076
42831465,85662930,85842004,179074
42829537,85659074,85838146,179072
42828115,85656230,85835302,179072
42827879,85655758,85834822,179064
42827547,85655094,85834145,179051
42825015,85650030,85829074,179044
42820795,85641590,85820632,179042
42820339,85640678,85819714,179036
42818287,85636574,85815602,179028
42817647,85635294,85814314,179020
42816543,85633086,85812095,179009
42814879,85629758,85808767,179009
42813211,85626422,85805426,179004
42811389,85622778,85801774,178996
42808623,85617246,85796237,178991
42805607,85611214,85790182,178968
42803227,85606454,85785406,178952
42801535,85603070,85782019,178949
42800265,85600530,85779472,178942
42797823,85595646,85774585,178939
42797431,85594862,85773796,178934
42796479,85592958,85771883,178925
42794395,85588790,85767709,178919
42794151,85588302,85767214,178912
42791663,85583326,85762232,178906
42791049,85582098,85761004,178906
42790505,85581010,85759913,178903
42788777,85577554,85756448,178894
42788351,85576702,85755587,178885
42787583,85575166,85754051,178885
42785791,85571582,85750460,178878
42783871,85567742,85746610,178868
42783743,85567486,85746352,178866
42777471,85554942,85733788,178846
42774619,85549238,85728076,178838
42772139,85544278,85723108,178830
42771903,85543806,85722628,178822
42769663,85539326,85718140,178814
42768559,85537118,85715927,178809
42767599,85535198,85714000,178802
42764991,85529982,85708778,178796
42764457,85528914,85707710,178796
42763823,85527646,85706434,178788
42761663,85523326,85702106,178780
42761099,85522198,85700975,178777
42759375,85518750,85697524,178774
42759111,85518222,85696996,178774
42758911,85517822,85696586,178764
42756607,85513214,85691969,178755
42754159,85508318,85687072,178754
42753215,85506430,85685182,178752
42751647,85503294,85682036,178742
42751423,85502846,85681588,178742
42749375,85498750,85677473,178723
42748955,85497910,85676633,178723
42746281,85492562,85671283,178721
42744551,85489102,85667807,178705
42740987,85481974,85660664,178690
42739839,85479678,85658366,178688
42737691,85475382,85654060,178678
42736359,85472718,85651396,178678
42733679,85467358,85646018,178660
42731291,85462582,85641236,178654
42730779,85461558,85640206,178648
42729167,85458334,85636973,178639
42728391,85456782,85635419,178637
42725753,85451506,85630142,178636
42722047,85444094,85622719,178625
42720595,85441190,85619806,178616
42719759,85439518,85618129,178611
42716351,85432702,85611310,178608
42715775,85431550,85610140,178590
42715615,85431230,85609813,178583
42713755,85427510,85606091,178581
42710527,85421054,85599625,178571
42709659,85419318,85597876,178558
42706081,85412162,85590715,178553
42705855,85411710,85590263,178553
42705639,85411278,85589824,178546
42704895,85409790,85588336,178546
42703849,85407698,85586240,178542
42702835,85405670,85584212,178542
42701135,85402270,85580800,178530
42700959,85401918,85580441,178523
42699735,85399470,85577992,178522
42696745,85393490,85572004,178514
42695935,85391870,85570382,178512
42695521,85391042,85569550,178508
42695033,85390066,85568566,178500
42693959,85387918,85566413,178495
42691615,85383230,85561717,178487
42691007,85382014,85560496,178482
42690407,85380814,85559291,178477
42686111,85372222,85550698,178476
42684969,85369938,85548400,178462
42679273,85358546,85536988,178442
42675559,85351118,85529560,178442
42675463,85350926,85529363,178437
42675071,85350142,85528561,178419
42672999,85345998,85524403,178405
42666855,85333710,85512104,178394
42664807,85329614,85507994,178380
42663423,85326846,85505218,178372
42662399,85324798,85503157,178359
42659687,85319374,85497724,178350
42656951,85313902,85492246,178344
42654447,85308894,85487236,178342
42651817,85303634,85481963,178329
42651355,85302710,85481032,178322
42650167,85300334,85478654,178320
42649759,85299518,85477832,178314
42648607,85297214,85475519,178305
42648603,85297206,85475509,178303
42645415,85290830,85469122,178292
42645359,85290718,85469009,178291
42644839,85289678,85467968,178290
42644639,85289278,85467568,178290
42642083,85284166,85462456,178290
42641887,85283774,85462054,178280
42640863,85281726,85459999,178273
42638127,85276254,85454519,178265
42636903,85273806,85452064,178258
42631593,85263186,85441432,178246
42630143,85260286,85438528,178242
42629927,85259854,85438081,178227
42628587,85257174,85435397,178223
42628423,85256846,85435067,178221
42625855,85251710,85429924,178214
42624507,85249014,85427227,178213
42623967,85247934,85426144,178210
42623295,85246590,85424788,178198
42623067,85246134,85424332,178198
42619375,85238750,85416934,178184
42615691,85231382,85409558,178176
42615279,85230558,85408720,178162
42612735,85225470,85403626,178156
42609439,85218878,85397030,178152
42607785,85215570,85393709,178139
42606759,85213518,85391657,178139
42606591,85213182,85391308,178126
42602399,85204798,85382920,178122
42601967,85203934,85382044,178110
42601831,85203662,85381771,178109
42599611,85199222,85377322,178100
42597943,85195886,85373986,178100
42597611,85195222,85373314,178092
42596329,85192658,85370746,178088
42594681,85189362,85367449,178087
42593181,85186362,85364441,178079
42591263,85182526,85360592,178066
42589951,85179902,85357961,178059
42585755,85171510,85349555,178045
42585671,85171342,85349386,178044
42585047,85170094,85348136,178042
42581029,85162058,85340098,178040
42580991,85161982,85340006,178024
42579511,85159022,85337044,178022
42579035,85158070,85336090,178020
42578479,85156958,85334969,178011
42577055,85154110,85332116,178006
42576543,85153086,85331090,178004
42573671,85147342,85325339,177997
42570843,85141686,85319669,177983
42568863,85137726,85315694,177968
42567451,85134902,85312870,177968
42562191,85124382,85302335,177953
42562031,85124062,85302004,177942
42560255,85120510,85298444,177934
42559967,85119934,85297865,177931
42557561,85115122,85293047,177925
42555785,85111570,85289488,177918
42551167,85102334,85280242,177908
42551065,85102130,85280033,177903
42548919,85097838,85275731,177893
42548763,85097526,85275412,177886
42547359,85094718,85272604,177886
42545647,85091294,85269178,177884
42545471,85090942,85268825,177883
42544769,85089538,85267420,177882
42544061,85088122,85265999,177877
42541819,85083638,85261504,177866
42540799,85081598,85259464,177866
42540479,85080958,85258816,177858
42540199,85080398,85258252,177854
42538751,85077502,85255352,177850
42538011,85076022,85253863,177841
42533729,85067458,85245296,177838
42533567,85067134,85244957,177823
42532559,85065118,85242937,177819
42526187,85052374,85230184,177810
42525833,85051666,85229458,177792
42524367,85048734,85226519,177785
42522367,85044734,85222508,177774
42519711,85039422,85217186,177764
42514857,85029714,85207477,177763
42512893,85025786,85203526,177740
42511599,85023198,85200934,177736
42510475,85020950,85198682,177732
42509439,85018878,85196608,177730
42508479,85016958,85194679,177721
42505319,85010638,85188347,177709
42503835,85007670,85185371,177701
42502121,85004242,85181942,177700
42499807,84999614,85177312,177698
42499209,84998418,85176098,177680
42494227,84988454,85166117,177663
42492383,84984766,85162418,177652
42488991,84977982,85155622,177640
42486895,84973790,85151422,177632
42483707,84967414,85145033,177619
42483439,84966878,85144492,177614
42483369,84966738,85144351,177613
42481311,84962622,85140232,177610
42480751,84961502,85139108,177606
42478561,84957122,85134721,177599
42477035,84954070,85131668,177598
42475817,84951634,85129226,177592
42473471,84946942,85124519,177577
42468635,84937270,85114826,177556
42467327,84934654,85112201,177547
42467175,84934350,85111894,177544
42463391,84926782,85104314,177532
42461823,84923646,85101175,177529
42461031,84922062,85099582,177520
42457995,84915990,85093505,177515
42456617,84913234,85090742,177508
42455547,84911094,85088600,177506
42455019,84910038,85087535,177497
42453369,84906738,85084229,177491
42450815,84901630,85079110,177480
42450401,84900802,85078282,177480
42447185,84894370,85071850,177480
42446959,84893918,85071382,177464
42446363,84892726,85070183,177457
42443247,84886494,85063949,177455
42441435,84882870,85060318,177448
42440795,84881590,85059028,177438
42438369,84876738,85054174,177436
42437897,84875794,85053226,177432
42437871,84875742,85053166,177424
42437625,84875250,85052674,177424
42436827,84873654,85051078,177424
42435721,84871442,85048859,177417
42434217,84868434,85045841,177407
42431647,84863294,85040692,177398
42429471,84858942,85036337,177395
42426063,84852126,85029514,177388
42425453,84850906,85028285,177379
42423635,84847270,85024637,177367
42421487,84842974,85020334,177360
42421273,84842546,85019905,177359
42416287,84832574,85009918,177344
42416127,84832254,85009588,177334
42414831,84829662,85006988,177326
42412863,84825726,85003048,177322
42409849,84819698,84997016,177318
42409235,84818470,84995779,177309
42409071,84818142,84995444,177302
42405735,84811470,84988763,177293
42405423,84810846,84988133,177287
42401959,84803918,84981202,177284
42399135,84798270,84975530,177260
42396831,84793662,84970912,177250
42393935,84787870,84965114,177244
42393129,84786258,84963494,177236
42392553,84785106,84962339,177233
42389787,84779574,84956800,177226
42386715,84773430,84950644,177214
42386411,84772822,84950036,177214
42386279,84772558,84949765,177207
42385055,84770110,84947314,177204
42382459,84764918,84942118,177200
42382055,84764110,84941303,177193
42380383,84760766,84937949,177183
42378505,84757010,84934190,177180
42376987,84753974,84931144,177170
42374635,84749270,84926432,177162
42371071,84742142,84919286,177144
42368447,84736894,84914027,177133
42367199,84734398,84911527,177129
42364925,84729850,84906970,177120
42364775,84729550,84906670,177120
42361055,84722110,84899215,177105
42357203,84714406,84891511,177105
42356705,84713410,84890501,177091
42354855,84709710,84886799,177089
42354047,84708094,84885172,177078
42353279,84706558,84883630,177072
42351071,84702142,84879214,177072
42350751,84701502,84878563,177061
42349903,84699806,84876865,177059
42347177,84694354,84871405,177051
42345911,84691822,84868870,177048
42345783,84691566,84868612,177046
42345087,84690174,84867209,177035
42341735,84683470,84860498,177028
42339687,84679374,84856385,177011
42335775,84671550,84848546,176996
42331487,84662974,84839966,176992
42330079,84660158,84837148,176990
42329531,84659062,84836051,176989
42328767,84657534,84834520,176986
42328287,84656574,84833554,176980
42328231,84656462,84833426,176964
42327039,84654078,84831035,176957
42321691,84643382,84820324,176942
42320199,84640398,84817331,176933
42319643,84639286,84816214,176928
42317915,84635830,84812758,176928
42317823,84635646,84812566,176920
42317031,84634062,84810982,176920
42311423,84622846,84799744,176898
42309375,84618750,84795640,176890
42305627,84611254,84788126,176872
42302803,84605606,84782470,176864
42302311,84604622,84781486,176864
42301011,84602022,84778886,176864
42299643,84599286,84776146,176860
42298043,84596086,84772943,176857
42297471,84594942,84771778,176836
42296879,84593758,84770590,176832
42295963,84591926,84768758,176832
42295439,84590878,84767710,176832
42293751,84587502,84764327,176825
42290879,84581758,84758575,176817
42290303,84580606,84757414,176808
42288087,84576174,84752980,176806
42287387,84574774,84751568,176794
42285055,84570110,84746897,176787
42283679,84567358,84744137,176779
42282411,84564822,84741599,176777
42278655,84557310,84734080,176770
42278127,84556254,84733010,176756
42277459,84554918,84731674,176756
42275571,84551142,84727894,176752
42274815,84549630,84726373,176743
42271677,84543354,84720094,176740
42271571,84543142,84719872,176730
42267551,84535102,84711818,176716
42267327,84534654,84711362,176708
42262751,84525502,84702203,176701
42261039,84522078,84698764,176686
42259439,84518878,84695564,176686
42257563,84515126,84691798,176672
42256839,84513678,84690350,176672
42255241,84510482,84687146,176664
42254975,84509950,84686609,176659
42253367,84506734,84683392,176658
42251711,84503422,84680066,176644
42248191,84496382,84673024,176642
42246055,84492110,84668740,176630
42245567,84491134,84667760,176626
42243561,84487122,84663737,176615
42242299,84484598,84661210,176612
42239353,84478706,84655307,176601
42236143,84472286,84648883,176597
42235387,84470774,84647356,176582
42233927,84467854,84644435,176581
42233903,84467806,84644386,176580
42233853,84467706,84644281,176575
42229993,84459986,84636556,176570
42229983,84459966,84636526,176560
42227835,84455670,84632219,176549
42227027,84454054,84630602,176548
42225919,84451838,84628373,176535
42221119,84442238,84618770,176532
42220537,84441074,84617597,176523
42219375,84438750,84615272,176522
42219167,84438334,84614843,176509
42218127,84436254,84612761,176507
42215083,84430166,84606671,176505
42214491,84428982,84605479,176497
42214351,84428702,84605195,176493
42210919,84421838,84598312,176474
42208921,84417842,84594316,176474
42207211,84414422,84590891,176469
42204863,84409726,84586180,176454
42202863,84405726,84582178,176452
42201303,84402606,84579052,176446
42198375,84396750,84573172,176422
42195851,84391702,84568117,176415
42194057,84388114,84564520,176406
42192511,84385022,84561418,176396
42191187,84382374,84558770,176396
42188315,84376630,84553012,176382
42186281,84372562,84548942,176380
42185831,84371662,84548033,176371
42184319,84368638,84545005,176367
42183327,84366654,84543020,176366
42180607,84361214,84537574,176360
42176055,84352110,84528448,176338
42175519,84351038,84527374,176336
42173375,84346750,84523085,176335
42173287,84346574,84522904,176330
42172527,84345054,84521374,176320
42171935,84343870,84520186,176316
42170111,84340222,84516533,176311
42165739,84331478,84507785,176307
42162927,84325854,84502138,176284
42161711,84323422,84499691,176269
42160631,84321262,84497528,176266
42158191,84316382,84492634,176252
42154599,84309198,84485450,176252
42153545,84307090,84483332,176242
42148905,84297810,84474040,176230
42147511,84295022,84471233,176211
42146815,84293630,84469835,176205
42144487,84288974,84465173,176199
42144231,84288462,84464656,176194
42143471,84286942,84463136,176194
42141523,84283046,84459238,176192
42139455,84278910,84455099,176189
42137483,84274966,84451139,176173
42136935,84273870,84450034,176164
42136219,84272438,84448601,176163
42133577,84267154,84443309,176155
42133257,84266514,84442667,176153
42130183,84260366,84436510,176144
42129385,84258770,84434912,176142
42125007,84250014,84426137,176123
42120615,84241230,84417349,176119
42119899,84239798,84415912,176114
42117497,84234994,84411085,176091
42117227,84234454,84410542,176088
42113767,84227534,84403619,176085
42113503,84227006,84403084,176078
42111999,84223998,84400060,176062
42109423,84218846,84394898,176052
42108159,84216318,84392363,176045
42104841,84209682,84385726,176044
42103369,84206738,84382774,176036
42101999,84203998,84380020,176022
42101695,84203390,84379411,176021
42098383,84196766,84372769,176003
42095263,84190526,84366521,175995
42091967,84183934,84359908,175974
42087763,84175526,84351496,175970
42087751,84175502,84351466,175964
42087551,84175102,84351061,175959
42084863,84169726,84345676,175950
42081343,84162686,84338626,175940
42081121,84162242,84338176,175934
42080761,84161522,84337456,175934
42077695,84155390,84331307,175917
42076841,84153682,84329597,175915
42076647,84153294,84329207,175913
42075105,84150210,84326122,175912
42073707,84147414,84323326,175912
42073655,84147310,84323213,175903
42073343,84146686,84322588,175902
42071599,84143198,84319094,175896
42069863,84139726,84315613,175887
42067967,84135934,84311810,175876
42066345,84132690,84308566,175876
42064647,84129294,84305161,175867
42062569,84125138,84301000,175862
42061961,84123922,84299779,175857
42060431,84120862,84296714,175852
42058751,84117502,84293345,175843
42057839,84115678,84291511,175833
42055103,84110206,84286034,175828
42053631,84107262,84283085,175823
42053479,84106958,84282773,175815
42053247,84106494,84282307,175813
42045639,84091278,84267076,175798
42043959,84087918,84263696,175778
42041087,84082174,84257941,175767
42040735,84081470,84257234,175764
42033335,84066670,84242420,175750
42033033,84066066,84241799,175733
42032111,84064222,84239947,175725
42029863,84059726,84235445,175719
42026729,84053458,84229172,175714
42026215,84052430,84228137,175707
42023359,84046718,84222407,175689
42019561,84039122,84214802,175680
42018283,84036566,84212237,175671
42016511,84033022,84208681,175659
42014263,84028526,84204184,175658
42011751,84023502,84199144,175642
42008347,84016694,84192322,175628
42003617,84007234,84182848,175614
42001899,84003798,84179408,175610
42001887,84003774,84179375,175601
42000551,84001102,84176699,175597
41997815,83995630,84171224,175594
41996767,83993534,84169114,175580
41993197,83986394,84161972,175578
41992519,83985038,84160598,175560
41985775,83971550,84147100,175550
41985705,83971410,84146944,175534
41983743,83967486,84143009,175523
41982747,83965494,84141017,175523
41981907,83963814,84139337,175523
41981599,83963198,84138716,175518
41978081,83956162,84131674,175512
41977159,83954318,84129830,175512
41976915,83953830,84129340,175510
41976745,83953490,84128996,175506
41975535,83951070,84126575,175505
41974437,83948874,84124372,175498
41971355,83942710,84118189,175479
41970971,83941942,84117413,175471
41967615,83935230,84110687,175457
41967551,83935102,84110557,175455
41965119,83930238,84105692,175454
41964959,83929918,84105368,175450
41958575,83917150,84092572,175422
41957887,83915774,84091193,175419
41955495,83910990,84086399,175409
41953961,83907922,84083326,175404
41952975,83905950,84081352,175402
41952767,83905534,84080932,175398
41951975,83903950,84079348,175398
41950377,83900754,84076144,175390
41948391,83896782,84072166,175384
41948071,83896142,84071524,175382
41946267,83892534,84067915,175381
41946089,83892178,84067546,175368
41942315,83884630,84059998,175368
41940249,83880498,84055850,175352
41937897,83875794,84051134,175340
41936363,83872726,84048052,175326
41933595,83867190,84042512,175322
41932089,83864178,84039496,175318
41930607,83861214,84036523,175309
41929447,83858894,84034190,175296
41925695,83851390,84026680,175290
41923867,83847734,84023021,175287
41921895,83843790,84019054,175264
41919423,83838846,84014104,175258
41918975,83837950,84013204,175254
41917607,83835214,84010463,175249
41916827,83833654,84008899,175245
41913057,83826114,84001355,175241
41910975,83821950,83997170,175220
41908327,83816654,83991872,175218
41907795,83815590,83990803,175213
41907439,83814878,83990081,175203
41906335,83812670,83987869,175199
41904607,83809214,83984408,175194
41904575,83809150,83984344,175194
41902987,83805974,83981164,175190
41902831,83805662,83980847,175185
41900287,83800574,83975758,175184
41899785,83799570,83974751,175181
41897983,83795966,83971135,175169
41896831,83793662,83968822,175160
41893033,83786066,83961224,175158
41892455,83784910,83960062,175152
41892287,83784574,83959721,175147
41891795,83783590,83958734,175144
41890043,83780086,83955230,175144
41889903,83779806,83954938,175132
41887359,83774718,83949848,175130
41886687,83773374,83948501,175127
41886527,83773054,83948174,175120
41884553,83769106,83944225,175119
41882753,83765506,83940622,175116
41879607,83759214,83934326,175112
41878783,83757566,83932672,175106
41878631,83757262,83932360,175098
41878311,83756622,83931706,175084
41877275,83754550,83929628,175078
41876583,83753166,83928244,175078
41876063,83752126,83927204,175078
41873615,83747230,83922304,175074
41873407,83746814,83921876,175062
41870185,83740370,83915428,175058
41869631,83739262,83914309,175047
41867119,83734238,83909284,175046
41865883,83731766,83906806,175040
41865529,83731058,83906098,175040
41865383,83730766,83905798,175032
41865215,83730430,83905460,175030
41864751,83729502,83904532,175030
41863923,83727846,83902876,175030
41862273,83724546,83899570,175024
41860815,83721630,83896648,175018
41859231,83718462,83893463,175001
41856751,83713502,83888495,174993
41855455,83710910,83885902,174992
41854431,83708862,83883845,174983
41852699,83705398,83880380,174982
41852553,83705106,83880088,174982
41852415,83704830,83879804,174974
41849343,83698686,83873650,174964
41848105,83696210,83871170,174960
41847835,83695670,83870630,174960
41845607,83691214,83866160,174946
41844159,83688318,83863259,174941
41840671,83681342,83856280,174938
41839487,83678974,83853895,174921
41839359,83678718,83853638,174920
41837247,83674494,83849404,174910
41834747,83669494,83844401,174907
41834191,83668382,83843284,174902
41831519,83663038,83837933,174895
41830311,83660622,83835506,174884
41829929,83659858,83834741,174883
41827035,83654070,83828945,174875
41826529,83653058,83827925,174867
41826151,83652302,83827168,174866
41822911,83645822,83820683,174861
41822415,83644830,83819690,174860
41821631,83643262,83818108,174846
41820159,83640318,83815156,174838
41817959,83635918,83810752,174834
41816007,83632014,83806840,174826
41814123,83628246,83803066,174820
41812905,83625810,83800624,174814
41811967,83623934,83798738,174804
41810415,83620830,83795629,174799
41806303,83612606,83787392,174786
41804647,83609294,83784079,174785
41803775,83607550,83782330,174780
41801935,83603870,83778644,174774
41799199,83598398,83773153,174755
41796031,83592062,83766803,174741
41794045,83588090,83762824,174734
41791703,83583406,83758135,174729
41790975,83581950,83756668,174718
41787513,83575026,83749733,174707
41783417,83566834,83741525,174691
41781473,83562946,83737628,174682
41781407,83562814,83737496,174682
41780071,83560142,83734814,174672
41775871,83551742,83726396,174654
41774847,83549694,83724344,174650
41771681,83543362,83718011,174649
41769279,83538558,83713202,174644
41768811,83537622,83712262,174640
41768219,83536438,83711063,174625
41767783,83535566,83710189,174623
41766207,83532414,83707033,174619
41764891,83529782,83704394,174612
41761195,83522390,83696990,174600
41760319,83520638,83695234,174596
41758761,83517522,83692109,174587
41757607,83515214,83689796,174582
41757353,83514706,83689282,174576
41754395,83508790,83683361,174571
41752851,83505702,83680267,174565
41750271,83500542,83675105,174563
41750171,83500342,83674892,174550
41748587,83497174,83671724,174550
41748507,83497014,83671562,174548
41746431,83492862,83667392,174530
41742335,83484670,83659193,174523
41741651,83483302,83657825,174523
41736871,83473742,83648233,174491
41732703,83465406,83639893,174487
41730463,83460926,83635406,174480
41729519,83459038,83633500,174462
41726707,83453414,83627869,174455
41725031,83450062,83624507,174445
41722727,83445454,83619886,174432
41721087,83442174,83616604,174430
41719273,83438546,83612974,174428
41716671,83433342,83607766,174424
41712891,83425782,83600180,174398
41710903,83421806,83596190,174384
41709819,83419638,83594018,174380
41709183,83418366,83592740,174374
41707291,83414582,83588951,174369
41705167,83410334,83584696,174362
41701223,83402446,83576789,174343
41699559,83399118,83573461,174343
41698643,83397286,83571625,174339
41698395,83396790,83571124,174334
41696595,83393190,83567518,174328
41695097,83390194,83564513,174319
41694951,83389902,83564219,174317
41693611,83387222,83561537,174315
41693351,83386702,83561017,174315
41690603,83381206,83555504,174298
41688319,83376638,83550926,174288
41686569,83373138,83547425,174287
41685787,83371574,83545858,174284
41685567,83371134,83545415,174281
41683455,83366910,83541179,174269
41678377,83356754,83531002,174248
41676543,83353086,83527324,174238
41674863,83349726,83523961,174235
41673663,83347326,83521552,174226
41672127,83344254,83518478,174224
41669871,83339742,83513956,174214
41667881,83335762,83509973,174211
41664667,83329334,83503534,174200
41664255,83328510,83502706,174196
41662891,83325782,83499967,174185
41660329,83320658,83494840,174182
41659087,83318174,83492356,174182
41657481,83314962,83489132,174170
41656063,83312126,83486294,174168
41654447,83308894,83483054,174160
41654431,83308862,83483014,174152
41653513,83307026,83481178,174152
41653385,83306770,83480920,174150
41651877,83303754,83477900,174146
41651227,83302454,83476588,174134
41648507,83297014,83471146,174132
41647823,83295646,83469766,174120
41646575,83293150,83467265,174115
41643001,83286002,83460107,174105
41642665,83285330,83459434,174104
41640447,83280894,83454988,174094
41639451,83278902,83452987,174085
41636795,83273590,83447675,174085
41633705,83267410,83441470,174060
41628841,83257682,83431729,174047
41628151,83256302,83430343,174041
41626863,83253726,83427758,174032
41625215,83250430,83424455,174025
41623019,83246038,83420063,174025
41621959,83243918,83417938,174020
41619881,83239762,83413768,174006
41615611,83231222,83405213,173991
41611503,83223006,83396992,173986
41608503,83217006,83390978,173972
41607807,83215614,83389580,173966
41606457,83212914,83386870,173956
41605799,83211598,83385544,173946
41605735,83211470,83385416,173946
41599847,83199694,83373614,173920
41597305,83194610,83368520,173910
41594011,83188022,83361923,173901
41593563,83187126,83361022,173896
41592745,83185490,83359385,173895
41589993,83179986,83353876,173890
41588507,83177014,83350885,173871
41582057,83164114,83337977,173863
41581675,83163350,83337196,173846
41579351,83158702,83332547,173845
41578911,83157822,83331664,173842
41575207,83150414,83324234,173820
41572511,83145022,83318834,173812
41571175,83142350,83316158,173808
41569919,83139838,83313631,173793
41568255,83136510,83310302,173792
41566143,83132286,83306065,173779
41562879,83125758,83299535,173777
41562857,83125714,83299481,173767
41559695,83119390,83293150,173760
41557545,83115090,83288848,173758
41557305,83114610,83288353,173743
41554675,83109350,83283086,173736
41554431,83108862,83282591,173729
41552895,83105790,83279518,173728
41549481,83098962,83272670,173708
41546751,83093502,83267203,173701
41546219,83092438,83266138,173700
41545967,83091934,83265629,173695
41544551,83089102,83262796,173694
41543849,83087698,83261384,173686
41541375,83082750,83256425,173675
41537007,83074014,83247677,173663
41536671,83073342,83246996,173654
41534177,83068354,83242007,173653
41532553,83065106,83238754,173648
41531291,83062582,83236228,173646
41528059,83056118,83229748,173630
41527707,83055414,83229034,173620
41527017,83054034,83227654,173620
41524563,83049126,83222734,173608
41521143,83042286,83215888,173602
41520087,83040174,83213770,173596
41517055,83034110,83207695,173585
41516031,83032062,83205635,173573
41515003,83030006,83203577,173571
41512703,83025406,83198968,173562
41511643,83023286,83196838,173552
41511023,83022046,83195593,173547
41506667,83013334,83186878,173544
41506031,83012062,83185594,173532
41503147,83006294,83179816,173522
41502879,83005758,83179271,173513
41502335,83004670,83178181,173511
41497831,82995662,83169173,173511
41497631,82995262,83168753,173491
41494939,82989878,83163364,173486
41492103,82984206,83157683,173477
41491695,82983390,83156866,173476
41490941,82981882,83155349,173467
41490287,82980574,83154035,173461
41488231,82976462,83149922,173460
41486591,82973182,83146642,173460
41485803,82971606,83145055,173449
41485415,82970830,83144269,173439
41483499,82966998,83140432,173434
41481553,82963106,83136539,173433
41478939,82957878,83131306,173428
41477559,82955118,83128544,173426
41476187,82952374,83125790,173416
41472703,82945406,83118797,173391
41468799,82937598,83110972,173374
41465057,82930114,83103479,173365
41464479,82928958,83102314,173356
41462739,82925478,83098834,173356
41462441,82924882,83098228,173346
41459823,82919646,83092981,173335
41457755,82915510,83088838,173328
41454695,82909390,83082706,173316
41449679,82899358,83072668,173310
41449631,82899262,83072554,173292
41446431,82892862,83066152,173290
41445543,82891086,83064370,173284
41442751,82885502,83058776,173274
41442079,82884158,83057416,173258
41438363,82876726,83049974,173248
41437979,82875958,83049203,173245
41435167,82870334,83043569,173235
41431711,82863422,83036654,173232
41431559,82863118,83036344,173226
41431279,82862558,83035771,173213
41430975,82861950,83035163,173213
41427687,82855374,83028584,173210
41427455,82854910,83028118,173208
41426779,82853558,83026762,173204
41425663,82851326,83024519,173193
41425577,82851154,83024347,173193
41425223,82850446,83023636,173190
41423603,82847206,83020396,173190
41421311,82842622,83015795,173173
41419455,82838910,83012080,173170
41417599,82835198,83008366,173168
41417151,82834302,83007460,173158
41414727,82829454,83002603,173149
41413119,82826238,82999384,173146
41411155,82822310,82995455,173145
41410559,82821118,82994260,173142
41409119,82818238,82991371,173133
41408103,82816206,82989332,173126
41405439,82810878,82983994,173116
41404479,82808958,82982059,173101
41401703,82803406,82976506,173100
41401321,82802642,82975738,173096
41399721,82799442,82972538,173096
41398271,82796542,82969622,173080
41396393,82792786,82965856,173070
41393257,82786514,82959574,173060
41389843,82779686,82952746,173060
41389733,82779466,82952525,173059
41389295,82778590,82951631,173041
41387195,82774390,82947421,173031
41386665,82773330,82946359,173029
41383583,82767166,82940183,173017
41380351,82760702,82933706,173004
41377747,82755494,82928497,173003
41377383,82754766,82927762,172996
41374075,82748150,82921136,172986
41372879,82745758,82918741,172983
41371823,82743646,82916621,172975
41368735,82737470,82910428,172958
41363547,82727094,82900030,172936
41362045,82724090,82897024,172934
41358783,82717566,82890478,172912
41356647,82713294,82886200,172906
41352987,82705974,82878874,172900
41350919,82701838,82874731,172893
41350255,82700510,82873394,172884
41348221,82696442,82869326,172884
41347679,82695358,82868236,172878
41346919,82693838,82866701,172863
41346079,82692158,82865015,172857
41345663,82691326,82864180,172854
41343135,82686270,82859116,172846
41342719,82685438,82858282,172844
41334043,82668086,82840904,172818
41333487,82666974,82839782,172808
41331839,82663678,82836484,172806
41328999,82657998,82830802,172804
41326903,82653806,82826590,172784
41324371,82648742,82821514,172772
41323727,82647454,82820222,172768
41320617,82641234,82813990,172756
41319067,82638134,82810888,172754
41317995,82635990,82808743,172753
41317801,82635602,82808350,172748
41315487,82630974,82803712,172738
41311679,82623358,82796074,172716
41309543,82619086,82791802,172716
41307163,82614326,82787023,172697
41304399,82608798,82781482,172684
41301223,82602446,82775125,172679
41299947,82599894,82772567,172673
41299923,82599846,82772518,172672
41297025,82594050,82766717,172667
41295525,82591050,82763710,172660
41295343,82590686,82763332,172646
41293051,82586102,82758746,172644
41292519,82585038,82757680,172642
41290855,82581710,82754338,172628
41290239,82580478,82753103,172625
41285819,82571638,82744258,172620
41284577,82569154,82741766,172612
41283119,82566238,82738837,172599
41282559,82565118,82737713,172595
41282335,82564670,82737263,172593
41282303,82564606,82737197,172591
41278447,82556894,82729475,172581
41276839,82553678,82726258,172580
41274327,82548654,82721234,172580
41273799,82547598,82720165,172567
41273447,82546894,82719454,172560
41273087,82546174,82718729,172555
41271295,82542590,82715138,172548
41268479,82536958,82709501,172543
41268257,82536514,82709056,172542
41268191,82536382,82708924,172542
41266175,82532350,82704872,172522
41264123,82528246,82700764,172518
41263663,82527326,82699844,172518
41262799,82525598,82698106,172508
41259967,82519934,82692436,172502
41256873,82513746,82686238,172492
41254909,82509818,82682302,172484
41253673,82507346,82679830,172484
41252851,82505702,82678180,172478
41252617,82505234,82677712,172478
41251099,82502198,82674674,172476
41250431,82500862,82673338,172476
41249899,82499798,82672271,172473
41249895,82499790,82672253,172463
41247419,82494838,82667297,172459
41246367,82492734,82665182,172448
41245655,82491310,82663751,172441
41240191,82480382,82652804,172422
41239817,82479634,82652056,172422
41238767,82477534,82649950,172416
41236975,82473950,82646356,172406
41236927,82473854,82646254,172400
41235687,82471374,82643770,172396
41232297,82464594,82636975,172381
41230783,82461566,82633942,172376
41229309,82458618,82630991,172373
41226231,82452462,82624826,172364
41225241,82450482,82622845,172363
41222287,82444574,82616932,172358
41222143,82444286,82616632,172346
41221915,82443830,82616170,172340
41220735,82441470,82613810,172340
41220007,82440014,82612349,172335
41219611,82439222,82611556,172334
41218785,82437570,82609901,172331
41218047,82436094,82608416,172322
41215977,82431954,82604272,172318
41212383,82424766,82597067,172301
41211295,82422590,82594888,172298
41210971,82421942,82594240,172298
41210879,82421758,82594055,172297
41207679,82415358,82587640,172282
41205759,82411518,82583795,172277
41203951,82407902,82580168,172266
41202559,82405118,82577380,172262
41200953,82401906,82574162,172256
41198195,82396390,82568645,172255
41197689,82395378,82567633,172255
41197567,82395134,82567370,172236
41193959,82387918,82560148,172230
41192943,82385886,82558114,172228
41190399,82380798,82553012,172214
41189373,82378746,82550954,172208
41186555,82373110,82545313,172203
41186543,82373086,82545277,172191
41183231,82366462,82538638,172176
41180879,82361758,82533925,172167
41178047,82356094,82528253,172159
41177769,82355538,82527692,172154
41176191,82352382,82524532,172150
41174687,82349374,82521524,172150
41173327,82346654,82518794,172140
41172607,82345214,82517344,172130
41169071,82338142,82510271,172129
41168367,82336734,82508858,172124
41166591,82333182,82505297,172115
41166271,82332542,82504654,172112
41165291,82330582,82502692,172110
41164393,82328786,82500893,172107
41163775,82327550,82499650,172100
41163263,82326526,82498625,172099
41161967,82323934,82496033,172099
41160987,82321974,82494062,172088
41157951,82315902,82487986,172084
41157819,82315638,82487717,172079
41157311,82314622,82486691,172069
41156605,82313210,82485278,172068
41150527,82301054,82473103,172049
41150191,82300382,82472420,172038
41147887,82295774,82467811,172037
41145903,82291806,82463828,172022
41145583,82291166,82463186,172020
41141343,82282686,82454699,172013
41138937,82277874,82449880,172006
41137255,82274510,82446502,171992
41134835,82269670,82441658,171988
41133951,82267902,82439890,171988
41131999,82263998,82435981,171983
41131391,82262782,82434746,171964
41129513,82259026,82430986,171960
41128775,82257550,82429501,171951
41128687,82257374,82429325,171951
41127073,82254146,82426094,171948
41127067,82254134,82426081,171947
41125735,82251470,82423417,171947
41124495,82248990,82420924,171934
41120367,82240734,82412651,171917
41119017,82238034,82409951,171917
41118377,82236754,82408660,171906
41115519,82231038,82402942,171904
41114927,82229854,82401749,171895
41114623,82229246,82401134,171888
41111167,82222334,82394209,171875
41106303,82212606,82384465,171859
41104015,82208030,82379882,171852
41103679,82207358,82379207,171849
41102473,82204946,82376794,171848
41102111,82204222,82376062,171840
41102015,82204030,82375870,171840
41099425,82198850,82370690,171840
41098473,82196946,82368785,171839
41098407,82196814,82368647,171833
41098331,82196662,82368490,171828
41093053,82186106,82357924,171818
41092575,82185150,82356964,171814
41092265,82184530,82356338,171808
41091943,82183886,82355692,171806
41089787,82179574,82351367,171793
41088907,82177814,82349600,171786
41088239,82176478,82348259,171781
41086335,82172670,82344449,171779
41084585,82169170,82340945,171775
41081739,82163478,82335244,171766
41080595,82161190,82332946,171756
41078631,82157262,82329007,171745
41077375,82154750,82326490,171740
41074791,82149582,82321309,171727
41074079,82148158,82319881,171723
41072967,82145934,82317655,171721
41071431,82142862,82314580,171718
41070703,82141406,82313119,171713
41066495,82132990,82304677,171687
41065129,82130258,82301944,171686
41062111,82124222,82295903,171681
41061679,82123358,82295038,171680
41061659,82123318,82294990,171672
41061459,82122918,82294589,171671
41057447,82114894,82286554,171660
41057223,82114446,82286104,171658
41055471,82110942,82282594,171652
41052281,82104562,82276199,171637
41048575,82097150,82268783,171633
41046811,82093622,82265233,171611
41043967,82087934,82259540,171606
41043431,82086862,82258468,171606
41042727,82085454,82257052,171598
41038959,82077918,82249496,171578
41038561,82077122,82248698,171576
41036479,82072958,82244524,171566
41034383,82068766,82240327,171561
41034063,82068126,82239682,171556
41029887,82059774,82231312,171538
41025703,82051406,82222924,171518
41024751,82049502,82221016,171514
41019207,82038414,82209914,171500
41016991,82033982,82205482,171500
41013985,82027970,82199447,171477
41011087,82022174,82193645,171471
41007135,82014270,82185730,171460
41006991,82013982,82185434,171452
41006305,82012610,82184060,171450
41005951,82011902,82183337,171435
41004135,82008270,82179700,171430
41001951,82003902,82175321,171419
41000959,82001918,82173332,171414
40997403,81994806,82166218,171412
40996809,81993618,82165030,171412
40995775,81991550,82162948,171398
40994879,81989758,82161155,171397
40992831,81985662,82157048,171386
40992091,81984182,82155566,171384
40990473,81980946,82152326,171380
40989567,81979134,82150504,171370
40985071,81970142,82141499,171357
40982505,81965010,82136351,171341
40976539,81953078,82124401,171323
40975635,81951270,82122584,171314
40975359,81950718,82122028,171310
40971615,81943230,82114540,171310
40971375,81942750,82114060,171310
40970917,81941834,82113136,171302
40970495,81940990,82112291,171301
40970195,81940390,82111684,171294
40969631,81939262,82110550,171288
40968161,81936322,82107607,171285
40966939,81933878,82105162,171284
40966079,81932158,82103434,171276
40964763,81929526,82100800,171274
40963931,81927862,82099129,171267
40963503,81927006,82098268,171262
40958463,81916926,82088174,171248
40957423,81914846,82086092,171246
40956351,81912702,82083941,171239
40950783,81901566,82072790,171224
40949739,81899478,82070698,171220
40947155,81894310,82065514,171204
40946503,81893006,82064204,171198
40946041,81892082,82063273,171191
40944799,81889598,82060778,171180
40942779,81885558,82056736,171178
40940783,81881566,82052732,171166
40937343,81874686,82045852,171166
40937023,81874046,82045198,171152
40936895,81873790,82044935,171145
40932691,81865382,82036516,171134
40931807,81863614,82034746,171132
40930799,81861598,82032725,171127
40928103,81856206,82027322,171116
40927231,81854462,82025572,171110
40924667,81849334,82020433,171099
40924159,81848318,82019416,171098
40923475,81846950,82018045,171095
40922751,81845502,82016588,171086
40917743,81835486,82006564,171078
40916733,81833466,82004542,171076
40914635,81829270,82000340,171070
40912111,81824222,81995272,171050
40909311,81818622,81989668,171046
40908827,81817654,81988690,171036
40908755,81817510,81988544,171034
40907407,81814814,81985846,171032
40904171,81808342,81979361,171019
40902767,81805534,81976538,171004
40899895,81799790,81970792,171002
40899307,81798614,81969614,171000
40897535,81795070,81966058,170988
40897079,81794158,81965146,170988
40894727,81789454,81960442,170988
40894687,81789374,81960362,170988
40894463,81788926,81959893,170967
40888699,81777398,81948352,170954
40886515,81773030,81943982,170952
40886181,81772362,81943312,170950
40885831,81771662,81942604,170942
40884975,81769950,81940879,170929
40882671,81765342,81936263,170921
40880297,81760594,81931510,170916
40877547,81755094,81926008,170914
40875679,81751358,81922259,170901
40874683,81749366,81920261,170895
40872263,81744526,81915418,170892
40871707,81743414,81914290,170876
40870207,81740414,81911290,170876
40869631,81739262,81910126,170864
40868583,81737166,81908030,170864
40865407,81730814,81901678,170864
40865195,81730390,81901246,170856
40864575,81729150,81899998,170848
40862975,81725950,81896795,170845
40861049,81722098,81892937,170839
40860215,81720430,81891259,170829
40856735,81713470,81884287,170817
40855663,81711326,81882142,170816
40855399,81710798,81881605,170807
40852991,81705982,81876781,170799
40849871,81699742,81870532,170790
40847535,81695070,81865846,170776
40845423,81690846,81861610,170764
40843263,81686526,81857284,170758
40842729,81685458,81856213,170755
40840223,81680446,81851195,170749
40838079,81676158,81846892,170734
40837287,81674574,81845306,170732
40836455,81672910,81843641,170731
40836095,81672190,81842915,170725
40834539,81669078,81839803,170725
40833889,81667778,81838502,170724
40832847,81665694,81836417,170723
40830975,81661950,81832666,170716
40830887,81661774,81832481,170707
40829161,81658322,81829028,170706
40828841,81657682,81828382,170700
40826537,81653074,81823774,170700
40826215,81652430,81823115,170685
40823719,81647438,81818120,170682
40823551,81647102,81817781,170679
40821223,81642446,81813112,170666
40819967,81639934,81810598,170664
40819785,81639570,81810232,170662
40818913,81637826,81808487,170661
40814951,81629902,81800548,170646
40811291,81622582,81793208,170626
40810249,81620498,81791122,170624
40809069,81618138,81788762,170624
40808959,81617918,81788536,170618
40807663,81615326,81785942,170616
40806911,81613822,81784424,170602
40803465,81606930,81777521,170591
40800987,81601974,81772558,170584
40799881,81599762,81770344,170582
40799471,81598942,81769519,170577
40798703,81597406,81767978,170572
40797031,81594062,81764626,170564
40792315,81584630,81755180,170550
40792061,81584122,81754670,170548
40789863,81579726,81750266,170540
40787695,81575390,81745928,170538
40785663,81571326,81741854,170528
40785033,81570066,81740590,170524
40784831,81569662,81740171,170509
40783415,81566830,81737335,170505
40781823,81563646,81734146,170500
40777949,81555898,81726394,170496
40776123,81552246,81722734,170488
40774313,81548626,81719093,170467
40773055,81546110,81716575,170465
40768743,81537486,81707933,170447
40767823,81535646,81706087,170441
40765439,81530878,81701306,170428
40763391,81526782,81697207,170425
40762527,81525054,81695479,170425
40760991,81521982,81692401,170419
40759591,81519182,81689593,170411
40759455,81518910,81689314,170404
40757759,81515518,81685916,170398
40757727,81515454,81685852,170398
40755443,81510886,81681283,170397
40753657,81507314,81677704,170390
40751911,81503822,81674203,170381
40749467,81498934,81669310,170376
40747191,81494382,81664739,170357
40746399,81492798,81663149,170351
40742881,81485762,81656104,170342
40741183,81482366,81652702,170336
40741089,81482178,81652511,170333
40737901,81475802,81646127,170325
40737705,81475410,81645727,170317
40736159,81472318,81642634,170316
40735679,81471358,81641663,170305
40734857,81469714,81640019,170305
40732007,81464014,81634316,170302
40731809,81463618,81633916,170298
40729473,81458946,81629236,170290
40727295,81454590,81624874,170284
40727283,81454566,81624847,170281
40725823,81451646,81621917,170271
40724095,81448190,81618446,170256
40721405,81442810,81613066,170256
40721343,81442686,81612937,170251
40716343,81432686,81602914,170228
40715903,81431806,81602032,170226
40712799,81425598,81595819,170221
40711399,81422798,81593003,170205
40710143,81420286,81590485,170199
40707023,81414046,81584243,170197
40702593,81405186,81575383,170197
40700679,81401358,81571526,170168
40699327,81398654,81568808,170154
40696935,81393870,81564022,170152
40696319,81392638,81562786,170148
40694943,81389886,81560029,170143
40693943,81387886,81558020,170134
40692449,81384898,81555029,170131
40689279,81378558,81548689,170131
40689193,81378386,81548507,170121
40688639,81377278,81547397,170119
40687775,81375550,81545668,170118
40686701,81373402,81543520,170118
40685807,81371614,81541714,170100
40685039,81370078,81540173,170095
40683897,81367794,81537887,170093
40680105,81360210,81530290,170080
40679663,81359326,81529402,170076
40678119,81356238,81526306,170068
40675435,81350870,81520931,170061
40675383,81350766,81520825,170059
40674743,81349486,81519544,170058
40672703,81345406,81515453,170047
40672511,81345022,81515069,170047
40671399,81342798,81512839,170041
40668015,81336030,81506068,170038
40667305,81334610,81504638,170028
40665769,81331538,81501556,170018
40664623,81329246,81499264,170018
40662043,81324086,81494084,169998
40660991,81321982,81491980,169998
40657449,81314898,81484880,169982
40655599,81311198,81481174,169976
40653983,81307966,81477934,169968
40651803,81303606,81473566,169960
40651263,81302526,81472477,169951
40645871,81291742,81461686,169944
40642719,81285438,81455380,169942
40641767,81283534,81453455,169921
40638057,81276114,81446026,169912
40636631,81273262,81443158,169896
40636159,81272318,81442210,169892
40635627,81271254,81441145,169891
40633831,81267662,81437546,169884
40631635,81263270,81433151,169881
40630811,81261622,81431495,169873
40628459,81256918,81426784,169866
40626939,81253878,81423742,169864
40626687,81253374,81423232,169858
40626415,81252830,81422684,169854
40624607,81249214,81419057,169843
40623647,81247294,81417136,169842
40623443,81246886,81416726,169840
40621547,81243094,81412924,169830
40619247,81238494,81408314,169820
40619111,81238222,81408041,169819
40616607,81233214,81403022,169808
40612585,81225170,81394964,169794
40611687,81223374,81393160,169786
40607487,81214974,81384748,169774
40604543,81209086,81378850,169764
40602471,81204942,81374704,169762
40601595,81203190,81372944,169754
40600119,81200238,81369988,169750
40597275,81194550,81364279,169729
40596719,81193438,81363167,169729
40594599,81189198,81358921,169723
40594313,81188626,81358346,169720
40594079,81188158,81357878,169720
40593919,81187838,81357551,169713
40591031,81182062,81351773,169711
40589791,81179582,81349282,169700
40587751,81175502,81345202,169700
40584985,81169970,81339662,169692
40582911,81165822,81335500,169678
40582419,81164838,81334516,169678
40582153,81164306,81333983,169677
40580287,81160574,81330238,169664
40578919,81157838,81327487,169649
40574491,81148982,81318617,169635
40571611,81143222,81312844,169622
40569951,81139902,81309521,169619
40567229,81134458,81304067,169609
40564039,81128078,81297670,169592
40563995,81127990,81297577,169587
40562431,81124862,81294443,169581
40561535,81123070,81292648,169578
40559551,81119102,81288677,169575
40558287,81116574,81286139,169565
40557823,81115646,81285208,169562
40555647,81111294,81280852,169558
40552617,81105234,81274786,169552
40552065,81104130,81273676,169546
40550455,81100910,81270454,169544
40549019,81098038,81267565,169527
40546303,81092606,81262120,169514
40546151,81092302,81261814,169512
40542535,81085070,81254582,169512
40541567,81083134,81252646,169512
40541523,81083046,81252556,169510
40540215,81080430,81249925,169495
40538879,81077758,81247241,169483
40537415,81074830,81244313,169483
40535337,81070674,81240155,169481
40534761,81069522,81239002,169480
40534015,81068030,81237494,169464
40533545,81067090,81236551,169461
40530543,81061086,81230545,169459
40530259,81060518,81229972,169454
40529535,81059070,81228512,169442
40527391,81054782,81224224,169442
40526655,81053310,81222745,169435
40525119,81050238,81219671,169433
40524777,81049554,81218981,169427
40522843,81045686,81215111,169425
40519549,81039098,81208516,169418
40518299,81036598,81206000,169402
40517279,81034558,81203956,169398
40514751,81029502,81198892,169390
40513527,81027054,81196438,169384
40512743,81025486,81194870,169384
40511999,81023998,81193372,169374
40510235,81020470,81189839,169369
40507719,81015438,81184790,169352
40505887,81011774,81181121,169347
40503805,81007610,81176956,169346
40503275,81006550,81175891,169341
40500507,81001014,81170350,169336
40499695,80999390,81168713,169323
40497705,80995410,81164722,169312
40494847,80989694,81158996,169302
40493391,80986782,81156080,169298
40493035,80986070,81155363,169293
40492345,80984690,81153983,169293
40487933,80975866,81145142,169276
40484711,80969422,81138692,169270
40484457,80968914,81138184,169270
40483067,80966134,81135391,169257
40482287,80964574,81133828,169254
40481883,80963766,81133013,169247
40479775,80959550,81128789,169239
40478109,80956218,81125453,169235
40475775,80951550,81120767,169217
40472911,80945822,81115033,169211
40470839,80941678,81110884,169206
40468221,80936442,81105637,169195
40465127,80930254,81099431,169177
40460799,80921598,81090772,169174
40460031,80920062,81089219,169157
40459373,80918746,81087902,169156
40459007,80918014,81087166,169152
40455935,80911870,81081020,169150
40455883,80911766,81080912,169146
40455295,80910590,81079736,169146
40454143,80908286,81077422,169136
40451615,80903230,81072358,169128
40450473,80900946,81070064,169118
40448159,80896318,81065428,169110
40445679,80891358,81060466,169108
40444671,80889342,81058445,169103
40443291,80886582,81055673,169091
40438743,80877486,81046570,169084
40438739,80877478,81046559,169081
40438135,80876270,81045346,169076
40437053,80874106,81043180,169074
40436975,80873950,81043024,169074
40435955,80871910,81040969,169059
40435483,80870966,81040018,169052
40433851,80867702,81036754,169052
40432619,80865238,81034289,169051
40431799,80863598,81032636,169038
40428879,80857758,81026791,169033
40426663,80853326,81022354,169028
40424263,80848526,81017536,169010
40420383,80840766,81009760,168994
40420287,80840574,81009568,168994
40418717,80837434,81006425,168991
40418567,80837134,81006119,168985
40417727,80835454,81004432,168978
40416347,80832694,81001672,168978
40414831,80829662,80998628,168966
40413053,80826106,80995072,168966
40412287,80824574,80993528,168954
40410971,80821942,80990891,168949
40406783,80813566,80982514,168948
40406343,80812686,80981620,168934
40403167,80806334,80975254,168920
40402671,80805342,80974255,168913
40399229,80798458,80967370,168912
40398695,80797390,80966294,168904
40398491,80796982,80965883,168901
40396647,80793294,80962186,168892
40395945,80791890,80960782,168892
40392147,80784294,80953168,168874
40391143,80782286,80951153,168867
40389609,80779218,80948081,168863
40389103,80778206,80947064,168858
40387999,80775998,80944856,168858
40386499,80772998,80941852,168854
40384159,80768318,80937164,168846
40384063,80768126,80936972,168846
40383623,80767246,80936086,168840
40378591,80757182,80926006,168824
40375899,80751798,80920619,168821
40374767,80749534,80918350,168816
40373575,80747150,80915959,168809
40372891,80745782,80914582,168800
40372319,80744638,80913437,168799
40371791,80743582,80912380,168798
40371361,80742722,80911511,168789
40368953,80737906,80906692,168786
40368801,80737602,80906384,168782
40368467,80736934,80905715,168781
40364235,80728470,80897251,168781
40364231,80728462,80897233,168771
40363391,80726782,80895550,168768
40362151,80724302,80893046,168744
40358727,80717454,80886185,168731
40357227,80714454,80883184,168730
40357095,80714190,80882918,168728
40356079,80712158,80880880,168722
40355611,80711222,80879944,168722
40352747,80705494,80874214,168720
40352507,80705014,80873723,168709
40352071,80704142,80872843,168701
40350335,80700670,80869369,168699
40348767,80697534,80866228,168694
40345579,80691158,80859850,168692
40345215,80690430,80859116,168686
40344731,80689462,80858141,168679
40342783,80685566,80854228,168662
40337975,80675950,80844598,168648
40337691,80675382,80844028,168646
40336505,80673010,80841655,168645
40336319,80672638,80841280,168642
40335807,80671614,80840254,168640
40335339,80670678,80839316,168638
40333935,80667870,80836501,168631
40332129,80664258,80832881,168623
40330959,80661918,80830538,168620
40328911,80657822,80826430,168608
40328191,80656382,80824990,168608
40324591,80649182,80817784,168602
40324399,80648798,80817389,168591
40322431,80644862,80813452,168590
40322287,80644574,80813159,168585
40321449,80642898,80811476,168578
40321343,80642686,80811263,168577
40320703,80641406,80809979,168573
40318443,80636886,80805455,168569
40316007,80632014,80800583,168569
40315487,80630974,80799532,168558
40314167,80628334,80796892,168558
40312879,80625758,80794312,168554
40309467,80618934,80787484,168550
40307961,80615922,80784449,168527
40306457,80612914,80781434,168520
40303851,80607702,80776210,168508
40302911,80605822,80774320,168498
40301851,80603702,80772196,168494
40299679,80599358,80767844,168486
40299391,80598782,80767265,168483
40296095,80592190,80760658,168468
40293089,80586178,80754641,168463
40291455,80582910,80751359,168449
40288159,80576318,80744764,168446
40287407,80574814,80743256,168442
40286535,80573070,80741504,168434
40285183,80570366,80738795,168429
40282591,80565182,80733598,168416
40281743,80563486,80731901,168415
40280555,80561110,80729518,168408
40278183,80556366,80724764,168398
40277481,80554962,80723357,168395
40275937,80551874,80720266,168392
40273691,80547382,80715761,168379
40271039,80542078,80710445,168367
40269439,80538878,80707238,168360
40269039,80538078,80706431,168353
40266879,80533758,80702108,168350
40263327,80526654,80694988,168334
40258331,80516662,80684990,168328
40257609,80515218,80683540,168322
40255643,80511286,80679590,168304
40252543,80505086,80673388,168302
40252287,80504574,80672861,168287
40248735,80497470,80665753,168283
40248631,80497262,80665532,168270
40246767,80493534,80661800,168266
40245759,80491518,80659780,168262
40244551,80489102,80657356,168254
40241119,80482238,80650484,168246
40240687,80481374,80649611,168237
40239355,80478710,80646943,168233
40235463,80470926,80639155,168229
40232083,80464166,80632385,168219
40231593,80463186,80631395,168209
40228605,80457210,80625400,168190
40228255,80456510,80624698,168188
40227295,80454590,80622773,168183
40226047,80452094,80620276,168182
40223775,80447550,80615726,168176
40221561,80443122,80611288,168166
40216987,80433974,80602111,168137
40212015,80424030,80592155,168125
40210759,80421518,80589635,168117
40210279,80420558,80588668,168110
40207359,80414718,80582818,168100
40206559,80413118,80581216,168098
40202209,80404418,80572516,168098
40201993,80403986,80572067,168081
40201481,80402962,80571043,168081
40200079,80400158,80568232,168074
40199659,80399318,80567387,168069
40198825,80397650,80565718,168068
40197915,80395830,80563897,168067
40196255,80392510,80560559,168049
40192967,80385934,80553976,168042
40190633,80381266,80549306,168040
40189065,80378130,80546156,168026
40188923,80377846,80545870,168024
40188809,80377618,80545642,168024
40188129,80376258,80544280,168022
40187017,80374034,80542052,168018
40184927,80369854,80537870,168016
40184489,80368978,80536984,168006
40183423,80366846,80534848,168002
40179987,80359974,80527972,167998
40178809,80357618,80525614,167996
40178735,80357470,80525458,167988
40177789,80355578,80523562,167984
40175259,80350518,80518502,167984
40173895,80347790,80515772,167982
40173339,80346678,80514646,167968
40171115,80342230,80510183,167953
40170523,80341046,80508991,167945
40167593,80335186,80503121,167935
40164895,80329790,80497714,167924
40163081,80326162,80494078,167916
40159399,80318798,80486698,167900
40157295,80314590,80482481,167891
40155803,80311606,80479489,167883
40152201,80304402,80472284,167882
40151771,80303542,80471416,167874
40150097,80300194,80468068,167874
40149483,80298966,80466838,167872
40148991,80297982,80465836,167854
40147065,80294130,80461984,167854
40146259,80292518,80460368,167850
40145035,80290070,80457920,167850
40143999,80287998,80455834,167836
40142473,80284946,80452781,167835
40142011,80284022,80451848,167826
40136731,80273462,80441288,167826
40136319,80272638,80440438,167800
40133311,80266622,80434417,167795
40130415,80260830,80428612,167782
40125467,80250934,80418689,167755
40120431,80240862,80408609,167747
40118497,80236994,80404730,167736
40115167,80230334,80398046,167712
40113511,80227022,80394734,167712
40111975,80223950,80391653,167703
40110985,80221970,80389672,167702
40108969,80217938,80385640,167702
40106367,80212734,80380430,167696
40105849,80211698,80379382,167684
40104927,80209854,80377535,167681
40104615,80209230,80376902,167672
40104255,80208510,80376176,167666
40102399,80204798,80372455,167657
40098303,80196606,80364256,167650
40098271,80196542,80364185,167643
40097343,80194686,80362328,167642
40095903,80191806,80359436,167630
40092399,80184798,80352415,167617
40087279,80174558,80342156,167598
40086185,80172370,80339959,167589
40082139,80164278,80331859,167581
40081615,80163230,80330804,167574
40080199,80160398,80327969,167571
40079529,80159058,80326622,167564
40077081,80154162,80321726,167564
40076527,80153054,80320612,167558
40074239,80148478,80316022,167544
40074047,80148094,80315635,167541
40071279,80142558,80310098,167540
40070939,80141878,80309405,167527
40069571,80139142,80306669,167527
40068891,80137782,80305300,167518
40065889,80131778,80299291,167513
40065131,80130262,80297774,167512
40064671,80129342,80296844,167502
40062079,80124158,80291648,167490
40059583,80119166,80286646,167480
40057513,80115026,80282497,167471
40055421,80110842,80278310,167468
40054783,80109566,80277034,167468
40054619,80109238,80276698,167460
40053439,80106878,80274331,167453
40052159,80104318,80271769,167451
40052071,80104142,80271593,167451
40046761,80093522,80260949,167427
40044447,80088894,80256314,167420
40042747,80085494,80252908,167414
40041599,80083198,80250610,167412
40038107,80076214,80243621,167407
40036425,80072850,80240236,167386
40033791,80067582,80234962,167380
40030953,80061906,80229275,167369
40029439,80058878,80226238,167360
40026111,80052222,80219564,167342
40022111,80044222,80211553,167331
40021083,80042166,80209492,167326
40015849,80031698,80198998,167300
40015643,80031286,80198585,167299
40013441,80026882,80194180,167298
40013051,80026102,80193400,167298
40012759,80025518,80192810,167292
40012457,80024914,80192200,167286
40011007,80022014,80189291,167277
40010287,80020574,80187847,167273
40008423,80016846,80184113,167267
40007209,80014418,80181682,167264
40006249,80012498,80179759,167261
40005351,80010702,80177962,167260
40004327,80008654,80175914,167260
40003027,80006054,80173312,167258
39999791,79999582,80166827,167245
39999561,79999122,80166365,167243
39998351,79996702,80163934,167232
39997691,79995382,80162608,167226
39993113,79986226,80153446,167220
39992105,79984210,80151424,167214
39992089,79984178,80151385,167207
39991209,79982418,80149621,167203
39989439,79978878,80146078,167200
39989247,79978494,80145677,167183
39984287,79968574,80135743,167169
39980959,79961918,80129078,167160
39979347,79958694,80125843,167149
39978843,79957686,80124835,167149
39976375,79952750,80119891,167141
39974665,79949330,80116460,167130
39971547,79943094,80110220,167126
39970031,79940062,80107168,167106
39967471,79934942,80102042,167100
39964287,79928574,80095663,167089
39961071,79922142,80089216,167074
39960903,79921806,80088875,167069
39957641,79915282,80082350,167068
39957117,79914234,80081291,167057
39957033,79914066,80081122,167056
39955183,79910366,80077409,167043
39953855,79907710,80074750,167040
39951487,79902974,80070002,167028
39948703,79897406,80064425,167019
39946399,79892798,80059805,167007
39944295,79888590,80055587,166997
39940955,79881910,80048906,166996
39940543,79881086,80048078,166992
39939943,79879886,80046866,166980
39936415,79872830,80039794,166964
39929465,79858930,80025893,166963
39929385,79858770,80025712,166942
39928553,79857106,80024041,166935
39923963,79847926,80014846,166920
39923369,79846738,80013647,166909
39919867,79839734,80006633,166899
39916665,79833330,80000219,166889
39916591,79833182,80000068,166886
39915423,79830846,79997723,166877
39914431,79828862,79995737,166875
39912927,79825854,79992721,166867
39911663,79823326,79990193,166867
39908969,79817938,79984793,166855
39908223,79816446,79983293,166847
39905467,79810934,79977779,166845
39905151,79810302,79977143,166841
39904297,79808594,79975433,166839
39902847,79805694,79972517,166823
39898047,79796094,79962902,166808
39897247,79794494,79961300,166806
39895643,79791286,79958081,166795
39893179,79786358,79953151,166793
39892521,79785042,79951835,166793
39890715,79781430,79948208,166778
39890383,79780766,79947544,166778
39890159,79780318,79947094,166776
39888511,79777022,79943794,166772
39886399,79772798,79939564,166766
39884799,79769598,79936352,166754
39883803,79767606,79934354,166748
39881499,79762998,79929739,166741
39880701,79761402,79928137,166735
39878503,79757006,79923728,166722
39878383,79756766,79923488,166722
39876265,79752530,79919246,166716
39874287,79748574,79915288,166714
39873895,79747790,79914494,166704
39873535,79747070,79913770,166700
39871323,79742646,79909343,166697
39868403,79736806,79903498,166692
39865151,79730302,79896971,166669
39862821,79725642,79892311,166669
39862119,79724238,79890895,166657
39860383,79720766,79887418,166652
39859689,79719378,79886027,166649
39854331,79708662,79875292,166630
39852355,79704710,79871336,166626
39851647,79703294,79869905,166611
39851239,79702478,79869089,166611
39850015,79700030,79866638,166608
39849115,79698230,79864832,166602
39845979,79691958,79858547,166589
39845567,79691134,79857718,166584
39842843,79685686,79852270,166584
39841747,79683494,79850068,166574
39837779,79675558,79842115,166557
39837289,79674578,79841134,166556
39836827,79673654,79840204,166550
39836447,79672894,79839442,166548
39833939,79667878,79834420,166542
39832559,79665118,79831648,166530
39828895,79657790,79824316,166526
39827951,79655902,79822415,166513
39826569,79653138,79819648,166510
39825407,79650814,79817321,166507
39824703,79649406,79815905,166499
39822889,79645778,79812272,166494
39822497,79644994,79811488,166494
39821807,79643614,79810103,166489
39820455,79640910,79807391,166481
39819995,79639990,79806470,166480
39817983,79635966,79802446,166480
39817383,79634766,79801240,166474
39816219,79632438,79798900,166462
39814839,79629678,79796140,166462
39812847,79625694,79792148,166454
39811519,79623038,79789481,166443
39808967,79617934,79784369,166435
39808795,79617590,79784023,166433
39808127,79616254,79782682,166428
39806569,79613138,79779562,166424
39803675,79607350,79773766,166416
39803503,79607006,79773419,166413
39801319,79602638,79769045,166407
39801083,79602166,79768570,166404
39799351,79598702,79765097,166395
39798887,79597774,79764166,166392
39796479,79592958,79759343,166385
39794643,79589286,79755671,166385
39793903,79587806,79754182,166376
39792111,79584222,79750586,166364
39788239,79576478,79742825,166347
39786267,79572534,79738874,166340
39784479,79568958,79735294,166336
39783783,79567566,79733894,166328
39782455,79564910,79731238,166328
39779775,79559550,79725868,166318
39779667,79559334,79725647,166313
39778301,79556602,79722913,166311
39775591,79551182,79717483,166301
39775103,79550206,79716500,166294
39772799,79545598,79711879,166281
39767835,79535670,79701946,166276
39767759,79535518,79701779,166261
39762395,79524790,79691045,166255
39762159,79524318,79690556,166238
39759087,79518174,79684397,166223
39754963,79509926,79676146,166220
39754855,79509710,79675930,166220
39754431,79508862,79675078,166216
39753271,79506542,79672750,166208
39750847,79501694,79667884,166190
39748891,79497782,79663966,166184
39747881,79495762,79661945,166183
39747279,79494558,79660741,166183
39746159,79492318,79658491,166173
39743967,79487934,79654103,166169
39743241,79486482,79652644,166162
39741055,79482110,79648271,166161
39741031,79482062,79648217,166155
39739547,79479094,79645246,166152
39739327,79478654,79644799,166145
39738023,79476046,79642187,166141
39737595,79475190,79641326,166136
39736559,79473118,79639246,166128
39734911,79469822,79635943,166121
39731197,79462394,79628512,166118
39729569,79459138,79625254,166116
39728687,79457374,79623479,166105
39728463,79456926,79623028,166102
39725287,79450574,79616657,166083
39723007,79446014,79612091,166077
39720729,79441458,79607531,166073
39719247,79438494,79604558,166064
39719195,79438390,79604452,166062
39717375,79434750,79600810,166060
39715943,79431886,79597942,166056
39714345,79428690,79594738,166048
39713511,79427022,79593064,166042
39711903,79423806,79589834,166028
39709993,79419986,79586014,166028
39707831,79415662,79581676,166014
39706839,79413678,79579690,166012
39704175,79408350,79574350,166000
39703007,79406014,79572010,165996
39701673,79403346,79569341,165995
39701159,79402318,79568302,165984
39699167,79398334,79564318,165984
39697889,79395778,79561757,165979
39697183,79394366,79560332,165966
39693051,79386102,79552054,165952
39691903,79383806,79549748,165942
39689215,79378430,79544369,165939
39688937,79377874,79543811,165937
39688447,79376894,79542826,165932
39687527,79375054,79540978,165924
39685687,79371374,79537295,165921
39684415,79368830,79534750,165920
39683327,79366654,79532563,165909
39680111,79360222,79526123,165901
39679353,79358706,79524605,165899
39675675,79351350,79517237,165887
39675257,79350514,79516397,165883
39673799,79347598,79513478,165880
39671123,79342246,79508102,165856
39666515,79333030,79498874,165844
39666167,79332334,79498171,165837
39663707,79327414,79493243,165829
39662919,79325838,79491662,165824
39661287,79322574,79488394,165820
39659931,79319862,79485671,165809
39657471,79314942,79480744,165802
39655699,79311398,79477199,165801
39653001,79306002,79471786,165784
39652543,79305086,79470868,165782
39650465,79300930,79466707,165777
39650087,79300174,79465943,165769
39646761,79293522,79459277,165755
39643591,79287182,79452931,165749
39642603,79285206,79450955,165749
39640623,79281246,79446989,165743
39640511,79281022,79446754,165732
39639815,79279630,79445362,165732
39638255,79276510,79442227,165717
39633343,79266686,79432396,165710
39633063,79266126,79431830,165704
39632923,79265846,79431544,165698
39628755,79257510,79423195,165685
39627583,79255166,79420850,165684
39627239,79254478,79420159,165681
39627129,79254258,79419932,165674
39626665,79253330,79419004,165674
39626623,79253246,79418920,165674
39626067,79252134,79417804,165670
39623871,79247742,79413409,165667
39623215,79246430,79412087,165657
39622217,79244434,79410091,165657
39618971,79237942,79403591,165649
39618623,79237246,79402882,165636
39615591,79231182,79396807,165625
39613903,79227806,79393426,165620
39613287,79226574,79392190,165616
39612319,79224638,79390250,165612
39608889,79217778,79383382,165604
39608347,79216694,79382288,165594
39607711,79215422,79381016,165594
39606015,79212030,79377622,165592
39604059,79208118,79373695,165577
39603359,79206718,79372288,165570
39601001,79202002,79367570,165568
39595759,79191518,79357058,165540
39593831,79187662,79353202,165540
39592447,79184894,79350425,165531
39590665,79181330,79346861,165531
39590631,79181262,79346780,165518
39587951,79175902,79341410,165508
39586169,79172338,79337843,165505
39583887,79167774,79333267,165493
39581883,79163766,79329256,165490
39580367,79160734,79326220,165486
39579647,79159294,79324766,165472
39576639,79153278,79318750,165472
39576111,79152222,79317686,165464
39573275,79146550,79312012,165462
39572255,79144510,79309961,165451
39572137,79144274,79309718,165444
39569835,79139670,79305112,165442
39568799,79137598,79303040,165442
39568623,79137246,79302674,165428
39566975,79133950,79299373,165423
39564257,79128514,79293934,165420
39563643,79127286,79292698,165412
39563591,79127182,79292594,165412
39561727,79123454,79288865,165411
39560519,79121038,79286435,165397
39560475,79120950,79286342,165392
39559679,79119358,79284746,165388
39558121,79116242,79281625,165383
39553131,79106262,79271642,165380
39552719,79105438,79270810,165372
39552487,79104974,79270339,165365
39550111,79100222,79265587,165365
39549577,79099154,79264508,165354
39548297,79096594,79261946,165352
39545963,79091926,79257275,165349
39543183,79086366,79251698,165332
39542063,79084126,79249454,165328
39540783,79081566,79246883,165317
39538651,79077302,79242619,165317
39538331,79076662,79241974,165312
39538207,79076414,79241714,165300
39536447,79072894,79238192,165298
39535707,79071414,79236712,165298
39533927,79067854,79233142,165288
39533111,79066222,79231508,165286
39531133,79062266,79227542,165276
39529279,79058558,79223830,165272
39528443,79056886,79222156,165270
39527167,79054334,79219600,165266
39525865,79051730,79216991,165261
39522429,79044858,79210099,165241
39519599,79039198,79204426,165228
39519215,79038430,79203653,165223
39518183,79036366,79201586,165220
39516967,79033934,79199153,165219
39514729,79029458,79194667,165209
39514223,79028446,79193647,165201
39511417,79022834,79188029,165195
39509575,79019150,79184344,165194
39508991,79017982,79183157,165175
39506815,79013630,79178798,165168
39504777,79009554,79174717,165163
39503551,79007102,79172260,165158
39503087,79006174,79171325,165151
39498367,78996734,79161869,165135
39495721,78991442,79156568,165126
39493631,78987262,79152383,165121
39491327,78982654,79147762,165108
39490799,78981598,79146703,165105
39489887,78979774,79144877,165103
39488671,78977342,79142434,165092
39486077,78972154,79137245,165091
39485183,78970366,79135451,165085
39485097,78970194,79135274,165080
39484863,78969726,79134802,165076
39482607,78965214,79130284,165070
39481343,78962686,79127756,165070
39480255,78960510,79125572,165062
39479807,78959614,79124669,165055
39477607,78955214,79120264,165050
39476703,78953406,79118450,165044
39475951,78951902,79116941,165039
39473647,78947294,79112323,165029
39470543,78941086,79106105,165019
39469863,78939726,79104743,165017
39467903,78935806,79100819,165013
39466121,78932242,79097254,165012
39464249,78928498,79093492,164994
39461865,78923730,79088722,164992
39461503,78923006,79087990,164984
39459591,78919182,79084156,164974
39457487,78914974,79079948,164974
39457435,78914870,79079836,164966
39454587,78909174,79074127,164953
39451769,78903538,79068481,164943
39451305,78902610,79067546,164936
39449313,78898626,79063562,164936
39448735,78897470,79062406,164936
39446955,78893910,79058837,164927
39445743,78891486,79056398,164912
39444479,78888958,79053869,164911
39442495,78884990,79049896,164906
39442431,78884862,79049762,164900
39441823,78883646,79048543,164897
39438959,78877918,79042810,164892
39438399,78876798,79041683,164885
39435647,78871294,79036168,164874
39433703,78867406,79032278,164872
39431945,78863890,79028753,164863
39431807,78863614,79028468,164854
39427639,78855278,79020125,164847
39425513,78851026,79015862,164836
39423239,78846478,79011304,164826
39420015,78840030,79004840,164810
39419807,78839614,79004420,164806
39418327,78836654,79001456,164802
39417063,78834126,78998926,164800
39416059,78832118,78996910,164792
39412769,78825538,78990328,164790
39411255,78822510,78987284,164774
39410687,78821374,78986141,164767
39407519,78815038,78979799,164761
39404713,78809426,78974170,164744
39403631,78807262,78972002,164740
39402633,78805266,78970004,164738
39398909,78797818,78962546,164728
39398663,78797326,78962045,164719
39398427,78796854,78961571,164717
39394921,78789842,78954551,164709
39393191,78786382,78951080,164698
39391357,78782714,78947410,164696
39388399,78776798,78941474,164676
39384703,78769406,78934070,164664
39384527,78769054,78933716,164662
39383359,78766718,78931372,164654
39383081,78766162,78930815,164653
39382299,78764598,78929248,164650
39381823,78763646,78928294,164648
39381023,78762046,78926692,164646
39379999,78759998,78924640,164642
39379103,78758206,78922846,164640
39376751,78753502,78918136,164634
39374619,78749238,78913865,164627
39374271,78748542,78913160,164618
39371859,78743718,78908336,164618
39371071,78742142,78906745,164603
39369963,78739926,78904525,164599
39369569,78739138,78903737,164599
39368735,78737470,78902063,164593
39367305,78734610,78899203,164593
39366655,78733310,78897892,164582
39360671,78721342,78885904,164562
39358377,78716754,78881309,164555
39358089,78716178,78880732,164554
39357211,78714422,78878974,164552
39356703,78713406,78877952,164546
39355483,78710966,78875512,164546
39354215,78708430,78872974,164544
39353535,78707070,78871598,164528
39350271,78700542,78865058,164516
39344879,78689758,78854249,164491
39340527,78681054,78845542,164488
39339423,78678846,78843316,164470
39337071,78674142,78838604,164462
39336447,78672894,78837356,164462
39336263,78672526,78836984,164458
39335423,78670846,78835303,164457
39331783,78663566,78828023,164457
39331583,78663166,78827620,164454
39327827,78655654,78820094,164440
39326015,78652030,78816454,164424
39325737,78651474,78815896,164422
39325511,78651022,78815441,164419
39323869,78647738,78812156,164418
39322471,78644942,78809339,164397
39320063,78640126,78804521,164395
39318975,78637950,78802334,164384
39314991,78629982,78794350,164368
39313647,78627294,78791659,164365
39310695,78621390,78785743,164353
39309311,78618622,78782969,164347
39308767,78617534,78781880,164346
39307945,78615890,78780235,164345
39307035,78614070,78778406,164336
39304703,78609406,78773735,164329
39303763,78607526,78771854,164328
39302815,78605630,78769946,164316
39298927,78597854,78762166,164312
39297921,78595842,78760151,164309
39297895,78595790,78760084,164294
39295455,78590910,78755195,164285
39293599,78587198,78751477,164279
39291257,78582514,78746786,164272
39288713,78577426,78741692,164266
39288091,78576182,78740441,164259
39287231,78574462,78738713,164251
39286555,78573110,78737359,164249
39284089,78568178,78732425,164247
39282267,78564534,78728780,164246
39282155,78564310,78728540,164230
39279391,78558782,78723008,164226
39279159,78558318,78722536,164218
39275783,78551566,78715780,164214
39274227,78548454,78712666,164212
39274025,78548050,78712262,164212
39273151,78546302,78710498,164196
39271251,78542502,78706696,164194
39271195,78542390,78706576,164186
39268955,78537910,78702086,164176
39268199,78536398,78700571,164173
39266431,78532862,78697025,164163
39264255,78528510,78692662,164152
39261183,78522366,78686516,164150
39259455,78518910,78683044,164134
39258489,78516978,78681112,164134
39257371,78514742,78678872,164130
39255721,78511442,78675568,164126
39255227,78510454,78674576,164122
39254175,78508350,78672460,164110
39250159,78500318,78664414,164096
39245989,78491978,78656074,164096
39245759,78491518,78655610,164092
39244583,78489166,78653243,164077
39243391,78486782,78650854,164072
39242395,78484790,78648857,164067
39239337,78478674,78642728,164054
39236255,78472510,78636548,164038
39233627,78467254,78631288,164034
39232057,78464114,78628148,164034
39231643,78463286,78627320,164034
39231113,78462226,78626254,164028
39230419,78460838,78624865,164027
39230235,78460470,78624484,164014
39228159,78456318,78620323,164005
39227463,78454926,78618929,164003
39224447,78448894,78612889,163995
39221413,78442826,78606812,163986
39218175,78436350,78600311,163961
39216681,78433362,78597323,163961
39214571,78429142,78593093,163951
39210281,78420562,78584506,163944
39210239,78420478,78584416,163938
39209375,78418750,78582688,163938
39205881,78411762,78575680,163918
39202663,78405326,78569230,163904
39201449,78402898,78566800,163902
39200763,78401526,78565427,163901
39200539,78401078,78564968,163890
39198491,78396982,78560867,163885
39198009,78396018,78559900,163882
39196699,78393398,78557273,163875
39192649,78385298,78549158,163860
39189275,78378550,78542405,163855
39188347,78376694,78540535,163841
39187423,78374846,78538684,163838
39187175,78374350,78538184,163834
39185491,78370982,78534809,163827
39183643,78367286,78531113,163827
39182079,78364158,78527969,163811
39181311,78362622,78526430,163808
39178907,78357814,78521620,163806
39177865,78355730,78519536,163806
39177039,78354078,78517880,163802
39176179,78352358,78516160,163802
39175545,78351090,78514885,163795
39173279,78346558,78510332,163774
39172347,78344694,78508466,163772
39171175,78342350,78506117,163767
39167423,78334846,78498598,163752
39165055,78330110,78493859,163749
39163219,78326438,78490177,163739
39162607,78325214,78488945,163731
39159935,78319870,78483593,163723
39157983,78315966,78479684,163718
39155179,78310358,78474071,163713
39153545,78307090,78470800,163710
39153511,78307022,78470714,163692
39151195,78302390,78466079,163689
39149215,78298430,78462109,163679
39148087,78296174,78459844,163670
39146835,78293670,78457336,163666
39146623,78293246,78456910,163664
39143991,78287982,78451643,163661
39142625,78285250,78448904,163654
39139553,78279106,78442756,163650
39138953,78277906,78441556,163650
39136673,78273346,78436984,163638
39135399,78270798,78434432,163634
39134875,78269750,78433378,163628
39132841,78265682,78429287,163605
39131931,78263862,78427462,163600
39129567,78259134,78422726,163592
39129135,78258270,78421861,163591
39128105,78256210,78419801,163591
39126463,78252926,78416512,163586
39125863,78251726,78415301,163575
39121323,78242646,78406211,163565
39121055,78242110,78405667,163557
39120743,78241486,78405040,163554
39119865,78239730,78403283,163553
39117439,78234878,78398417,163539
39113811,78227622,78391156,163534
39111993,78223986,78387520,163534
39111451,78222902,78386429,163527
39109897,78219794,78383315,163521
39108525,78217050,78380570,163520
39108223,78216446,78379954,163508
39106785,78213570,78377068,163498
39105567,78211134,78374632,163498
39103935,78207870,78371368,163498
39103771,78207542,78371039,163497
39101931,78203862,78367342,163480
39101511,78203022,78366497,163475
39100143,78200286,78363758,163472
39099369,78198738,78362206,163468
39095787,78191574,78355028,163454
39094441,78188882,78352328,163446
39094043,78188086,78351532,163446
39091967,78183934,78347366,163432
39087745,78175490,78338917,163427
39086591,78173182,78336598,163416
39082735,78165470,78328876,163406
39082239,78164478,78327881,163403
39081839,78163678,78327071,163393
39080959,78161918,78325307,163389
39078127,78156254,78319631,163377
39077103,78154206,78317576,163370
39075583,78151166,78314531,163365
39073215,78146430,78309794,163364
39071791,78143582,78306938,163356
39071399,78142798,78306154,163356
39071049,78142098,78305453,163355
39070779,78141558,78304913,163355
39067775,78135550,78298892,163342
39064859,78129718,78293051,163333
39064511,78129022,78292352,163330
39058591,78117182,78280504,163322
39056543,78113086,78276379,163293
39056215,78112430,78275722,163292
39055359,78110718,78274006,163288
39052135,78104270,78267548,163278
39050409,78100818,78264089,163271
39049947,78099894,78263165,163271
39047487,78094974,78258241,163267
39047159,78094318,78257576,163258
39047137,78094274,78257524,163250
39044711,78089422,78252659,163237
39042943,78085886,78249122,163236
39042203,78084406,78247640,163234
39039151,78078302,78241526,163224
39037743,78075486,78238709,163223
39037609,78075218,78238430,163212
39036143,78072286,78235490,163204
39034559,78069118,78232316,163198
39029625,78059250,78222436,163186
39028955,78057910,78221096,163186
39028649,78057298,78220484,163186
39028163,78056326,78219503,163177
39026791,78053582,78216754,163172
39026431,78052862,78216028,163166
39025321,78050642,78213802,163160
39024063,78048126,78211282,163156
39023855,78047710,78210863,163153
39022335,78044670,78207820,163150
39021727,78043454,78206596,163142
39019007,78038014,78201146,163132
39016383,78032766,78195889,163123
39009961,78019922,78183016,163094
39007721,78015442,78178534,163092
39003305,78006610,78169691,163081
39003191,78006382,78169463,163081
39002143,78004286,78167357,163071
39001435,78002870,78165935,163065
38997415,77994830,78157894,163064
38996649,77993298,78156340,163042
38996279,77992558,78155599,163041
38995283,77990566,78153601,163035
38994473,77988946,78151979,163033
38990591,77981182,78144191,163009
38987867,77975734,78138737,163003
38987231,77974462,78137464,163002
38986409,77972818,78135820,163002
38985343,77970686,78133675,162989
38982049,77964098,78127082,162984
38981959,77963918,78126896,162978
38980971,77961942,78124918,162976
38980303,77960606,78123577,162971
38978587,77957174,78120134,162960
38976507,77953014,78115972,162958
38974567,77949134,78112084,162950
38974107,77948214,78111161,162947
38972699,77945398,78108334,162936
38972583,77945166,78108101,162935
38971007,77942014,78104945,162931
38968297,77936594,78099514,162920
38967273,77934546,78097466,162920
38964991,77929982,78092896,162914
38964543,77929086,78091994,162908
38963027,77926054,78088952,162898
38960507,77921014,78083912,162898
38959195,77918390,78081286,162896
38959023,77918046,78080942,162896
38958887,77917774,78080653,162879
38957503,77915006,78077884,162878
38955239,77910478,78073348,162870
38954431,77908862,78071719,162857
38953663,77907326,78070181,162855
38953051,77906102,78068956,162854
38950495,77900990,78063842,162852
38950303,77900606,78063452,162846
38949241,77898482,78061324,162842
38946815,77893630,78056459,162829
38946239,77892478,78055306,162828
38943903,77887806,78050632,162826
38943743,77887486,78050306,162820
38943231,77886462,78049277,162815
38942367,77884734,78047548,162814
38941119,77882238,78045052,162814
38939647,77879294,78042094,162800
38937067,77874134,78036925,162791
38936575,77873150,78035938,162788
38935679,77871358,78034142,162784
38933161,77866322,78029102,162780
38932423,77864846,78027622,162776
38930047,77860094,78022858,162764
38928041,77856082,78018839,162757
38927535,77855070,78017825,162755
38924607,77849214,78011962,162748
38924111,77848222,78010964,162742
38921455,77842910,78005630,162720
38918303,77836606,77999326,162720
38918267,77836534,77999249,162715
38913931,77827862,77990572,162710
38913919,77827838,77990528,162690
38911199,77822398,77985083,162685
38908927,77817854,77980534,162680
38908223,77816446,77979125,162679
38908123,77816246,77978917,162671
38906537,77813074,77975738,162664
38902751,77805502,77968160,162658
38900961,77801922,77964569,162647
38899535,77799070,77961710,162640
38898793,77797586,77960222,162636
38898535,77797070,77959705,162635
38897407,77794814,77957437,162623
38897017,77794034,77956654,162620
38894591,77789182,77951789,162607
38890337,77780674,77943269,162595
38887167,77774334,77936915,162581
38886427,77772854,77935432,162578
38883983,77767966,77930542,162576
38881633,77763266,77925832,162566
38881193,77762386,77924942,162556
38881001,77762002,77924558,162556
38879287,77758574,77921129,162555
38877947,77755894,77918440,162546
38871785,77743570,77906104,162534
38870723,77741446,77903980,162534
38868969,77737938,77900444,162506
38868015,77736030,77898529,162499
38866023,77732046,77894540,162494
38863591,77727182,77889671,162489
38861555,77723110,77885590,162480
38860015,77720030,77882498,162468
38858793,77717586,77880046,162460
38856681,77713362,77875820,162458
38856399,77712798,77875253,162455
38854591,77709182,77871622,162440
38851961,77703922,77866358,162436
38850767,77701534,77863966,162432
38849231,77698462,77860888,162426
38848239,77696478,77858900,162422
38847439,77694878,77857292,162414
38846959,77693918,77856331,162413
38846555,77693110,77855519,162409
38844623,77689246,77851654,162408
38843959,77687918,77850316,162398
38839111,77678222,77840602,162380
38837929,77675858,77838236,162378
38837247,77674494,77836864,162370
38835767,77671534,77833901,162367
38835647,77671294,77833660,162366
38833019,77666038,77828404,162366
38832191,77664382,77826730,162348
38831771,77663542,77825890,162348
38831743,77663486,77825830,162344
38829807,77659614,77821958,162344
38827195,77654390,77816719,162329
38825527,77651054,77813374,162320
38823465,77646930,77809247,162317
38818795,77637590,77799892,162302
38816187,77632374,77794666,162292
38813921,77627842,77790131,162289
38813695,77627390,77789659,162269
38811759,77623518,77785784,162266
38809671,77619342,77781602,162260
38807607,77615214,77777462,162248
38804719,77609438,77771686,162248
38804321,77608642,77770882,162240
38802215,77604430,77766662,162232
38799519,77599038,77761253,162215
38797083,77594166,77756368,162202
38795017,77590034,77752232,162198
38791963,77583926,77746115,162189
38791615,77583230,77745418,162188
38790595,77581190,77743370,162180
38790011,77580022,77742200,162178
38787689,77575378,77737553,162175
38786689,77573378,77735540,162162
38786607,77573214,77735371,162157
38784495,77568990,77731138,162148
38780095,77560190,77722325,162135
38778025,77556050,77718176,162126
38774875,77549750,77711867,162117
38773815,77547630,77709740,162110
38771987,77543974,77706076,162102
38771247,77542494,77704591,162097
38767647,77535294,77697386,162092
38766591,77533182,77695258,162076
38762215,77524430,77686504,162074
38760631,77521262,77683313,162051
38757103,77514206,77676250,162044
38757033,77514066,77676104,162038
38756287,77512574,77674604,162030
38750585,77501170,77663180,162010
38747079,77494158,77656151,161993
38742881,77485762,77647744,161982
38739663,77479326,77641286,161960
38737919,77475838,77637796,161958
38737343,77474686,77636638,161952
38734587,77469174,77631119,161945
38733595,77467190,77629126,161936
38732583,77465166,77627098,161932
38731263,77462526,77624458,161932
38729063,77458126,77620048,161922
38727999,77455998,77617910,161912
38727423,77454846,77616758,161912
38726759,77453518,77615428,161910
38726271,77452542,77614450,161908
38722543,77445086,77606984,161898
38721305,77442610,77604506,161896
38720239,77440478,77602367,161889
38716699,77433398,77595263,161865
38712887,77425774,77587624,161850
38711673,77423346,77585195,161849
38710921,77421842,77583689,161847
38710525,77421050,77582896,161846
38709245,77418490,77580332,161842
38708907,77417814,77579656,161842
38708307,77416614,77578451,161837
38708251,77416502,77578331,161829
38706159,77412318,77574145,161827
38704893,77409786,77571607,161821
38704455,77408910,77570728,161818
38698495,77396990,77558794,161804
38697755,77395510,77557301,161791
38694351,77388702,77550478,161776
38692863,77385726,77547496,161770
38689769,77379538,77541295,161757
38686955,77373910,77535662,161752
38686555,77373110,77534860,161750
38683679,77367358,77529089,161731
38682479,77364958,77526686,161728
38681835,77363670,77525392,161722
38681319,77362638,77524355,161717
38677743,77355486,77517196,161710
38676571,77353142,77514844,161702
38675767,77351534,77513228,161694
38670887,77341774,77503463,161689
38670847,77341694,77503372,161678
38669879,77339758,77501434,161676
38667233,77334466,77496142,161676
38666203,77332406,77494076,161670
38663399,77326798,77488447,161649
38662215,77324430,77486069,161639
38661801,77323602,77485238,161636
38658729,77317458,77479082,161624
38656159,77312318,77473942,161624
38653787,77307574,77469185,161611
38652647,77305294,77466892,161598
38651535,77303070,77464667,161597
38649627,77299254,77460839,161585
38645353,77290706,77452283,161577
38645231,77290462,77452037,161575
38642175,77284350,77445922,161572
38641695,77283390,77444962,161572
38640951,77281902,77443456,161554
38639871,77279742,77441296,161554
38639785,77279570,77441123,161553
38637471,77274942,77436475,161533
38637055,77274110,77435642,161532
38634463,77268926,77430449,161523
38634039,77268078,77429600,161522
38632047,77264094,77425607,161513
38628285,77256570,77418083,161513
38628159,77256318,77417819,161501
38627311,77254622,77416121,161499
38625919,77251838,77413324,161486
38622591,77245182,77406668,161486
38621345,77242690,77404174,161484
38620627,77241254,77402726,161472
38620399,77240798,77402267,161469
38619931,77239862,77401327,161465
38619311,77238622,77400082,161460
38616607,77233214,77394664,161450
38616059,77232118,77393564,161446
38614463,77228926,77390368,161442
38613729,77227458,77388896,161438
38612535,77225070,77386508,161438
38611439,77222878,77384305,161427
38608185,77216370,77377792,161422
38608183,77216366,77377781,161415
38607615,77215230,77376640,161410
38603039,77206078,77367478,161400
38602219,77204438,77365834,161396
38600319,77200638,77362015,161377
38597311,77194622,77355992,161370
38596927,77193854,77355217,161363
38594671,77189342,77350702,161360
38594331,77188662,77350018,161356
38590689,77181378,77342722,161344
38587551,77175102,77336444,161342
38587163,77174326,77335666,161340
38586983,77173966,77335306,161340
38583487,77166974,77328310,161336
38582839,77165678,77327014,161336
38582311,77164622,77325934,161312
38581951,77163902,77325212,161310
38581807,77163614,77324915,161301
38579839,77159678,77320975,161297
38578401,77156802,77318092,161290
38576377,77152754,77314043,161289
38575231,77150462,77311750,161288
38574619,77149238,77310518,161280
38573055,77146110,77307376,161266
38571305,77142610,77303867,161257
38568445,77136890,77298146,161256
38567529,77135058,77296303,161245
38566299,77132598,77293838,161240
38565431,77130862,77292100,161238
38561533,77123066,77284297,161231
38561249,77122498,77283728,161230
38560703,77121406,77282630,161224
38560215,77120430,77281654,161224
38560083,77120166,77281385,161219
38557579,77115158,77276369,161211
38556937,77113874,77275082,161208
38555423,77110846,77272042,161196
38554849,77109698,77270890,161192
38552411,77104822,77266012,161190
38550333,77100666,77261854,161188
38550255,77100510,77261686,161176
38549663,77099326,77260499,161173
38549047,77098094,77259262,161168
38548363,77096726,77257891,161165
38547071,77094142,77255297,161155
38543071,77086142,77247284,161142
38540797,77081594,77242733,161139
38539359,77078718,77239852,161134
38538239,77076478,77237608,161130
38537593,77075186,77236306,161120
38537323,77074646,77235763,161117
38535167,77070334,77231441,161107
38534399,77068798,77229902,161104
38530899,77061798,77222896,161098
38530687,77061374,77222459,161085
38528447,77056894,77217974,161080
38524907,77049814,77210891,161077
38520411,77040822,77201878,161056
38520063,77040126,77201174,161048
38515291,77030582,77191613,161031
38514159,77028318,77189345,161027
38513395,77026790,77187815,161025
38510427,77020854,77181874,161020
38509759,77019518,77180525,161007
38508315,77016630,77177636,161006
38507823,77015646,77176648,161002
38505711,77011422,77172406,160984
38503337,77006674,77167654,160980
38501353,77002706,77163673,160967
38499041,76998082,77159042,160960
38497791,76995582,77156533,160951
38495315,76990630,77151575,160945
38492927,76985854,77146784,160930
38491675,76983350,77144278,160928
38491273,76982546,77143474,160928
38489577,76979154,77140078,160924
38489249,76978498,77139416,160918
38486975,76973950,77134862,160912
38486815,76973630,77134538,160908
38484991,76969982,77130878,160896
38483169,76966338,77127232,160894
38482665,76965330,77126218,160888
38481767,76963534,77124418,160884
38478875,76957750,77118628,160878
38477595,76955190,77116058,160868
38473895,76947790,77108654,160864
38472191,76944382,77105233,160851
38468415,76936830,77097670,160840
38466217,76932434,77093260,160826
38465043,76930086,77090908,160822
38459391,76918782,77079580,160798
38459239,76918478,77079274,160796
38455455,76910910,77071696,160786
38454655,76909310,77070095,160785
38454497,76908994,77069779,160785
38453897,76907794,77068573,160779
38453415,76906830,77067593,160763
38452335,76904670,77065433,160763
38449671,76899342,77060099,160757
38449263,76898526,77059279,160753
38448777,76897554,77058305,160751
38448363,76896726,77057476,160750
38448231,76896462,77057206,160744
38447243,76894486,77055230,160744
38444031,76888062,77048788,160726
38442399,76884798,77045515,160717
38440039,76880078,77040790,160712
38438375,76876750,77037460,160710
38436635,76873270,77033968,160698
38434879,76869758,77030453,160695
38434351,76868702,77029393,160691
38433447,76866894,77027584,160690
38433247,76866494,77027176,160682
38431231,76862462,77023133,160671
38427987,76855974,77016640,160666
38422175,76844350,77005006,160656
38421919,76843838,77004481,160643
38418657,76837314,76997936,160622
38415855,76831710,76992320,160610
38413055,76826110,76986710,160600
38410567,76821134,76981720,160586
38408361,76816722,76977304,160582
38407271,76814542,76975114,160572
38404799,76809598,76970159,160561
38400703,76801406,76961951,160545
38399679,76799358,76959899,160541
38393791,76787582,76948108,160526
38391327,76782654,76943159,160505
38386735,76773470,76933969,160499
38385695,76771390,76931876,160486
38383231,76766462,76926935,160473
38382569,76765138,76925609,160471
38381735,76763470,76923938,160468
38380571,76761142,76921609,160467
38380327,76760654,76921121,160467
38378623,76757246,76917701,160455
38378495,76756990,76917442,160452
38375223,76750446,76910897,160451
38373019,76746038,76906480,160442
38370751,76741502,76901944,160442
38370145,76740290,76900732,160442
38370023,76740046,76900462,160416
38366063,76732126,76892528,160402
38364095,76728190,76888582,160392
38363639,76727278,76887668,160390
38363227,76726454,76886842,160388
38359803,76719606,76879991,160385
38359777,76719554,76879936,160382
38358199,76716398,76876780,160382
38358119,76716238,76876609,160371
38355927,76711854,76872220,160366
38355027,76710054,76870420,160366
38354919,76709838,76870193,160355
38353407,76706814,76867163,160349
38348447,76696894,76857220,160326
38344475,76688950,76849258,160308
38338407,76676814,76837099,160285
38335625,76671250,76831528,160278
38335471,76670942,76831220,160278
38334715,76669430,76829705,160275
38333439,76666878,76827140,160262
38330451,76660902,76821160,160258
38328073,76656146,76816394,160248
38327711,76655422,76815661,160239
38326271,76652542,76812772,160230
38323655,76647310,76807540,160230
38323539,76647078,76807300,160222
38322287,76644574,76804792,160218
38319231,76638462,76798678,160216
38318507,76637014,76797224,160210
38317193,76634386,76794587,160201
38314921,76629842,76790035,160193
38311977,76623954,76784132,160178
38311015,76622030,76782208,160178
38310777,76621554,76781725,160171
38308407,76616814,76776977,160163
38306217,76612434,76772585,160151
38305791,76611582,76771732,160150
38304367,76608734,76768882,160148
38302147,76604294,76764431,160137
38300831,76601662,76761796,160134
38299495,76598990,76759114,160124
38297599,76595198,76755320,160122
38297115,76594230,76754341,160111
38293991,76587982,76748080,160098
38291833,76583666,76743757,160091
38290895,76581790,76741877,160087
38288169,76576338,76736416,160078
38288041,76576082,76736159,160077
38284513,76569026,76729102,160076
38284137,76568274,76728347,160073
38283967,76567934,76727990,160056
38280303,76560606,76720652,160046
38279935,76559870,76719910,160040
38278281,76556562,76716596,160034
38277615,76555230,76715261,160031
38276347,76552694,76712719,160025
38276095,76552190,76712212,160022
38271423,76542846,76702858,160012
38271023,76542046,76702054,160008
38266139,76532278,76692262,159984
38263785,76527570,76687544,159974
38262401,76524802,76684772,159970
38259325,76518650,76678613,159963
38257193,76514386,76674346,159960
38256815,76513630,76673585,159955
38256297,76512594,76672546,159952
38255871,76511742,76671680,159938
38251687,76503374,76663312,159938
38251007,76502014,76661944,159930
38250267,76500534,76660451,159917
38247871,76495742,76655650,159908
38247423,76494846,76654750,159904
38245311,76490622,76650520,159898
38244777,76489554,76649452,159898
38243431,76486862,76646756,159894
38243321,76486642,76646533,159891
38243209,76486418,76646308,159890
38239911,76479822,76639699,159877
38239003,76478006,76637881,159875
38235195,76470390,76630264,159874
38234569,76469138,76629007,159869
38234185,76468370,76628227,159857
38233865,76467730,76627582,159852
38232807,76465614,76625464,159850
38231807,76463614,76623452,159838
38229711,76459422,76619254,159832
38227199,76454398,76614226,159828
38226799,76453598,76613420,159822
38226683,76453366,76613188,159822
38223927,76447854,76607674,159820
38223867,76447734,76607546,159812
38222319,76444638,76604438,159800
38220891,76441782,76601582,159800
38220527,76441054,76600852,159798
38219935,76439870,76599665,159795
38218707,76437414,76597201,159787
38217855,76435710,76595492,159782
38216735,76433470,76593245,159775
38214199,76428398,76588166,159768
38211753,76423506,76583272,159766
38211411,76422822,76582583,159761
38208415,76416830,76576580,159750
38207609,76415218,76574968,159750
38207007,76414014,76573754,159740
38206191,76412382,76572116,159734
38204959,76409918,76569650,159732
38204639,76409278,76569004,159726
38202175,76404350,76564075,159725
38199849,76399698,76559413,159715
38199421,76398842,76558555,159713
38195887,76391774,76551478,159704
38194743,76389486,76549187,159701
38193721,76387442,76547140,159698
38193527,76387054,76546739,159685
38192511,76385022,76544701,159679
38187879,76375758,76535422,159664
38186779,76373558,76533214,159656
38185119,76370238,76529882,159644
38181887,76363774,76523402,159628
38177247,76354494,76514105,159611
38175931,76351862,76511467,159605
38172425,76344850,76504444,159594
38171177,76342354,76501943,159589
38169631,76339262,76498843,159581
38168801,76337602,76497182,159580
38168575,76337150,76496728,159578
38163199,76326398,76485958,159560
38162047,76324094,76483646,159552
38161407,76322814,76482364,159550
38160495,76320990,76480537,159547
38159807,76319614,76479154,159540
38156911,76313822,76473358,159536
38152351,76304702,76464215,159513
38151919,76303838,76463351,159513
38149801,76299602,76459097,159495
38145179,76290358,76449845,159487
38144895,76289790,76449268,159478
38142889,76285778,76445248,159470
38140783,76281566,76441036,159470
38139815,76279630,76439092,159462
38138761,76277522,76436983,159461
38138559,76277118,76436569,159451
38137471,76274942,76434388,159446
38137087,76274174,76433618,159444
38136489,76272978,76432417,159439
38134811,76269622,76429055,159433
38133183,76266366,76425794,159428
38129577,76259154,76418569,159415
38128891,76257782,76417192,159410
38122943,76245886,76405295,159409
38122749,76245498,76404887,159389
38122025,76244050,76403438,159388
38120575,76241150,76400522,159372
38116319,76232638,76391998,159360
38116199,76232398,76391758,159360
38115099,76230198,76389551,159353
38113351,76226702,76386046,159344
38109927,76219854,76379192,159338
38109865,76219730,76379059,159329
38106415,76212830,76372159,159329
38106109,76212218,76371541,159323
38105087,76210174,76369493,159319
38104911,76209822,76369133,159311
38102327,76204654,76363964,159310
38100763,76201526,76360825,159299
38099967,76199934,76359226,159292
38097043,76194086,76353368,159282
38094695,76189390,76348657,159267
38094569,76189138,76348405,159267
38093503,76187006,76346266,159260
38089959,76179918,76339169,159251
38085629,76171258,76330502,159244
38084745,76169490,76328729,159239
38083183,76166366,76325584,159218
38082331,76164662,76323875,159213
38079259,76158518,76317718,159200
38078623,76157246,76316444,159198
38077159,76154318,76313512,159194
38074527,76149054,76308236,159182
38074111,76148222,76307401,159179
38073087,76146174,76305349,159175
38072457,76144914,76304087,159173
38070379,76140758,76299928,159170
38069225,76138450,76297619,159169
38068199,76136398,76295564,159166
38066495,76132990,76292138,159148
38061353,76122706,76281844,159138
38060699,76121398,76280534,159136
38060199,76120398,76279519,159121
38056187,76112374,76271489,159115
38054565,76109130,76268243,159113
38053979,76107958,76267064,159106
38053887,76107774,76266868,159094
38051263,76102526,76261612,159086
38050927,76101854,76260940,159086
38049563,76099126,76258207,159081
38047079,76094158,76253233,159075
38045231,76090462,76249523,159061
38043495,76086990,76246049,159059
38041919,76083838,76242890,159052
38041759,76083518,76242563,159045
38038369,76076738,76235782,159044
38037687,76075374,76234409,159035
38037503,76075006,76234031,159025
38034791,76069582,76228600,159018
38033663,76067326,76226339,159013
38033407,76066814,76225822,159008
38031855,76063710,76222714,159004
38030495,76060990,76219991,159001
38029385,76058770,76217770,159000
38029031,76058062,76217057,158995
38027599,76055198,76214186,158988
38024417,76048834,76207810,158976
38021295,76042590,76201549,158959
38020187,76040374,76199332,158958
38019679,76039358,76198316,158958
38015783,76031566,76190524,158958
38014879,76029758,76188701,158943
38012699,76025398,76184327,158929
38011751,76023502,76182430,158928
38009327,76018654,76177570,158916
38007899,76015798,76174708,158910
38005935,76011870,76170778,158908
38004923,76009846,76168754,158908
38003495,76006990,76165879,158889
38003327,76006654,76165541,158887
38001887,76003774,76162660,158886
37998687,75997374,76156258,158884
37997679,75995358,76154219,158861
37995519,75991038,76149895,158857
37995163,75990326,76149175,158849
37990575,75981150,76139995,158845
37989739,75979478,76138312,158834
37988123,75976246,76135066,158820
37986431,75972862,76131677,158815
37986331,75972662,76131476,158814
37986047,75972094,76130905,158811
37981287,75962574,76121369,158795
37980471,75960942,76119734,158792
37980287,75960574,76119362,158788
37974887,75949774,76108562,158788
37974163,75948326,76107112,158786
37973117,75946234,76105003,158769
37970089,75940178,76098940,158762
37969577,75939154,76097900,158746
37969435,75938870,76097611,158741
37968539,75937078,76095818,158740
37967187,75934374,76093111,158737
37963089,75926178,76084906,158728
37960841,75921682,76080400,158718
37959919,75919838,76078552,158714
37957881,75915762,76074464,158702
37956735,75913470,76072159,158689
37955319,75910638,76069325,158687
37954779,75909558,76068245,158687
37953799,75907598,76066280,158682
37950911,75901822,76060498,158676
37949135,75898270,76056928,158658
37947561,75895122,76053772,158650
37947239,75894478,76053127,158649
37941739,75883478,76042111,158633
37941487,75882974,76041598,158624
37939559,75879118,76037734,158616
37937385,75874770,76033384,158614
37937151,75874302,76032916,158614
37934311,75868622,76027223,158601
37933395,75866790,76025387,158597
37931647,75863294,76021880,158586
37930223,75860446,76019024,158578
37928047,75856094,76014665,158571
37926505,75853010,76011578,158568
37926047,75852094,76010656,158562
37925023,75850046,76008604,158558
37922463,75844926,76003469,158543
37921259,75842518,76001060,158542
37919279,75838558,75997091,158533
37917289,75834578,75993106,158528
37915975,75831950,75990478,158528
37912687,75825374,75983884,158510
37912315,75824630,75983138,158508
37911271,75822542,75981040,158498
37909097,75818194,75976688,158494
37907615,75815230,75973714,158484
37906345,75812690,75971171,158481
37904073,75808146,75966626,158480
37902119,75804238,75962717,158479
37902089,75804178,75962639,158461
37900799,75801598,75960055,158457
37899903,75799806,75958256,158450
37898239,75796478,75954922,158444
37894143,75788286,75946720,158434
37891931,75783862,75942281,158419
37889767,75779534,75937952,158418
37888283,75776566,75934970,158404
37884879,75769758,75928157,158399
37884179,75768358,75926752,158394
37883647,75767294,75925675,158381
37881769,75763538,75921914,158376
37880615,75761230,75919606,158376
37878717,75757434,75915805,158371
37877985,75755970,75914333,158363
37873987,75747974,75906335,158361
37873661,75747322,75905674,158352
37870873,75741746,75900098,158352
37870601,75741202,75899542,158340
37866987,75733974,75892288,158314
37864543,75729086,75887389,158303
37863403,75726806,75885107,158301
37861263,75722526,75880820,158294
37860605,75721210,75879502,158292
37860287,75720574,75878860,158286
37859175,75718350,75876632,158282
37856129,75712258,75870539,158281
37855913,75711826,75870107,158281
37854975,75709950,75868211,158261
37850671,75701342,75859589,158247
37850095,75700190,75858434,158244
37849769,75699538,75857782,158244
37846719,75693438,75851677,158239
37846271,75692542,75850769,158227
37843263,75686526,75844745,158219
37841903,75683806,75842015,158209
37839359,75678718,75836915,158197
37838543,75677086,75835282,158196
37835071,75670142,75828325,158183
37833711,75667422,75825598,158176
37831337,75662674,75820838,158164
37828935,75657870,75816029,158159
37827721,75655442,75813592,158150
37823727,75647454,75805586,158132
37823515,75647030,75805160,158130
37820919,75641838,75799967,158129
37818249,75636498,75794620,158122
37818195,75636390,75794510,158120
37818095,75636190,75794305,158115
37817447,75634894,75793006,158112
37814303,75628606,75786704,158098
37813759,75627518,75785612,158094
37813503,75627006,75785098,158092
37811943,75623886,75781978,158092
37810411,75620822,75778901,158079
37808255,75616510,75774584,158074
37806719,75613438,75771499,158061
37803067,75606134,75764192,158058
37802663,75605326,75763378,158052
37801055,75602110,75760162,158052
37799783,75599566,75757612,158046
37798355,75596710,75754750,158040
37795209,75590418,75748445,158027
37792993,75585986,75743998,158012
37792383,75584766,75742771,158005
37791871,75583742,75741745,158003
37786239,75572478,75730459,157981
37786079,75572158,75730133,157975
37784603,75569206,75727180,157974
37782505,75565010,75722974,157964
37781231,75562462,75720419,157957
37779663,75559326,75717281,157955
37777917,75555834,75713780,157946
37775273,75550546,75708484,157938
37775017,75550034,75707972,157938
37773055,75546110,75704048,157938
37770175,75540350,75698278,157928
37769967,75539934,75697847,157913
37767167,75534334,75692230,157896
37765991,75531982,75689876,157894
37764891,75529782,75687671,157889
37763295,75526590,75684473,157883
37761183,75522366,75680239,157873
37758703,75517406,75675274,157868
37758311,75516622,75674486,157864
37756095,75512190,75670042,157852
37754195,75508390,75666238,157848
37751897,75503794,75661642,157848
37750527,75501054,75658900,157846
37749897,75499794,75657622,157828
37748735,75497470,75655289,157819
37748255,75496510,75654326,157816
37745127,75490254,75648059,157805
37743103,75486206,75644000,157794
37739833,75479666,75637456,157790
37739215,75478430,75636214,157784
37736351,75472702,75630473,157771
37733689,75467378,75625139,157761
37731739,75463478,75621232,157754
37728751,75457502,75615241,157739
37724699,75449398,75607127,157729
37722575,75445150,75602866,157716
37721831,75443662,75601376,157714
37720211,75440422,75598136,157714
37719067,75438134,75595835,157701
37718355,75436710,75594406,157696
37717019,75434038,75591724,157686
37712055,75424110,75581788,157678
37711643,75423286,75580964,157678
37711513,75423026,75580697,157671
37709291,75418582,75576248,157666
37703455,75406910,75564542,157632
37703223,75406446,75564076,157630
37702527,75405054,75562679,157625
37699567,75399134,75556759,157625
37699103,75398206,75555818,157612
37695487,75390974,75548578,157604
37693951,75387902,75545492,157590
37693287,75386574,75544162,157588
37691951,75383902,75541486,157584
37691519,75383038,75540620,157582
37690367,75380734,75538312,157578
37689679,75379358,75536936,157578
37688091,75376182,75533753,157571
37687199,75374398,75531961,157563
37686831,75373662,75531224,157562
37685871,75371742,75529301,157559
37684255,75368510,75526064,157554
37683497,75366994,75524545,157551
37679671,75359342,75516877,157535
37678719,75357438,75514967,157529
37672871,75345742,75503248,157506
37669191,75338382,75495878,157496
37667969,75335938,75493424,157486
37665487,75330974,75488456,157482
37663983,75327966,75485428,157462
37660841,75321682,75479134,157452
37658959,75317918,75475370,157452
37657577,75315154,75472594,157440
37655999,75311998,75469432,157434
37655067,75310134,75467567,157433
37651871,75303742,75461156,157414
37651823,75303646,75461060,157414
37650345,75300690,75458101,157411
37649535,75299070,75456478,157408
37648041,75296082,75453484,157402
37647359,75294718,75452114,157396
37641523,75283046,75440440,157394
37640987,75281974,75439354,157380
37640809,75281618,75438994,157376
37637679,75275358,75432728,157370
37637001,75274002,75431359,157357
37636967,75273934,75431290,157356
37636607,75273214,75430565,157351
37631423,75262846,75420184,157338
37631009,75262018,75419356,157338
37630441,75260882,75418216,157334
37629695,75259390,75416714,157324
37626249,75252498,75409822,157324
37626017,75252034,75409352,157318
37625143,75250286,75407603,157317
37624071,75248142,75405455,157313
37621871,75243742,75401047,157305
37617793,75235586,75392867,157281
37617647,75235294,75392572,157278
37616799,75233598,75390869,157271
37616359,75232718,75389987,157269
37614823,75229646,75386906,157260
37614055,75228110,75385366,157256
37613287,75226574,75383828,157254
37612575,75225150,75382402,157252
37611099,75222198,75379444,157246
37610153,75220306,75377549,157243
37608447,75216894,75374135,157241
37607751,75215502,75372734,157232
37605001,75210002,75367222,157220
37603823,75207646,75364864,157218
37603705,75207410,75364624,157214
37603099,75206198,75363412,157214
37602491,75204982,75362194,157212
37597503,75195006,75352198,157192
37597225,75194450,75351635,157185
37596411,75192822,75350006,157184
37594047,75188094,75345272,157178
37593119,75186238,75343406,157168
37592831,75185662,75342827,157165
37590143,75180286,75337450,157164
37589409,75178818,75335980,157162
37588071,75176142,75333296,157154
37586715,75173430,75330574,157144
37584039,75168078,75325211,157133
37582239,75164478,75321602,157124
37579177,75158354,75315476,157122
37578471,75156942,75314060,157118
37575297,75150594,75307696,157102
37575135,75150270,75307364,157094
37567433,75134866,75291941,157075
37566419,75132838,75289913,157075
37566007,75132014,75289072,157058
37563945,75127890,75284945,157055
37563239,75126478,75283526,157048
37560887,75121774,75278818,157044
37559977,75119954,75276985,157031
37556361,75112722,75269740,157018
37552831,75105662,75262666,157004
37551615,75103230,75260230,157000
37549759,75099518,75256508,156990
37547167,75094334,75251309,156975
37543963,75087926,75244895,156969
37542367,75084734,75241696,156962
37541247,75082494,75239452,156958
37539987,75079974,75236930,156956
37538943,75077886,75234827,156941
37535855,75071710,75228637,156927
37535359,75070718,75227645,156927
37532319,75064638,75221558,156920
37530831,75061662,75218581,156919
37528559,75057118,75214028,156910
37528055,75056110,75213016,156906
37527223,75054446,75211342,156896
37525711,75051422,75208316,156894
37523867,75047734,75204617,156883
37522535,75045070,75201952,156882
37520667,75041334,75198212,156878
37520211,75040422,75197290,156868
37519129,75038258,75195125,156867
37515433,75030866,75187714,156848
37511923,75023846,75180680,156834
37509623,75019246,75176075,156829
37509003,75018006,75174830,156824
37507423,75014846,75171659,156813
37505151,75010302,75167114,156812
37504103,75008206,75165014,156808
37502063,75004126,75160924,156798
37499199,74998398,75155182,156784
37498633,74997266,75154048,156782
37497509,74995018,75151799,156781
37496999,74993998,75150778,156780
37494831,74989662,75146420,156758
37490077,74980154,75136906,156752
37489825,74979650,75136396,156746
37489343,74978686,75135428,156742
37488879,74977758,75134492,156734
37485183,74970366,75127094,156728
37484543,74969086,75125806,156720
37484479,74968958,75125675,156717
37476911,74953822,75110516,156694
37476679,74953358,75110048,156690
37475465,74950930,75107618,156688
37472743,74945486,75102152,156666
37472027,74944054,75100720,156666
37466863,74933726,75090382,156656
37462123,74924246,75080872,156626
37460875,74921750,75078370,156620
37459359,74918718,75075329,156611
37456159,74912318,75068921,156603
37455785,74911570,75068167,156597
37454631,74909262,75065858,156596
37452777,74905554,75062138,156584
37451035,74902070,75058645,156575
37449887,74899774,75056348,156574
37449051,74898102,75054674,156572
37448703,74897406,75053969,156563
37444591,74889182,75045742,156560
37444449,74888898,75045454,156556
37443327,74886654,75043199,156545
37439647,74879294,75035821,156527
37437775,74875550,75032075,156525
37437503,74875006,75031529,156523
37437287,74874574,75031096,156522
37434831,74869662,75026176,156514
37432887,74865774,75022274,156500
37431571,74863142,75019642,156500
37430569,74861138,75017630,156492
37429999,74859998,75016486,156488
37429473,74858946,75015433,156487
37428991,74857982,75014465,156483
37427943,74855886,75012367,156481
37426407,74852814,75009292,156478
37425491,74850982,75007456,156474
37423999,74847998,75004460,156462
37421055,74842110,74998558,156448
37418011,74836022,74992462,156440
37414491,74828982,74985404,156422
37413031,74826062,74982478,156416
37410529,74821058,74977474,156416
37406685,74813370,74969786,156416
37406427,74812854,74969266,156412
37403883,74807766,74964149,156383
37402271,74804542,74960911,156369
37399367,74798734,74955098,156364
37398803,74797606,74953966,156360
37397951,74795902,74952256,156354
37395433,74790866,74947211,156345
37390077,74780154,74936495,156341
37388571,74777142,74933464,156322
37388287,74776574,74932888,156314
37387261,74774522,74930836,156314
37385063,74770126,74926438,156312
37383807,74767614,74923910,156296
37383103,74766206,74922497,156291
37380031,74760062,74916353,156291
37378767,74757534,74913820,156286
37377151,74754302,74910581,156279
37376639,74753278,74909542,156264
37372453,74744906,74901167,156261
37372407,74744814,74901062,156248
37369855,74739710,74895947,156237
37367423,74734846,74891074,156228
37365607,74731214,74887432,156218
37360523,74721046,74877262,156216
37358591,74717182,74873369,156187
37356635,74713270,74869454,156184
37355291,74710582,74866756,156174
37352655,74705310,74861482,156172
37350659,74701318,74857486,156168
37349579,74699158,74855321,156163
37348799,74697598,74853746,156148
37346011,74692022,74848162,156140
37344927,74689854,74845984,156130
37342303,74684606,74840725,156119
37340399,74680798,74836912,156114
37337995,74675990,74832101,156111
37335599,74671198,74827301,156103
37335009,74670018,74826110,156092
37334511,74669022,74825110,156088
37331389,74662778,74818865,156087
37330459,74660918,74816989,156071
37327287,74654574,74810641,156067
37325849,74651698,74807764,156066
37325577,74651154,74807216,156062
37324863,74649726,74805781,156055
37323659,74647318,74803372,156054
37318599,74637198,74793226,156028
37317217,74634434,74790461,156027
37314303,74628606,74784608,156002
37313307,74626614,74782615,156001
37311421,74622842,74778839,155997
37310611,74621222,74777218,155996
37310535,74621070,74777062,155992
37307871,74615742,74771723,155981
37304799,74609598,74765560,155962
37304489,74608978,74764939,155961
37302327,74604654,74760614,155960
37302185,74604370,74760326,155956
37300735,74601470,74757418,155948
37298203,74596406,74752340,155934
37296895,74593790,74749720,155930
37294747,74589494,74745424,155930
37294247,74588494,74744414,155920
37292409,74584818,74740732,155914
37291111,74582222,74738132,155910
37290835,74581670,74737579,155909
37289223,74578446,74734348,155902
37287209,74574418,74730314,155896
37286107,74572214,74728106,155892
37284923,74569846,74725733,155887
37282687,74565374,74721247,155873
37280255,74560510,74716369,155859
37275975,74551950,74707805,155855
37275183,74550366,74706209,155843
37271777,74543554,74699380,155826
37269351,74538702,74694518,155816
37268607,74537214,74693026,155812
37268137,74536274,74692084,155810
37266879,74533758,74689564,155806
37265407,74530814,74686609,155795
37263679,74527358,74683150,155792
37261343,74522686,74678470,155784
37261311,74522622,74678402,155780
37258233,74516466,74672243,155777
37257129,74514258,74670023,155765
37255545,74511090,74666852,155762
37253119,74506238,74661982,155744
37250287,74500574,74656313,155739
37250075,74500150,74655883,155733
37248539,74497078,74652806,155728
37248511,74497022,74652749,155727
37247099,74494198,74649923,155725
37244699,74489398,74645116,155718
37240703,74481406,74637116,155710
37238431,74476862,74632549,155687
37235593,74471186,74626870,155684
37233883,74467766,74623447,155681
37233199,74466398,74622073,155675
37232609,74465218,74620889,155671
37232383,74464766,74620424,155658
37230239,74460478,74616134,155656
37229031,74458062,74613716,155654
37228287,74456574,74612216,155642
37225319,74450638,74606270,155632
37224447,74448894,74604520,155626
37224041,74448082,74603708,155626
37221823,74443646,74599262,155616
37220351,74440702,74596312,155610
37219647,74439294,74594900,155606
37218799,74437598,74593204,155606
37217839,74435678,74591284,155606
37215327,74430654,74586256,155602
37214299,74428598,74584196,155598
37214055,74428110,74583706,155596
37213803,74427606,74583197,155591
37213673,74427346,74582930,155584
37213599,74427198,74582780,155582
37212375,74424750,74580332,155582
37211775,74423550,74579129,155579
37210911,74421822,74577395,155573
37210271,74420542,74576110,155568
37207487,74414974,74570534,155560
37206639,74413278,74568838,155560
37202791,74405582,74561128,155546
37202399,74404798,74560337,155539
37200929,74401858,74557397,155539
37199083,74398166,74553695,155529
37198315,74396630,74552150,155520
37198075,74396150,74551670,155520
37197159,74394318,74549834,155516
37196095,74392190,74547697,155507
37192361,74384722,74540216,155494
37190653,74381306,74536795,155489
37186643,74373286,74528764,155478
37185947,74371894,74527363,155469
37185695,74371390,74526854,155464
37183571,74367142,74522606,155464
37179273,74358546,74514001,155455
37178815,74357630,74513074,155444
37178631,74357262,74512703,155441
37175479,74350958,74506390,155432
37173339,74346678,74502106,155428
37172703,74345406,74500823,155417
37171943,74343886,74499301,155415
37171519,74343038,74498444,155406
37169855,74339710,74495108,155398
37167551,74335102,74490491,155389
37166079,74332158,74487539,155381
37163367,74326734,74482108,155374
37160775,74321550,74476918,155368
37160161,74320322,74475688,155366
37158911,74317822,74473181,155359
37156255,74312510,74467852,155342
37154323,74308646,74463986,155340
37151999,74303998,74459330,155332
37149423,74298846,74454167,155321
37148831,74297662,74452972,155310
37144679,74289358,74444660,155302
37143929,74287858,74443151,155293
37141663,74283326,74438612,155286
37141095,74282190,74437474,155284
37140815,74281630,74436910,155280
37139183,74278366,74433635,155269
37136447,74272894,74428162,155268
37134107,74268214,74423462,155248
37133311,74266622,74421868,155246
37130383,74260766,74416009,155243
37130239,74260478,74415712,155234
37127355,74254710,74409941,155231
37127305,74254610,74409833,155223
37124507,74249014,74404235,155221
37123849,74247698,74402914,155216
37123519,74247038,74402242,155204
37123071,74246142,74401343,155201
37120283,74240566,74395763,155197
37116499,74232998,74388187,155189
37115017,74230034,74385209,155175
37110255,74220510,74375678,155168
37109855,74219710,74374865,155155
37109759,74219518,74374672,155154
37109095,74218190,74373340,155150
37107803,74215606,74370746,155140
37105087,74210174,74365303,155129
37100891,74201782,74356900,155118
37099487,74198974,74354080,155106
37097199,74194398,74349496,155098
37095711,74191422,74346518,155096
37094015,74188030,74343113,155083
37090627,74181254,74336336,155082
37089919,74179838,74334914,155076
37089279,74178558,74333626,155068
37087471,74174942,74329996,155054
37085409,74170818,74325869,155051
37085163,74170326,74325377,155051
37081065,74162130,74317159,155029
37080223,74160446,74315474,155028
37075659,74151318,74306344,155026
37074971,74149942,74304965,155023
37074223,74148446,74303458,155012
37073147,74146294,74301289,154995
37071259,74142518,74297506,154988
37069135,74138270,74293258,154988
37067753,74135506,74290478,154972
37064911,74129822,74284789,154967
37063639,74127278,74282237,154959
37062595,74125190,74280149,154959
37062503,74125006,74279956,154950
37061631,74123262,74278208,154946
37058559,74117118,74272052,154934
37055807,74111614,74266535,154921
37052033,74104066,74258987,154921
37049703,74099406,74254304,154898
37044961,74089922,74244814,154892
37043815,74087630,74242507,154877
37042971,74085942,74240813,154871
37039487,74078974,74233840,154866
37036989,74073978,74228831,154853
37036783,74073566,74228413,154847
37035259,74070518,74225362,154844
37031983,74063966,74218796,154830
37031783,74063566,74218390,154824
37027687,74055374,74210177,154803
37025307,74050614,74205416,154802
37025231,74050462,74205260,154798
37023713,74047426,74202223,154797
37023079,74046158,74200948,154790
37022567,74045134,74199922,154788
37020927,74041854,74196641,154787
37020895,74041790,74196572,154782
37020285,74040570,74195347,154777
37019931,74039862,74194636,154774
37015691,74031382,74186152,154770
37013225,74026450,74181215,154765
37012763,74025526,74180281,154755
37012361,74024722,74179475,154753
37008551,74017102,74171842,154740
37007849,74015698,74170432,154734
37007699,74015398,74170124,154726
37004847,74009694,74164403,154709
37001535,74003070,74157772,154702
37001471,74002942,74157640,154698
37000191,74000382,74155070,154688
36998239,73996478,74151166,154688
36995143,73990286,74144956,154670
36989481,73978962,74133629,154667
36988607,73977214,74131874,154660
36985631,73971262,74125906,154644
36985435,73970870,74125511,154641
36984121,73968242,74122883,154641
36982875,73965750,74120369,154619
36980175,73960350,74114959,154609
36977641,73955282,74109878,154596
36975043,73950086,74104679,154593
36972005,73944010,74098597,154587
36971551,73943102,74097682,154580
36970431,73940862,74095438,154576
36969951,73939902,74094478,154576
36968775,73937550,74092108,154558
36967807,73935614,74090170,154556
36967561,73935122,74089675,154553
36966369,73932738,74087290,154552
36966015,73932030,74086574,154544
36960477,73920954,74075494,154540
36960169,73920338,74074864,154526
36959063,73918126,74072650,154524
36958687,73917374,74071898,154524
36958527,73917054,74071567,154513
36955739,73911478,74065985,154507
36953757,73907514,74062021,154507
36953327,73906654,74061152,154498
36952155,73904310,74058806,154496
36951279,73902558,74057044,154486
36946171,73892342,74046812,154470
36945151,73890302,74044762,154460
36943963,73887926,74042386,154460
36942663,73885326,74039782,154456
36942311,73884622,74039074,154452
36939603,73879206,74033650,154444
36937199,73874398,74028842,154444
36936575,73873150,74027573,154423
36935999,73871998,74026420,154422
36928489,73856978,74011372,154394
36927865,73855730,74010118,154388
36924843,73849686,74004068,154382
36924779,73849558,74003938,154380
36923631,73847262,74001632,154370
36922879,73845758,74000128,154370
36922303,73844606,73998971,154365
36916703,73833406,73987757,154351
36915439,73830878,73985218,154340
36912411,73824822,73979162,154340
36911847,73823694,73978019,154325
36911785,73823570,73977893,154323
36910721,73821442,73975763,154321
36908135,73816270,73970576,154306
36904175,73808350,73962647,154297
36903935,73807870,73962160,154290
36903711,73807422,73961708,154286
36898663,73797326,73951594,154268
36895775,73791550,73945817,154267
36894815,73789630,73943891,154261
36894585,73789170,73943423,154253
36890203,73780406,73934644,154238
36887551,73775102,73929338,154236
36887039,73774078,73928297,154219
36884383,73768766,73922971,154205
36880255,73760510,73914697,154187
36878427,73756854,73911041,154187
36876969,73753938,73908125,154187
36875691,73751382,73905562,154180
36875503,73751006,73905172,154166
36873663,73747326,73901488,154162
36872283,73744566,73898725,154159
36870911,73741822,73895974,154152
36867721,73735442,73889590,154148
36865023,73730046,73884184,154138
36861487,73722974,73877093,154119
36861153,73722306,73876418,154112
36859519,73719038,73873144,154106
36858015,73716030,73870127,154097
36855839,73711678,73865773,154095
36855767,73711534,73865629,154095
36855503,73711006,73865090,154084
36854887,73709774,73863857,154083
36854011,73708022,73862104,154082
36852393,73704786,73858864,154078
36850943,73701886,73855960,154074
36849435,73698870,73852936,154066
36848617,73697234,73851292,154058
36848511,73697022,73851077,154055
36847271,73694542,73848596,154054
36846079,73692158,73846208,154050
36844079,73688158,73842197,154039
36843631,73687262,73841300,154038
36840519,73681038,73835060,154022
36837423,73674846,73828858,154012
36835631,73671262,73825268,154006
36833343,73666686,73820690,154004
36832633,73665266,73819268,154002
36832441,73664882,73818881,153999
36832007,73664014,73818013,153999
36831259,73662518,73816505,153987
36828187,73656374,73810358,153984
36827135,73654270,73808243,153973
36824735,73649470,73803437,153967
36823803,73647606,73801564,153958
36823209,73646418,73800376,153958
36822735,73645470,73799419,153949
36820979,73641958,73795907,153949
36820903,73641806,73795754,153948
36820735,73641470,73795414,153944
36819623,73639246,73793182,153936
36818943,73637886,73791817,153931
36817115,73634230,73788160,153930
36816667,73633334,73787255,153921
36813879,73627758,73781675,153917
36813543,73627086,73780997,153911
36810911,73621822,73775722,153900
36809823,73619646,73773544,153898
36808871,73617742,73771640,153898
36808105,73616210,73770107,153897
36805473,73610946,73764836,153890
36804833,73609666,73763548,153882
36804351,73608702,73762582,153880
36802631,73605262,73759142,153880
36802395,73604790,73758656,153866
36801513,73603026,73756892,153866
36799935,73599870,73753733,153863
36799481,73598962,73752824,153862
36798647,73597294,73751143,153849
36798463,73596926,73750774,153848
36796895,73593790,73747636,153846
36796793,73593586,73747426,153840
36794337,73588674,73742512,153838
36792799,73585598,73739423,153825
36791143,73582286,73736108,153822
36790455,73580910,73734730,153820
36788733,73577466,73731280,153814
36788123,73576246,73730054,153808
36785801,73571602,73725407,153805
36785407,73570814,73724606,153792
36785279,73570558,73724350,153792
36785135,73570270,73724060,153790
36783017,73566034,73719815,153781
36780219,73560438,73714219,153781
36779291,73558582,73712356,153774
36775891,73551782,73705547,153765
36774953,73549906,73703662,153756
36771751,73543502,73697237,153735
36771055,73542110,73695845,153735
36769407,73538814,73692544,153730
36766363,73532726,73686455,153729
36766263,73532526,73686242,153716
36765695,73531390,73685104,153714
36764519,73529038,73682752,153714
36763367,73526734,73680437,153703
36761343,73522686,73676378,153692
36760423,73520846,73674535,153689
36755339,73510678,73664360,153682
36754971,73509942,73663618,153676
36754671,73509342,73663003,153661
36749979,73499958,73653610,153652
36749949,73499898,73653550,153652
36749423,73498846,73652488,153642
36749083,73498166,73651805,153639
36745971,73491942,73645576,153634
36740609,73481218,73634836,153618
36739951,73479902,73633516,153614
36739399,73478798,73632407,153609
36738075,73476150,73629754,153604
36737193,73474386,73627978,153592
36733595,73467190,73620778,153588
36732201,73464402,73617974,153572
36730363,73460726,73614298,153572
36729401,73458802,73612370,153568
36728603,73457206,73610774,153568
36728447,73456894,73610458,153564
36728375,73456750,73610309,153559
36728091,73456182,73609738,153556
36725595,73451190,73604741,153551
36725503,73451006,73604548,153542
36725055,73450110,73603652,153542
36722079,73444158,73597684,153526
36720891,73441782,73595308,153526
36718135,73436270,73589786,153516
36716599,73433198,73586708,153510
36714351,73428702,73582208,153506
36712143,73424286,73577788,153502
36711423,73422846,73576330,153484
36709191,73418382,73571866,153484
36709095,73418190,73571668,153478
36708351,73416702,73570169,153467
36706971,73413942,73567405,153463
36702687,73405374,73558834,153460
36702035,73404070,73557524,153454
36701865,73403730,73557178,153448
36698505,73397010,73550450,153440
36695503,73391006,73544426,153420
36693231,73386462,73539868,153406
36690523,73381046,73534451,153405
36689983,73379966,73533365,153399
36689455,73378910,73532306,153396
36686319,73372638,73526015,153377
36685595,73371190,73524566,153376
36682835,73365670,73519042,153372
36680799,73361598,73514956,153358
36676079,73352158,73505492,153334
36675999,73351998,73505332,153334
36672927,73345854,73499177,153323
36670191,73340382,73493705,153323
36669951,73339902,73493224,153322
36669609,73339218,73492528,153310
36668903,73337806,73491113,153307
36665769,73331538,73484836,153298
36661479,73322958,73476247,153289
36660783,73321566,73474847,153281
36659291,73318582,73471850,153268
36658175,73316350,73469612,153262
36657615,73315230,73468492,153262
36656681,73313362,73466621,153259
36655353,73310706,73463959,153253
36654751,73309502,73462751,153249
36652703,73305406,73458647,153241
36649247,73298494,73451731,153237
36648063,73296126,73449347,153221
36645375,73290750,73443955,153205
36642923,73285846,73439048,153202
36642815,73285630,73438829,153199
36639871,73279742,73432930,153188
36637679,73275358,73428533,153175
36634735,73269470,73422632,153162
36632551,73265102,73418264,153162
36632191,73264382,73417535,153153
36630527,73261054,73414196,153142
36629047,73258094,73411235,153141
36625899,73251798,73404934,153136
36624543,73249086,73402213,153127
36624283,73248566,73401689,153123
36623055,73246110,73399229,153119
36622575,73245150,73398262,153112
36620031,73240062,73393168,153106
36619295,73238590,73391696,153106
36616543,73233086,73386188,153102
36615209,73230418,73383520,153102
36613687,73227374,73380454,153080
36612607,73225214,73378282,153068
36610299,73220598,73373663,153065
36609179,73218358,73371421,153063
36609023,73218046,73371101,153055
36607423,73214846,73367893,153047
36605855,73211710,73364753,153043
36605135,73210270,73363313,153043
36602081,73204162,73357198,153036
36601953,73203906,73356941,153035
36599707,73199414,73352446,153032
36599579,73199158,73352182,153024
36599337,73198674,73351690,153016
36598815,73197630,73350643,153013
36596223,73192446,73345450,153004
36594951,73189902,73342906,153004
36594729,73189458,73342462,153004
36593179,73186358,73339360,153002
36593087,73186174,73339168,152994
36592063,73184126,73337116,152990
36591369,73182738,73335725,152987
36590831,73181662,73334644,152982
36590527,73181054,73334032,152978
36588415,73176830,73329806,152976
36584787,73169574,73322548,152974
36584531,73169062,73322030,152968
36583649,73167298,73320254,152956
36582127,73164254,73317202,152948
36581671,73163342,73316290,152948
36580351,73160702,73313638,152936
36577727,73155454,73308382,152928
36575495,73150990,73303912,152922
36575391,73150782,73303699,152917
36573851,73147702,73300609,152907
36570671,73141342,73294237,152895
36568831,73137662,73290548,152886
36564297,73128594,73281473,152879
36563967,73127934,73280806,152872
36563687,73127374,73280242,152868
36561235,73122470,73275329,152859
36560511,73121022,73273876,152854
36559567,73119134,73271986,152852
36558911,73117822,73270667,152845
36556223,73112446,73265290,152844
36555263,73110526,73263361,152835
36555105,73110210,73263043,152833
36551003,73102006,73254832,152826
36550281,73100562,73253378,152816
36546601,73093202,73245998,152796
36546207,73092414,73245208,152794
36543723,73087446,73240238,152792
36543597,73087194,73239983,152789
36541855,73083710,73236484,152774
36541167,73082334,73235104,152770
36538935,73077870,73230635,152765
36537903,73075806,73228570,152764
36536603,73073206,73225961,152755
36535209,73070418,73223164,152746
36534271,73068542,73221284,152742
36531849,73063698,73216435,152737
36527159,73054318,73207042,152724
36526457,73052914,73205633,152719
36526171,73052342,73205059,152717
36524255,73048510,73201214,152704
36522551,73045102,73197796,152694
36519679,73039358,73192045,152687
36518527,73037054,73189732,152678
36517481,73034962,73187639,152677
36516335,73032670,73185341,152671
36516159,73032318,73184984,152666
36512615,73025230,73177888,152658
36510879,73021758,73174408,152650
36508763,73017526,73170175,152649
36507593,73015186,73167824,152638
36507273,73014546,73167176,152630
36503037,73006074,73158704,152630
36501831,73003662,73156274,152612
36498515,72997030,73149632,152602
36497767,72995534,73148134,152600
36496667,72993334,73145932,152598
36493759,72987518,73140094,152576
36492929,72985858,73138432,152574
36492071,72984142,73136716,152574
36492063,72984126,73136695,152569
36489383,72978766,73131335,152569
36489071,72978142,73130702,152560
36488431,72976862,73129418,152556
36486503,72973006,73125550,152544
36483049,72966098,73118636,152538
36481115,72962230,73114759,152529
36480487,72960974,73113502,152528
36479967,72959934,73112453,152519
36477251,72954502,73107019,152517
36474793,72949586,73102102,152516
36474721,72949442,73101938,152496
36472295,72944590,73097074,152484
36469147,72938294,73090768,152474
36467291,72934582,73087043,152461
36464999,72929998,73082456,152458
36463975,72927950,73080398,152448
36459547,72919094,73071538,152444
36457711,72915422,73067845,152423
36451359,72902718,73055141,152423
36450657,72901314,73053718,152404
36450463,72900926,73053323,152397
36449791,72899582,73051978,152396
36449385,72898770,73051163,152393
36445951,72891902,73044281,152379
36445737,72891474,73043849,152375
36444903,72889806,73042180,152374
36444755,72889510,73041880,152370
36441647,72883294,73035652,152358
36439891,72879782,73032137,152355
36438071,72876142,73028486,152344
36435169,72870338,73022668,152330
36433255,72866510,73018829,152319
36432319,72864638,73016954,152316
36427663,72855326,73007642,152316
36427191,72854382,73006697,152315
36427079,72854158,73006456,152298
36423919,72847838,73000118,152280
36419495,72838990,72991262,152272
36419007,72838014,72990274,152260
36417449,72834898,72987155,152257
36416143,72832286,72984539,152253
36415103,72830206,72982451,152245
36414399,72828798,72981040,152242
36412383,72824766,72977003,152237
36412159,72824318,72976552,152234
36410015,72820030,72972251,152221
36407209,72814418,72966634,152216
36405807,72811614,72963827,152213
36404671,72809342,72961555,152213
36403359,72806718,72958913,152195
36401807,72803614,72955808,152194
36400795,72801590,72953783,152193
36400495,72800990,72953176,152186
36400287,72800574,72952757,152183
36399211,72798422,72950602,152180
36397147,72794294,72946474,152180
36397053,72794106,72946282,152176
36396891,72793782,72945958,152176
36395631,72791262,72943436,152174
36394491,72788982,72941152,152170
36393103,72786206,72938369,152163
36392239,72784478,72936632,152154
36390907,72781814,72933956,152142
36388031,72776062,72928198,152136
36384993,72769986,72922106,152120
36382631,72765262,72917374,152112
36381423,72762846,72914956,152110
36379305,72758610,72910712,152102
36377481,72754962,72907051,152089
36376219,72752438,72904526,152088
36375679,72751358,72903442,152084
36374905,72749810,72901889,152079
36374703,72749406,72901484,152078
36371833,72743666,72895732,152066
36371399,72742798,72894863,152065
36369151,72738302,72890356,152054
36368879,72737758,72889807,152049
36368127,72736254,72888302,152048
36363401,72726802,72878834,152032
36359323,72718646,72870676,152030
36359263,72718526,72870542,152016
36358015,72716030,72868033,152003
36351323,72702646,72854645,151999
36350607,72701214,72853204,151990
36349991,72699982,72851960,151978
36345323,72690646,72842615,151969
36344969,72689938,72841898,151960
36344539,72689078,72841031,151953
36342959,72685918,72837868,151950
36341183,72682366,72834298,151932
36339241,72678482,72830410,151928
36334701,72669402,72821320,151918
36334695,72669390,72821302,151912
36333051,72666102,72818009,151907
36330271,72660542,72812441,151899
36328683,72657366,72809260,151894
36325885,72651770,72803662,151892
36325459,72650918,72802804,151886
36325119,72650238,72802112,151874
36324617,72649234,72801107,151873
36324065,72648130,72799996,151866
36322643,72645286,72797150,151864
36320905,72641810,72793664,151854
36319679,72639358,72791203,151845
36317927,72635854,72787697,151843
36315399,72630798,72782636,151838
36314425,72628850,72780686,151836
36314087,72628174,72780010,151836
36313337,72626674,72778505,151831
36310995,72621990,72773804,151814
36309103,72618206,72770008,151802
36307833,72615666,72767464,151798
36305121,72610242,72762029,151787
36301563,72603126,72754904,151778
36299071,72598142,72749902,151760
36298041,72596082,72747841,151759
36296863,72593726,72745481,151755
36294121,72588242,72739982,151740
36293591,72587182,72738920,151738
36291771,72583542,72735280,151738
36289017,72578034,72729772,151738
36288959,72577918,72729643,151725
36288359,72576718,72728435,151717
36287579,72575158,72726875,151717
36285679,72571358,72723058,151700
36278439,72556878,72708556,151678
36277991,72555982,72707653,151671
36276703,72553406,72705073,151667
36275195,72550390,72702056,151666
36275103,72550206,72701869,151663
36274879,72549758,72701416,151658
36273343,72546686,72698344,151658
36271881,72543762,72695410,151648
36270847,72541694,72693340,151646
36267567,72535134,72686767,151633
36265723,72531446,72683075,151629
36264959,72529918,72681536,151618
36264191,72528382,72679999,151617
36264027,72528054,72679666,151612
36262847,72525694,72677303,151609
36262057,72524114,72675719,151605
36260847,72521694,72673294,151600
36259835,72519670,72671270,151600
36259609,72519218,72670817,151599
36257307,72514614,72666200,151586
36253675,72507350,72658922,151572
36251115,72502230,72653794,151564
36248671,72497342,72648895,151553
36247143,72494286,72645838,151552
36245247,72490494,72642028,151534
36242715,72485430,72636955,151525
36241919,72483838,72635356,151518
36238673,72477346,72628864,151518
36238505,72477010,72628528,151518
36238495,72476990,72628499,151509
36236647,72473294,72624802,151508
36236449,72472898,72624404,151506
36236287,72472574,72624073,151499
36235867,72471734,72623233,151499
36234123,72468246,72619735,151489
36231807,72463614,72615098,151484
36230911,72461822,72613294,151472
36226843,72453686,72605143,151457
36224671,72449342,72600797,151455
36222505,72445010,72596464,151454
36222055,72444110,72595552,151442
36219257,72438514,72589948,151434
36217583,72435166,72586589,151423
36216863,72433726,72585143,151417
36214175,72428350,72579766,151416
36212903,72425806,72577222,151416
36211579,72423158,72574568,151410
36211467,72422934,72574334,151400
36210591,72421182,72572578,151396
36209919,72419838,72571228,151390
36207273,72414546,72565936,151390
36205851,72411702,72563080,151378
36204783,72409566,72560933,151367
36200731,72401462,72552814,151352
36196711,72393422,72544774,151352
36195327,72390654,72541993,151339
36194943,72389886,72541217,151331
36191913,72383826,72535138,151312
36190207,72380414,72531719,151305
36187995,72375990,72527287,151297
36187615,72375230,72526526,151296
36186793,72373586,72524875,151289
36184019,72368038,72519326,151288
36182063,72364126,72515402,151276
36181863,72363726,72514997,151271
36178023,72356046,72507302,151256
36176199,72352398,72503644,151246
36174491,72348982,72500228,151246
36171071,72342142,72493379,151237
36169903,72339806,72491030,151224
36168943,72337886,72489100,151214
36165161,72330322,72481522,151200
36164095,72328190,72479386,151196
36162719,72325438,72476626,151188
36160327,72320654,72471838,151184
36160159,72320318,72471499,151181
36156047,72312094,72463268,151174
36155551,72311102,72462266,151164
36153341,72306682,72457838,151156
36151791,72303582,72454724,151142
36147407,72294814,72445954,151140
36146743,72293486,72444619,151133
36146415,72292830,72443950,151120
36146111,72292222,72443341,151119
36143103,72286206,72437314,151108
36140479,72280958,72432053,151095
36137423,72274846,72425938,151092
36136873,72273746,72424828,151082
36136807,72273614,72424696,151082
36133897,72267794,72418876,151082
36133793,72267586,72418666,151080
36133607,72267214,72418283,151069
36130663,72261326,72412382,151056
36128539,72257078,72408122,151044
36126239,72252478,72403517,151039
36122111,72244222,72395248,151026
36119727,72239454,72390478,151024
36119167,72238334,72389344,151010
36117231,72234462,72385468,151006
36115793,72231586,72382588,151002
36114751,72229502,72380504,151002
36114463,72228926,72379924,150998
36114185,72228370,72379363,150993
36111599,72223198,72374182,150984
36110333,72220666,72371644,150978
36108031,72216062,72367024,150962
36105993,72211986,72362945,150959
36105479,72210958,72361916,150958
36104027,72208054,72359011,150957
36103807,72207614,72358555,150941
36098331,72196662,72347600,150938
36096703,72193406,72344326,150920
36095743,72191486,72342406,150920
36094059,72188118,72339034,150916
36092925,72185850,72336755,150905
36092527,72185054,72335956,150902
36091039,72182078,72332975,150897
36089473,72178946,72329840,150894
36088993,72177986,72328876,150890
36088607,72177214,72328103,150889
36085963,72171926,72322811,150885
36083833,72167666,72318529,150863
36082367,72164734,72315593,150859
36081131,72162262,72313121,150859
36080915,72161830,72312686,150856
36079943,72159886,72310733,150847
36077679,72155358,72306196,150838
36077087,72154174,72305008,150834
36073631,72147262,72298082,150820
36071935,72143870,72294680,150810
36069967,72139934,72290744,150810
36069545,72139090,72289892,150802
36067431,72134862,72285664,150802
36067175,72134350,72285146,150796
36064795,72129590,72280372,150782
36062177,72124354,72275129,150775
36061359,72122718,72273490,150772
36059295,72118590,72269345,150755
36057759,72115518,72266272,150754
36055791,72111582,72262324,150742
36053899,72107798,72258536,150738
36053331,72106662,72257396,150734
36052735,72105470,72256198,150728
36048927,72097854,72248581,150727
36046439,72092878,72243596,150718
36046011,72092022,72242725,150703
36042971,72085942,72236635,150693
36041023,72082046,72232723,150677
36039167,72078334,72229009,150675
36038815,72077630,72228305,150675
36035745,72071490,72222155,150665
36034559,72069118,72219769,150651
36031207,72062414,72213056,150642
36030235,72060470,72211105,150635
36027167,72054334,72204959,150625
36024347,72048694,72199309,150615
36023935,72047870,72198479,150609
36022327,72044654,72195262,150608
36022043,72044086,72194692,150606
36019391,72038782,72189376,150594
36019367,72038734,72189326,150592
36017919,72035838,72186424,150586
36013287,72026574,72177154,150580
36012883,72025766,72176345,150579
36012023,72024046,72174611,150565
36011879,72023758,72174314,150556
36010665,72021330,72171884,150554
36009631,72019262,72169813,150551
36009199,72018398,72168943,150545
36003383,72006766,72157292,150526
36002943,72005886,72156406,150520
35999135,71998270,72148778,150508
35997531,71995062,72145570,150508
35996605,71993210,72143714,150504
35995419,71990838,72141329,150491
35994927,71989854,72140345,150491
35994351,71988702,72139186,150484
35991999,71983998,72134482,150484
35991803,71983606,72134084,150478
35991399,71982798,72133274,150476
35986945,71973890,72124352,150462
35986843,71973686,72124144,150458
35984831,71969662,72120112,150450
35984743,71969486,72119936,150450
35984255,71968510,72118957,150447
35982495,71964990,72115433,150443
35982447,71964894,72115330,150436
35979261,71958522,72108952,150430
35979111,71958222,72108643,150421
35975615,71951230,72101644,150414
35975487,71950974,72101380,150406
35972767,71945534,72095933,150399
35970121,71940242,72090631,150389
35969001,71938002,72088382,150380
35965305,71930610,72080975,150365
35961849,71923698,72074060,150362
35961569,71923138,72073495,150357
35960831,71921662,72072017,150355
35959035,71918070,72068417,150347
35958921,71917842,72068186,150344
35958631,71917262,72067603,150341
35957439,71914878,72065213,150335
35956991,71913982,72064316,150334
35956477,71912954,72063287,150333
35956327,71912654,72062980,150326
35954431,71908862,72059177,150315
35950319,71900638,72050944,150306
35949439,71898878,72049178,150300
35946559,71893118,72043408,150290
35944045,71888090,72038380,150290
35943977,71887954,72038243,150289
35943271,71886542,72036814,150272
35941735,71883470,72033736,150266
35940159,71880318,72030584,150266
35939263,71878526,72028786,150260
35937999,71875998,72026248,150250
35936367,71872734,72022984,150250
35935919,71871838,72022088,150250
35934391,71868782,72019024,150242
35933467,71866934,72017176,150242
35932007,71864014,72014255,150241
35931239,71862478,72012701,150223
35930447,71860894,72011111,150217
35927747,71855494,72005710,150216
35926123,71852246,72002456,150210
35924903,71849806,72000008,150202
35922713,71845426,71995619,150193
35921463,71842926,71993108,150182
35917499,71834998,71985172,150174
35916287,71832574,71982736,150162
35915775,71831550,71981711,150161
35912891,71825782,71975936,150154
35911273,71822546,71972692,150146
35909951,71819902,71970038,150136
35908351,71816702,71966827,150125
35907943,71815886,71966009,150123
35906173,71812346,71962469,150123
35904129,71808258,71958371,150113
35902463,71804926,71955029,150103
35900651,71801302,71951399,150097
35899679,71799358,71949448,150090
35897151,71794302,71944388,150086
35896329,71792658,71942740,150082
35896039,71792078,71942156,150078
35894751,71789502,71939576,150074
35892071,71784142,71934208,150066
35887415,71774830,71924869,150039
35886847,71773694,71923729,150035
35883787,71767574,71917604,150030
35883167,71766334,71916356,150022
35880095,71760190,71910200,150010
35879935,71759870,71909876,150006
35878683,71757366,71907367,150001
35872007,71744014,71893991,149977
35868895,71737790,71887753,149963
35865853,71731706,71881666,149960
35865569,71731138,71881091,149953
35862703,71725406,71875343,149937
35861983,71723966,71873902,149936
35858503,71717006,71866939,149933
35856511,71713022,71862941,149919
35854505,71709010,71858914,149904
35852847,71705694,71855594,149900
35849959,71699918,71849806,149888
35845895,71691790,71841668,149878
35845459,71690918,71840783,149865
35843711,71687422,71837275,149853
35841287,71682574,71832422,149848
35841193,71682386,71832233,149847
35835987,71671974,71821804,149830
35835771,71671542,71821370,149828
35830975,71661950,71811755,149805
35828383,71656766,71806558,149792
35825519,71651038,71800829,149791
35824809,71649618,71799394,149776
35823935,71647870,71797646,149776
35819871,71639742,71789506,149764
35818751,71637502,71787251,149749
35816935,71633870,71783614,149744
35812777,71625554,71775287,149733
35809983,71619966,71769685,149719
35809791,71619582,71769293,149711
35807791,71615582,71765288,149706
35806747,71613494,71763196,149702
35804671,71609342,71759039,149697
35803631,71607262,71756954,149692
35802971,71605942,71755631,149689
35802559,71605118,71754802,149684
35797575,71595150,71744818,149668
35797083,71594166,71743832,149666
35796543,71593086,71742746,149660
35796479,71592958,71742617,149659
35794943,71589886,71739539,149653
35793647,71587294,71736946,149652
35792951,71585902,71735546,149644
35792667,71585334,71734976,149642
35792363,71584726,71734367,149641
35785183,71570366,71719990,149624
35785115,71570230,71719847,149617
35783451,71566902,71716511,149609
35782793,71565586,71715190,149604
35782655,71565310,71714908,149598
35781769,71563538,71713135,149597
35779809,71559618,71709209,149591
35778863,71557726,71707315,149589
35776991,71553982,71703557,149575
35772031,71544062,71693626,149564
35771855,71543710,71693272,149562
35769883,71539766,71689318,149552
35769321,71538642,71688190,149548
35768315,71536630,71686171,149541
35763707,71527414,71676953,149539
35763047,71526094,71675630,149536
35761855,71523710,71673230,149520
35760201,71520402,71669914,149512
35759207,71518414,71667922,149508
35757775,71515550,71665054,149504
35756527,71513054,71662553,149499
35755423,71510846,71660330,149484
35752425,71504850,71654332,149482
35750591,71501182,71650649,149467
35749031,71498062,71647528,149466
35748863,71497726,71647184,149458
35747099,71494198,71643653,149455
35743871,71487742,71637190,149448
35743515,71487030,71636476,149446
35741689,71483378,71632816,149438
35739163,71478326,71627746,149420
35735967,71471934,71621342,149408
35733787,71467574,71616980,149406
35733403,71466806,71616205,149399
35732731,71465462,71614856,149394
35729607,71459214,71608598,149384
35727081,71454162,71603533,149371
35725487,71450974,71600345,149371
35725007,71450014,71599382,149368
35722879,71445758,71595109,149351
35721543,71443086,71592437,149351
35721383,71442766,71592113,149347
35720969,71441938,71591285,149347
35720063,71440126,71589472,149346
35719545,71439090,71588428,149338
35715543,71431086,71580419,149333
35713511,71427022,71576338,149316
35712799,71425598,71574914,149316
35712359,71424718,71574025,149307
35707903,71415806,71565100,149294
35707657,71415314,71564606,149292
35707131,71414262,71563547,149285
35704527,71409054,71558329,149275
35701625,71403250,71552518,149268
35701231,71402462,71551720,149258
35700351,71400702,71549959,149257
35697767,71395534,71544784,149250
35697243,71394486,71543731,149245
35696891,71393782,71543024,149242
35694047,71388094,71537323,149229
35689087,71378174,71527382,149208
35684777,71369554,71518751,149197
35681787,71363574,71512753,149179
35680799,71361598,71510774,149176
35678585,71357170,71506336,149166
35676411,71352822,71501984,149162
35674735,71349470,71498623,149153
35672815,71345630,71494769,149139
35670013,71340026,71489162,149136
35668607,71337214,71486336,149122
35667103,71334206,71483323,149117
35667081,71334162,71483278,149116
35665463,71330926,71480042,149116
35664831,71329662,71478778,149116
35663175,71326350,71475460,149110
35662087,71324174,71473277,149103
35661915,71323830,71472932,149102
35661159,71322318,71471411,149093
35655657,71311314,71460394,149080
35654817,71309634,71458706,149072
35653739,71307478,71456543,149065
35652967,71305934,71454994,149060
35651103,71302206,71451256,149050
35648041,71296082,71445130,149048
35645887,71291774,71440805,149031
35643987,71287974,71437004,149030
35643367,71286734,71435758,149024
35642441,71284882,71433902,149020
35639465,71278930,71427946,149016
35639455,71278910,71427916,149006
35637575,71275150,71424146,148996
35637019,71274038,71423029,148991
35634815,71269630,71418613,148983
35628911,71257822,71406791,148969
35627905,71255810,71404778,148968
35626843,71253686,71402638,148952
35624071,71248142,71397089,148947
35623579,71247158,71396099,148941
35621545,71243090,71392018,148928
35620735,71241470,71390392,148922
35618359,71236718,71385634,148916
35614123,71228246,71377147,148901
35613449,71226898,71375798,148900
35612335,71224670,71373565,148895
35609535,71219070,71367952,148882
35608347,71216694,71365570,148876
35607351,71214702,71363578,148876
35604839,71209678,71358542,148864
35604819,71209638,71358497,148859
35602203,71204406,71353258,148852
35601919,71203838,71352683,148845
35600031,71200062,71348899,148837
35598815,71197630,71346464,148834
35596969,71193938,71342768,148830
35596513,71193026,71341852,148826
35595823,71191646,71340470,148824
35594153,71188306,71337119,148813
35593343,71186686,71335498,148812
35593199,71186398,71335210,148812
35585591,71171182,71319964,148782
35584377,71168754,71317525,148771
35581723,71163446,71312210,148764
35581247,71162494,71311255,148761
35575023,71150046,71298790,148744
35574255,71148510,71297236,148726
35572991,71145982,71294704,148722
35570623,71141246,71289962,148716
35569623,71139246,71287960,148714
35567727,71135454,71284163,148709
35567295,71134590,71283289,148699
35565339,71130678,71279369,148691
35563515,71127030,71275720,148690
35562987,71125974,71274659,148685
35561963,71123926,71272604,148678
35557407,71114814,71263475,148661
35555655,71111310,71259961,148651
35555323,71110646,71259295,148649
35553503,71107006,71255650,148644
35553279,71106558,71255200,148642
35550973,71101946,71250581,148635
35550207,71100414,71249044,148630
35548523,71097046,71245675,148629
35545407,71090814,71239429,148615
35542975,71085950,71234554,148604
35542175,71084350,71232943,148593
35538303,71076606,71225188,148582
35537195,71074390,71222971,148581
35536411,71072822,71221396,148574
35535207,71070414,71218984,148570
35533439,71066878,71215442,148564
35530807,71061614,71210176,148562
35530751,71061502,71210056,148554
35530409,71060818,71209370,148552
35530175,71060350,71208892,148542
35528777,71057554,71206096,148542
35528175,71056350,71204888,148538
35524717,71049434,71197967,148533
35520809,71041618,71190127,148509
35520511,71041022,71189525,148503
35518623,71037246,71185742,148496
35517437,71034874,71183369,148495
35514537,71029074,71177555,148481
35511067,71022134,71170600,148466
35509115,71018230,71166694,148464
35504079,71008158,71156612,148454
35502703,71005406,71153846,148440
35502319,71004638,71153066,148428
35502171,71004342,71152769,148427
35500073,71000146,71148565,148419
35500001,71000002,71148421,148419
35496447,70992894,71141300,148406
35494683,70989366,71137760,148394
35491143,70982286,71130676,148390
35488421,70976842,71125226,148384
35487967,70975934,71124307,148373
35487231,70974462,71122828,148366
35485687,70971374,71119736,148362
35485049,70970098,71118458,148360
35484251,70968502,71116856,148354
35481639,70963278,71111627,148349
35480219,70960438,71108776,148338
35478527,70957054,71105384,148330
35477663,70955326,71103652,148326
35475103,70950206,71098526,148320
35474639,70949278,71097593,148315
35473255,70946510,71094824,148314
35469991,70939982,71088275,148293
35468959,70937918,71086204,148286
35464219,70928438,71076710,148272
35457919,70915838,71064082,148244
35453949,70907898,71056132,148234
35453671,70907342,71055575,148233
35453153,70906306,71054534,148228
35451847,70903694,71051914,148220
35449887,70899774,71047982,148208
35448411,70896822,71045029,148207
35444479,70888958,71037160,148202
35440063,70880126,71028296,148170
35439519,70879038,71027204,148166
35439481,70878962,71027128,148166
35437545,70875090,71023252,148162
35435015,70870030,71018188,148158
35434343,70868686,71016827,148141
35431451,70862902,71011036,148134
35430303,70860606,71008738,148132
35428473,70856946,71005072,148126
35428379,70856758,71004884,148126
35426023,70852046,71000171,148125
35424315,70848630,70996742,148112
35422239,70844478,70992575,148097
35420479,70840958,70989047,148089
35418621,70837242,70985327,148085
35418281,70836562,70984637,148075
35416703,70833406,70981478,148072
35416233,70832466,70980538,148072
35415817,70831634,70979704,148070
35414569,70829138,70977206,148068
35410415,70820830,70968878,148048
35407591,70815182,70963226,148044
35404795,70809590,70957622,148032
35403867,70807734,70955752,148018
35403631,70807262,70955279,148017
35402623,70805246,70953257,148011
35400361,70800722,70948729,148007
35399735,70799470,70947470,148000
35399103,70798206,70946206,148000
35397161,70794322,70942313,147991
35395337,70790674,70938655,147981
35393279,70786558,70934527,147969
35389931,70779862,70927828,147966
35386705,70773410,70921360,147950
35385595,70771190,70919131,147941
35382719,70765438,70913363,147925
35380891,70761782,70909705,147923
35377855,70755710,70903624,147914
35374527,70749054,70896959,147905
35373015,70746030,70893929,147899
35370985,70741970,70889867,147897
35370919,70741838,70889722,147884
35368703,70737406,70885286,147880
35368039,70736078,70883950,147872
35367323,70734646,70882510,147864
35366171,70732342,70880200,147858
35364143,70728286,70876144,147858
35361769,70723538,70871380,147842
35361183,70722366,70870205,147839
35359703,70719406,70867241,147835
35358489,70716978,70864811,147833
35356955,70713910,70861732,147822
35355645,70711290,70859110,147820
35353599,70707198,70855003,147805
35350695,70701390,70849192,147802
35347327,70694654,70842443,147789
35346591,70693182,70840961,147779
35346203,70692406,70840183,147777
35344879,70689758,70837526,147768
35341271,70682542,70830308,147766
35338575,70677150,70824901,147751
35337455,70674910,70822646,147736
35336039,70672078,70819810,147732
35334825,70669650,70817380,147730
35333759,70667518,70815242,147724
35332347,70664694,70812413,147719
35331055,70662110,70809826,147716
35329919,70659838,70807547,147709
35327969,70655938,70803646,147708
35327113,70654226,70801931,147705
35325823,70651646,70799344,147698
35325799,70651598,70799290,147692
35324041,70648082,70795772,147690
35323391,70646782,70794466,147684
35322687,70645374,70793054,147680
35321739,70643478,70791158,147680
35321295,70642590,70790264,147674
35319343,70638686,70786354,147668
35316619,70633238,70780898,147660
35314665,70629330,70776976,147646
35312871,70625742,70773382,147640
35309339,70618678,70766302,147624
35306111,70612222,70759838,147616
35304123,70608246,70755856,147610
35303801,70607602,70755199,147597
35301375,70602750,70750336,147586
35300991,70601982,70749566,147584
35297771,70595542,70743122,147580
35297279,70594558,70742128,147570
35295849,70591698,70739266,147568
35292883,70585766,70733327,147561
35291561,70583122,70730674,147552
35290375,70580750,70728302,147552
35287487,70574974,70722506,147532
35282825,70565650,70713178,147528
35280667,70561334,70708840,147506
35279263,70558526,70706032,147506
35279055,70558110,70705609,147499
35278619,70557238,70704733,147495
35277801,70555602,70703090,147488
35277311,70554622,70702106,147484
35274067,70548134,70695611,147477
35271209,70542418,70689886,147468
35270815,70541630,70689088,147458
35267583,70535166,70682615,147449
35265599,70531198,70678646,147448
35265133,70530266,70677712,147446
35263231,70526462,70673888,147426
35261751,70523502,70670927,147425
35258619,70517238,70664653,147415
35258215,70516430,70663840,147410
35256187,70512374,70659776,147402
35253119,70506238,70653626,147388
35249735,70499470,70646845,147375
35248623,70497246,70644616,147370
35247519,70495038,70642408,147370
35246475,70492950,70640320,147370
35245807,70491614,70638979,147365
35244783,70489566,70636922,147356
35244521,70489042,70636393,147351
35239407,70478814,70626158,147344
35239279,70478558,70625897,147339
35237595,70475190,70622516,147326
35235391,70470782,70618099,147317
35233673,70467346,70614661,147315
35233065,70466130,70613441,147311
35232767,70465534,70612834,147300
35230587,70461174,70608469,147295
35230207,70460414,70607705,147291
35229239,70458478,70605766,147288
35228969,70457938,70605226,147288
35226907,70453814,70601098,147284
35225559,70451118,70598395,147277
35223169,70446338,70593602,147264
35222471,70444942,70592204,147262
35219519,70439038,70586291,147253
35216863,70433726,70580969,147243
35216553,70433106,70580338,147232
35215007,70430014,70577243,147229
35212415,70424830,70572053,147223
35209327,70418654,70565863,147209
35208703,70417406,70564607,147201
35207419,70414838,70562033,147195
35203519,70407038,70554221,147183
35202687,70405374,70552549,147175
35200889,70401778,70548950,147172
35199079,70398158,70545323,147165
35195207,70390414,70537564,147150
35191649,70383298,70530443,147145
35191423,70382846,70529980,147134
35190943,70381886,70529020,147134
35190527,70381054,70528178,147124
35188735,70377470,70524592,147122
35187705,70375410,70522526,147116
35185599,70371198,70518310,147112
35182547,70365094,70512194,147100
35180239,70360478,70507559,147081
35178985,70357970,70505048,147078
35175337,70350674,70497742,147068
35174559,70349118,70496174,147056
35172383,70344766,70491820,147054
35170303,70340606,70487648,147042
35166329,70332658,70479700,147042
35166203,70332406,70479448,147042
35165979,70331958,70478990,147032
35165423,70330846,70477864,147018
35164159,70328318,70475329,147011
35160735,70321470,70468472,147002
35160063,70320126,70467121,146995
35157151,70314302,70461292,146990
35156207,70312414,70459399,146985
35153343,70306686,70453658,146972
35149495,70298990,70445953,146963
35148967,70297934,70444888,146954
35147611,70295222,70442168,146946
35145471,70290942,70437883,146941
35143339,70286678,70433617,146939
35142867,70285734,70432669,146935
35142427,70284854,70431788,146934
35142313,70284626,70431551,146925
35139583,70279166,70426078,146912
35136393,70272786,70419692,146906
35136283,70272566,70419466,146900
35134655,70269310,70416206,146896
35129451,70258902,70405784,146882
35128191,70256382,70403246,146864
35124203,70248406,70395259,146853
35121259,70242518,70389358,146840
35117911,70235822,70382662,146840
35116287,70232574,70379404,146830
35115935,70231870,70378690,146820
35113785,70227570,70374386,146816
35112807,70225614,70372420,146806
35110881,70221762,70368568,146806
35110207,70220414,70367204,146790
35109659,70219318,70366105,146787
35107307,70214614,70361393,146779
35105449,70210898,70357673,146775
35104767,70209534,70356298,146764
35104191,70208382,70355143,146761
35102121,70204242,70351001,146759
35100927,70201854,70348609,146755
35098831,70197662,70344407,146745
35095689,70191378,70338118,146740
35095209,70190418,70337143,146725
35094185,70188370,70335092,146722
35092591,70185182,70331902,146720
35091871,70183742,70330457,146715
35090401,70180802,70327510,146708
35090047,70180094,70326800,146706
35086561,70173122,70319825,146703
35085213,70170426,70317124,146698
35084841,70169682,70316371,146689
35084539,70169078,70315762,146684
35082599,70165198,70311878,146680
35082579,70165158,70311838,146680
35081783,70163566,70310240,146674
35081175,70162350,70309024,146674
35081127,70162254,70308926,146672
35078521,70157042,70303706,146664
35076891,70153782,70300435,146653
35073321,70146642,70293286,146644
35073275,70146550,70293187,146637
35069575,70139150,70285781,146631
35069567,70139134,70285751,146617
35066279,70132558,70279171,146613
35064489,70128978,70275590,146612
35063977,70127954,70274549,146595
35061757,70123514,70270105,146591
35059995,70119990,70266572,146582
35059937,70119874,70266454,146580
35059849,70119698,70266277,146579
35056295,70112590,70259164,146574
35056183,70112366,70258940,146574
35054655,70109310,70255876,146566
35053907,70107814,70254371,146557
35048447,70096894,70243433,146539
35048223,70096446,70242985,146539
35044463,70088926,70235444,146518
35042879,70085758,70232269,146511
35039913,70079826,70226332,146506
35039609,70079218,70225715,146497
35038335,70076670,70223164,146494
35036351,70072702,70219183,146481
35033209,70066418,70212896,146478
35032225,70064450,70210918,146468
35031721,70063442,70209902,146460
35028991,70057982,70204432,146450
35027611,70055222,70201672,146450
35026411,70052822,70199260,146438
35025449,70050898,70197334,146436
35024839,70049678,70196114,146436
35024511,70049022,70195450,146428
35019519,70039038,70185448,146410
35017707,70035414,70181822,146408
35014611,70029222,70175626,146404
35014539,70029078,70175474,146396
35012775,70025550,70171946,146396
35011543,70023086,70169476,146390
35011355,70022710,70169092,146382
35009639,70019278,70165658,146380
35009423,70018846,70165225,146379
35008963,70017926,70164296,146370
35008467,70016934,70163302,146368
35005353,70010706,70157059,146353
35003067,70006134,70152484,146350
35002323,70004646,70150984,146338
35000991,70001982,70148320,146338
34998783,69997566,70143887,146321
34996719,69993438,70139753,146315
34996251,69992502,70138817,146315
34996223,69992446,70138756,146310
34994431,69988862,70135166,146304
34993391,69986782,70133084,146302
34989503,69979006,70125301,146295
34988271,69976542,70122824,146282
34987263,69974526,70120802,146276
34987007,69974014,70120285,146271
34984187,69968374,70114643,146269
34982651,69965302,70111565,146263
34981887,69963774,70110029,146255
34979433,69958866,70105117,146251
34979263,69958526,70104773,146247
34973947,69947894,70094140,146246
34973769,69947538,70093775,146237
34973167,69946334,70092566,146232
34973055,69946110,70092337,146227
34971495,69942990,70089203,146213
34969471,69938942,70085146,146204
34964251,69928502,70074700,146198
34963671,69927342,70073531,146189
34961633,69923266,70069445,146179
34958703,69917406,70063570,146164
34958281,69916562,70062725,146163
34957879,69915758,70061920,146162
34956927,69913854,70060000,146146
34953783,69907566,70053704,146138
34951463,69902926,70049063,146137
34951327,69902654,70048790,146136
34951167,69902334,70048462,146128
34950823,69901646,70047772,146126
34949615,69899230,70045346,146116
34947775,69895550,70041658,146108
34945519,69891038,70037138,146100
34944447,69888894,70034989,146095
34944239,69888478,70034573,146095
34943215,69886430,70032523,146093
34941609,69883218,70029305,146087
34940395,69880790,70026875,146085
34937513,69875026,70021097,146071
34936423,69872846,70018910,146064
34935111,69870222,70016282,146060
34934191,69868382,70014442,146060
34934119,69868238,70014293,146055
34932379,69864758,70010813,146055
34931487,69862974,70009022,146048
34930535,69861070,70007110,146040
34929511,69859022,70005059,146037
34927559,69855118,70001152,146034
34925561,69851122,69997142,146020
34920447,69840894,69986888,145994
34916519,69833038,69979018,145980
34914807,69829614,69975587,145973
34912167,69824334,69970301,145967
34911807,69823614,69969581,145967
34911335,69822670,69968630,145960
34908905,69817810,69963767,145957
34906615,69813230,69959176,145946
34906537,69813074,69959012,145938
34905065,69810130,69956062,145932
34904743,69809486,69955417,145931
34901225,69802450,69948377,145927
34900635,69801270,69947188,145918
34899547,69799094,69945011,145917
34897659,69795318,69941234,145916
34896383,69792766,69938662,145896
34891199,69782398,69928276,145878
34889263,69778526,69924397,145871
34889017,69778034,69923902,145868
34887535,69775070,69920932,145862
34885119,69770238,69916097,145859
34882175,69764350,69910186,145836
34881703,69763406,69909241,145835
34877439,69754878,69900691,145813
34874335,69748670,69894476,145806
34871343,69742686,69888491,145805
34869407,69738814,69884608,145794
34868379,69736758,69882538,145780
34866971,69733942,69879716,145774
34866175,69732350,69878123,145773
34861551,69723102,69868852,145750
34858587,69717174,69862918,145744
34857223,69714446,69860180,145734
34854127,69708254,69853970,145716
34848327,69696654,69842351,145697
34846831,69693662,69839354,145692
34846811,69693622,69839314,145692
34844367,69688734,69834419,145685
34842215,69684430,69830102,145672
34841071,69682142,69827807,145665
34840687,69681374,69827036,145662
34838299,69676598,69822248,145650
34834943,69669886,69815528,145642
34834759,69669518,69815155,145637
34833051,69666102,69811733,145631
34831547,69663094,69808718,145624
34827423,69654846,69800467,145621
34826703,69653406,69799013,145607
34825129,69650258,69795863,145605
34824033,69648066,69793670,145604
34823583,69647166,69792766,145600
34820607,69641214,69786793,145579
34820591,69641182,69786760,145578
34818955,69637910,69783487,145577
34816175,69632350,69777914,145564
34815487,69630974,69776530,145556
34810963,69621926,69767464,145538
34809391,69618782,69764318,145536
34807787,69615574,69761108,145534
34807095,69614190,69759718,145528
34806207,69612414,69757936,145522
34805851,69611702,69757220,145518
34803151,69606302,69751820,145518
34802511,69605022,69750533,145511
34800951,69601902,69747400,145498
34797433,69594866,69740356,145490
34797287,69594574,69740056,145482
34795135,69590270,69735742,145472
34791583,69583166,69728627,145461
34788905,69577810,69723256,145446
34787453,69574906,69720352,145446
34786555,69573110,69718556,145446
34785319,69570638,69716072,145434
34784633,69569266,69714700,145434
34783799,69567598,69713027,145429
34781183,69562366,69707788,145422
34780537,69561074,69706489,145415
34779995,69559990,69705404,145414
34779047,69558094,69703504,145410
34778351,69556702,69702106,145404
34777215,69554430,69699832,145402
34771295,69542590,69687970,145380
34770687,69541374,69686743,145369
34768319,69536638,69681994,145356
34767007,69534014,69679369,145355
34765767,69531534,69676883,145349
34763305,69526610,69671951,145341
34761151,69522302,69667643,145341
34760551,69521102,69666442,145340
34760105,69520210,69665548,145338
34758747,69517494,69662828,145334
34757945,69515890,69661210,145320
34757871,69515742,69661058,145316
34754887,69509774,69655085,145311
34752687,69505374,69650674,145300
34751903,69503806,69649105,145299
34750571,69501142,69646436,145294
34750089,69500178,69645470,145292
34748863,69497726,69643010,145284
34748655,69497310,69642589,145279
34746367,69492734,69638002,145268
34742439,69484878,69630128,145250
34739767,69479534,69624782,145248
34739041,69478082,69623327,145245
34738003,69476006,69621242,145236
34736041,69472082,69617306,145224
34734079,69468158,69613372,145214
34730359,69460718,69605932,145214
34729583,69459166,69604366,145200
34726911,69453822,69599014,145192
34724009,69448018,69593201,145183
34720367,69440734,69585905,145171
34719143,69438286,69583448,145162
34717863,69435726,69580888,145162
34717807,69435614,69580762,145148
34713087,69426174,69571300,145126
34711119,69422238,69567364,145126
34708735,69417470,69562583,145113
34707453,69414906,69560018,145112
34706759,69413518,69558625,145107
34706463,69412926,69558031,145105
34703927,69407854,69552958,145104
34701879,69403758,69548848,145090
34701215,69402430,69547517,145087
34700969,69401938,69547018,145080
34700287,69400574,69545650,145076
34698793,69397586,69542657,145071
34695231,69390462,69535529,145067
34692541,69385082,69530147,145065
34692399,69384798,69529862,145064
34691755,69383510,69528568,145058
34690971,69381942,69526996,145054
34689961,69379922,69524972,145050
34689769,69379538,69524576,145038
34687871,69375742,69520766,145024
34685979,69371958,69516973,145015
34681071,69362142,69507152,145010
34680121,69360242,69505237,144995
34677999,69355998,69500980,144982
34673529,69347058,69492028,144970
34673151,69346302,69491267,144965
34671599,69343198,69488162,144964
34667263,69334526,69479465,144939
34665119,69330238,69475174,144936
34663357,69326714,69471643,144929
34663071,69326142,69471071,144929
34662473,69324946,69469867,144921
34661753,69323506,69468425,144919
34659079,69318158,69463072,144914
34656381,69312762,69457666,144904
34655583,69311166,69456062,144896
34655315,69310630,69455522,144892
34654585,69309170,69454060,144890
34654447,69308894,69453778,144884
34649151,69298302,69443185,144883
34648703,69297406,69442270,144864
34648255,69296510,69441374,144864
34646847,69293694,69438550,144856
34645737,69291474,69436330,144856
34645663,69291326,69436175,144849
34645607,69291214,69436061,144847
34644059,69288118,69432962,144844
34642399,69284798,69429629,144831
34640895,69281790,69426617,144827
34640351,69280702,69425524,144822
34635547,69271094,69415906,144812
34633247,69266494,69411292,144798
34631423,69262846,69407644,144798
34631391,69262782,69407572,144790
34630375,69260750,69405532,144782
34628891,69257782,69402562,144780
34626879,69253758,69398530,144772
34626287,69252574,69397342,144768
34624239,69248478,69393236,144758
34622491,69244982,69389734,144752
34620655,69241310,69386051,144741
34619391,69238782,69383518,144736
34618879,69237758,69382492,144734
34615463,69230926,69375656,144730
34614523,69229046,69373768,144722
34613019,69226038,69370748,144710
34611647,69223294,69368002,144708
34607859,69215718,69360422,144704
34607073,69214146,69358837,144691
34605551,69211102,69355784,144682
34603105,69206210,69350890,144680
34602703,69205406,69350078,144672
34601767,69203534,69348202,144668
34601583,69203166,69347834,144668
34599209,69198418,69343078,144660
34598867,69197734,69342392,144658
34594953,69189906,69334564,144658
34594203,69188406,69333064,144658
34593561,69187122,69331760,144638
34593161,69186322,69330959,144637
34592511,69185022,69329645,144623
34587975,69175950,69320560,144610
34587075,69174150,69318760,144610
34585085,69170170,69314777,144607
34584531,69169062,69313666,144604
34580223,69160446,69305030,144584
34579391,69158782,69303356,144574
34578943,69157886,69302456,144570
34577151,69154302,69298871,144569
34576475,69152950,69297515,144565
34574079,69148158,69292708,144550
34570369,69140738,69285287,144549
34569801,69139602,69284146,144544
34568351,69136702,69281239,144537
34567975,69135950,69280486,144536
34566887,69133774,69278294,144520
34566623,69133246,69277765,144519
34565087,69130174,69274691,144517
34564543,69129086,69273598,144512
34562725,69125450,69269962,144512
34561471,69122942,69267437,144495
34558703,69117406,69261898,144492
34558175,69116350,69260834,144484
34554727,69109454,69253924,144470
34551899,69103798,69248255,144457
34550079,69100158,69244612,144454
34547803,69095606,69240055,144449
34546999,69093998,69238441,144443
34545017,69090034,69234470,144436
34543603,69087206,69231634,144428
34542235,69084470,69228886,144416
34539519,69079038,69223450,144412
34537319,69074638,69219035,144397
34536959,69073918,69218314,144396
34536255,69072510,69216905,144395
34536105,69072210,69216605,144395
34534131,69068262,69212657,144395
34534043,69068086,69212474,144388
34532649,69065298,69209677,144379
34530681,69061362,69205738,144376
34530271,69060542,69204905,144363
34529183,69058366,69202727,144361
34527551,69055102,69199460,144358
34524799,69049598,69193946,144348
34524415,69048830,69193172,144342
34522603,69045206,69189542,144336
34520935,69041870,69186194,144324
34520575,69041150,69185474,144324
34518239,69036478,69180802,144324
34517501,69035002,69179315,144313
34515625,69031250,69175559,144309
34512895,69025790,69170087,144297
34512639,69025278,69169571,144293
34510619,69021238,69165526,144288
34509695,69019390,69163678,144288
34508791,69017582,69161863,144281
34508431,69016862,69161140,144278
34507503,69015006,69159284,144278
34505953,69011906,69156175,144269
34505595,69011190,69155458,144268
34504093,69008186,69152453,144267
34503679,69007358,69151624,144266
34501799,69003598,69147850,144252
34499943,68999886,69144131,144245
34499615,68999230,69143470,144240
34497999,68995998,69140236,144238
34497471,68994942,69139169,144227
34492575,68985150,69129362,144212
34490431,68980862,69125074,144212
34490063,68980126,69124330,144204
34487933,68975866,69120067,144201
34486493,68972986,69117178,144192
34486137,68972274,69116456,144182
34483967,68967934,69112102,144168
34479463,68958926,69103078,144152
34474747,68949494,69093634,144140
34474081,68948162,69092302,144140
34472007,68944014,69088135,144121
34471195,68942390,69086510,144120
34471071,68942142,69086257,144115
34469355,68938710,69082822,144112
34466815,68933630,69077731,144101
34464121,68928242,69072335,144093
34463987,68927974,69072067,144093
34462875,68925750,69069838,144088
34461855,68923710,69067790,144080
34459807,68919614,69063682,144068
34458727,68917454,69061519,144065
34455143,68910286,69054337,144051
34453595,68907190,69051238,144048
34452715,68905430,69049478,144048
34452159,68904318,69048359,144041
34450879,68901758,69045797,144039
34449975,68899950,69043985,144035
34446079,68892158,69036178,144020
34442907,68885814,69029818,144004
34441695,68883390,69027388,143998
34441083,68882166,69026162,143996
34439391,68878782,69022772,143990
34437615,68875230,69019216,143986
34433775,68867550,69011518,143968
34433705,68867410,69011372,143962
34431535,68863070,69007030,143960
34429951,68859902,69003850,143948
34428457,68856914,69000856,143942
34425855,68851710,68995643,143933
34425833,68851666,68995597,143931
34424047,68848094,68992019,143925
34423785,68847570,68991491,143921
34421343,68842686,68986606,143920
34419871,68839742,68983645,143903
34418991,68837982,68981884,143902
34418303,68836606,68980504,143898
34417095,68834190,68978083,143893
34412799,68825598,68969483,143885
34411657,68823314,68967184,143870
34411163,68822326,68966194,143868
34411007,68822014,68965877,143863
34409631,68819262,68963123,143861
34407663,68815326,68959181,143855
34406397,68812794,68956648,143854
34405471,68810942,68954795,143853
34404855,68809710,68953558,143848
34404511,68809022,68952860,143838
34402301,68804602,68948432,143830
34398303,68796606,68940436,143830
34395575,68791150,68934962,143812
34394111,68788222,68932016,143794
34390905,68781810,68925595,143785
34388873,68777746,68921530,143784
34387407,68774814,68918584,143770
34385961,68771922,68915690,143768
34384159,68768318,68912074,143756
34383519,68767038,68910794,143756
34381983,68763966,68907716,143750
34381595,68763190,68906936,143746
34381227,68762454,68906200,143746
34379731,68759462,68903207,143745
34378811,68757622,68901364,143742
34377631,68755262,68898998,143736
34374303,68748606,68892334,143728
34374121,68748242,68891966,143724
34373225,68746450,68890162,143712
34371695,68743390,68887102,143712
34370873,68741746,68885458,143712
34369767,68739534,68883236,143702
34367465,68734930,68878619,143689
34366043,68732086,68875772,143686
34362791,68725582,68869258,143676
34361839,68723678,68867338,143660
34360479,68720958,68864609,143651
34359067,68718134,68861783,143649
34357359,68714718,68858363,143645
34356201,68712402,68856046,143644
34353951,68707902,68851544,143642
34352811,68705622,68849260,143638
34351423,68702846,68846473,143627
34351367,68702734,68846359,143625
34351159,68702318,68845936,143618
34349963,68699926,68843540,143614
34347807,68695614,68839217,143603
34346475,68692950,68836553,143603
34344679,68689358,68832953,143595
34343913,68687826,68831414,143588
34342975,68685950,68829538,143588
34341367,68682734,68826310,143576
34336927,68673854,68817418,143564
34335387,68670774,68814329,143555
34334023,68668046,68811589,143543
34332231,68664462,68807999,143537
34332095,68664190,68807723,143533
34329243,68658486,68802014,143528
34328827,68657654,68801179,143525
34328061,68656122,68799646,143524
34325633,68651266,68794784,143518
34325247,68650494,68794006,143512
34324931,68649862,68793374,143512
34323967,68647934,68791436,143502
34321961,68643922,68787418,143496
34319855,68639710,68783197,143487
34318473,68636946,68780432,143486
34316607,68633214,68776688,143474
34313403,68626806,68770276,143470
34313159,68626318,68769788,143470
34313083,68626166,68769628,143462
34311465,68622930,68766388,143458
34310471,68620942,68764390,143448
34308203,68616406,68759854,143448
34308095,68616190,68759624,143434
34305255,68610510,68753944,143434
34302279,68604558,68747974,143416
34300955,68601910,68745320,143410
34300415,68600830,68744233,143403
34295465,68590930,68734330,143400
34294811,68589622,68733022,143400
34294655,68589310,68732687,143377
34291867,68583734,68727106,143372
34289289,68578578,68721949,143371
34287775,68575550,68718901,143351
34287159,68574318,68717666,143348
34286311,68572622,68715967,143345
34285311,68570622,68713964,143342
34284135,68568270,68711608,143338
34281791,68563582,68706913,143331
34280863,68561726,68705050,143324
34276799,68553598,68696905,143307
34276031,68552062,68695364,143302
34274431,68548862,68692157,143295
34272487,68544974,68688268,143294
34271999,68543998,68687291,143293
34271487,68542974,68686258,143284
34270567,68541134,68684416,143282
34268809,68537618,68680898,143280
34267495,68534990,68678270,143280
34266961,68533922,68677202,143280
34266367,68532734,68675998,143264
34265819,68531638,68674898,143260
34262431,68524862,68668121,143259
34261711,68523422,68666672,143250
34260207,68520414,68663663,143249
34259551,68519102,68662348,143246
34259311,68518622,68661868,143246
34258535,68517070,68660300,143230
34257135,68514270,68657494,143224
34253951,68507902,68651111,143209
34249963,68499926,68643125,143199
34249687,68499374,68642572,143198
34248683,68497366,68640560,143194
34246765,68493530,68636720,143190
34245991,68491982,68635168,143186
34245915,68491830,68635016,143186
34243583,68487166,68630341,143175
34240831,68481662,68624815,143153
34234727,68469454,68612584,143130
34228601,68457202,68600308,143106
34228399,68456798,68599904,143106
34226375,68452750,68595848,143098
34225259,68450518,68593616,143098
34224463,68448926,68592022,143096
34222035,68444070,68587162,143092
34220975,68441950,68585039,143089
34219561,68439122,68582200,143078
34217307,68434614,68577677,143063
34215679,68431358,68574406,143048
34211611,68423222,68566270,143048
34211071,68422142,68565184,143042
34210663,68421326,68564353,143027
34206015,68412030,68555036,143006
34203263,68406526,68549530,143004
34200091,68400182,68543186,143004
34199017,68398034,68541025,142991
34195451,68390902,68533871,142969
34194079,68388158,68531117,142959
34189031,68378062,68521021,142959
34184319,68368638,68511562,142924
34184191,68368382,68511296,142914
34182911,68365822,68508731,142909
34177087,68354174,68497072,142898
34175847,68351694,68494585,142891
34175087,68350174,68493059,142885
34174639,68349278,68492159,142881
34171987,68343974,68486842,142868
34169455,68338910,68481769,142859
34168703,68337406,68480260,142854
34165897,68331794,68474636,142842
34163867,68327734,68470571,142837
34162503,68325006,68467835,142829
34161695,68323390,68466215,142825
34159231,68318462,68461274,142812
34151175,68302350,68445160,142810
34150057,68300114,68442895,142781
34149019,68298038,68440810,142772
34147431,68294862,68437628,142766
34145063,68290126,68432884,142758
34143515,68287030,68429780,142750
34140327,68280654,68423393,142739
34140271,68280542,68423278,142736
34137807,68275614,68418350,142736
34136185,68272370,68415101,142731
34135663,68271326,68414056,142730
34130559,68261118,68403847,142729
34130079,68260158,68402860,142702
34127187,68254374,68397056,142682
34124027,68248054,68390725,142671
34122889,68245778,68388448,142670
34120617,68241234,68383889,142655
34118427,68236854,68379497,142643
34116063,68232126,68374763,142637
34114331,68228662,68371289,142627
34114217,68228434,68371058,142624
34109679,68219358,68361964,142606
34106687,68213374,68355965,142591
34103295,68206590,68349172,142582
34102047,68204094,68346670,142576
34101417,68202834,68345405,142571
34099695,68199390,68341958,142568
34098495,68196990,68339551,142561
34098047,68196094,68338648,142554
34096159,68192318,68334865,142547
34092911,68185822,68328362,142540
34092009,68184018,68326558,142540
34089471,68178942,68321470,142528
34089127,68178254,68320778,142524
34084669,68169338,68311858,142520
34084079,68168158,68310661,142503
34083977,68167954,68310451,142497
34080127,68160254,68302744,142490
34076111,68152222,68294690,142468
34073683,68147366,68289824,142458
34073071,68146142,68288597,142455
34071975,68143950,68286403,142453
34071583,68143166,68285611,142445
34067695,68135390,68277829,142439
34064255,68128510,68270924,142414
34063337,68126674,68269088,142414
34062831,68125662,68268071,142409
34060895,68121790,68264198,142408
34059727,68119454,68261854,142400
34059679,68119358,68261758,142400
34057321,68114642,68257042,142400
34054471,68108942,68251322,142380
34054235,68108470,68250850,142380
34050367,68100734,68243114,142380
34047631,68095262,68237620,142358
34046843,68093686,68236040,142354
34046351,68092702,68235049,142347
34046015,68092030,68234375,142345
34045609,68091218,68233556,142338
34043817,68087634,68229967,142333
34043327,68086654,68228984,142330
34040091,68080182,68222503,142321
34037583,68075166,68217479,142313
34037151,68074302,68216608,142306
34035167,68070334,68212631,142297
34034927,68069854,68212151,142297
34033927,68067854,68210147,142293
34031611,68063222,68205511,142289
34030343,68060686,68202974,142288
34028159,68056318,68198584,142266
34026735,68053470,68195729,142259
34023419,68046838,68189083,142245
34022335,68044670,68186909,142239
34021375,68042750,68184988,142238
34017791,68035582,68177807,142225
34016191,68032382,68174597,142215
34014345,68028690,68170898,142208
34012911,68025822,68168024,142202
34011023,68022046,68164241,142195
34009843,68019686,68161880,142194
34008575,68017150,68159338,142188
34008289,68016578,68158766,142188
34007551,68015102,68157290,142188
34006375,68012750,68154929,142179
34002559,68005118,68147296,142178
34001065,68002130,68144287,142157
33999081,67998162,68140318,142156
33999015,67998030,68140175,142145
33998107,67996214,68138354,142140
33997295,67994590,68136730,142140
33994063,67988126,68130251,142125
33991919,67983838,68125949,142111
33989599,67979198,68121304,142106
33987721,67975442,68117543,142101
33986719,67973438,68115532,142094
33986301,67972602,68114696,142094
33984511,67969022,68111108,142086
33983739,67967478,68109562,142084
33983515,67967030,68109110,142080
33982585,67965170,68107250,142080
33979273,67958546,68100610,142064
33977903,67955806,68097868,142062
33977583,67955166,68097217,142051
33976167,67952334,68094382,142048
33974783,67949566,68091607,142041
33973275,67946550,68088590,142040
33968855,67937710,68079749,142039
33966255,67932510,68074522,142012
33965697,67931394,68073406,142012
33963035,67926070,68068070,142000
33962493,67924986,68066981,141995
33959963,67919926,68061910,141984
33959783,67919566,68061545,141979
33957943,67915886,68057860,141974
33955455,67910910,68052872,141962
33955311,67910622,68052583,141961
33954911,67909822,68051783,141961
33951899,67903798,68045756,141958
33951079,67902158,68044106,141948
33949011,67898022,68039962,141940
33945821,67891642,68033576,141934
33944375,67888750,68030684,141934
33944105,67888210,68030138,141928
33943803,67887606,68029522,141916
33942887,67885774,68027686,141912
33940363,67880726,68022632,141906
33938879,67877758,68019664,141906
33936873,67873746,68015639,141893
33934903,67869806,68011685,141879
33932123,67864246,68006117,141871
33931177,67862354,68004215,141861
33928295,67856590,67998446,141856
33927823,67855646,67997494,141848
33924199,67848398,67990246,141848
33924137,67848274,67990106,141832
33922843,67845686,67987516,141830
33921819,67843638,67985462,141824
33918967,67837934,67979752,141818
33918823,67837646,67979464,141818
33917887,67835774,67977578,141804
33916471,67832942,67974743,141801
33915215,67830430,67972228,141798
33912787,67825574,67967368,141794
33912495,67824990,67966778,141788
33911535,67823070,67964858,141788
33910023,67820046,67961825,141779
33909227,67818454,67960228,141774
33907559,67815118,67956892,141774
33904271,67808542,67950301,141759
33903855,67807710,67949455,141745
33902057,67804114,67945859,141745
33899935,67799870,67941605,141735
33898999,67797998,67939732,141734
33896361,67792722,67934447,141725
33895515,67791030,67932755,141725
33894303,67788606,67930325,141719
33891059,67782118,67923826,141708
33890471,67780942,67922632,141690
33885715,67771430,67913117,141687
33883419,67766838,67908496,141658
33881171,67762342,67903996,141654
33879023,67758046,67899698,141652
33878137,67756274,67897924,141650
33878057,67756114,67897762,141648
33876645,67753290,67894936,141646
33876127,67752254,67893896,141642
33875967,67751934,67893562,141628
33872383,67744766,67886387,141621
33868883,67737766,67879370,141604
33865839,67731678,67873265,141587
33862471,67724942,67866524,141582
33860891,67721782,67863347,141565
33858441,67716882,67858447,141565
33857787,67715574,67857130,141556
33854511,67709022,67850567,141545
33851123,67702246,67843777,141531
33850215,67700430,67841950,141520
33847623,67695246,67836761,141515
33845887,67691774,67833289,141515
33845695,67691390,67832903,141513
33844583,67689166,67830662,141496
33840667,67681334,67822816,141482
33838399,67676798,67818278,141480
33836371,67672742,67814212,141470
33833353,67666706,67808164,141458
33832313,67664626,67806083,141457
33828971,67657942,67799389,141447
33828435,67656870,67798316,141446
33827721,67655442,67796878,141436
33826463,67652926,67794353,141427
33826431,67652862,67794286,141424
33823519,67647038,67788458,141420
33823515,67647030,67788440,141410
33821439,67642878,67784282,141404
33819631,67639262,67780666,141404
33819625,67639250,67780651,141401
33819305,67638610,67780007,141397
33817583,67635166,67776554,141388
33816319,67632638,67774016,141378
33812695,67625390,67766764,141374
33811883,67623766,67765138,141372
33809855,67619710,67761062,141352
33808703,67617406,67758754,141348
33804955,67609910,67751248,141338
33803583,67607166,67748494,141328
33803423,67606846,67748170,141324
33801063,67602126,67743449,141323
33799165,67598330,67739651,141321
33797673,67595346,67736650,141304
33796763,67593526,67734826,141300
33795721,67591442,67732739,141297
33795199,67590398,67731686,141288
33791003,67582006,67723289,141283
33789065,67578130,67719401,141271
33788571,67577142,67718405,141263
33785017,67570034,67711297,141263
33784799,67569598,67710850,141252
33782153,67564306,67705558,141252
33781439,67562878,67704113,141235
33780735,67561470,67702702,141232
33780379,67560758,67701989,141231
33775175,67550350,67691564,141214
33773793,67547586,67688795,141209
33771687,67543374,67684576,141202
33769085,67538170,67679372,141202
33768655,67537310,67678499,141189
33766591,67533182,67674364,141182
33765887,67531774,67672939,141165
33764455,67528910,67670072,141162
33763439,67526878,67668034,141156
33760255,67520510,67661654,141144
33757055,67514110,67655248,141138
33755587,67511174,67652308,141134
33754543,67509086,67650214,141128
33750735,67501470,67642577,141107
33744963,67489926,67631026,141100
33744927,67489854,67630948,141094
33744191,67488382,67629472,141090
33743327,67486654,67627732,141078
33742591,67485182,67626256,141074
33741823,67483646,67624715,141069
33739165,67478330,67619395,141065
33737705,67475410,67616470,141060
33737151,67474302,67615357,141055
33736699,67473398,67614452,141054
33734823,67469646,67610683,141037
33732575,67465150,67606181,141031
33732563,67465126,67606157,141031
33730879,67461758,67602779,141021
33729697,67459394,67600415,141021
33728511,67457022,67598032,141010
33724327,67448654,67589653,140999
33719387,67438774,67579753,140979
33719079,67438158,67579136,140978
33716559,67433118,67574090,140972
33716361,67432722,67573690,140968
33715967,67431934,67572893,140959
33713819,67427638,67568590,140952
33712769,67425538,67566488,140950
33712041,67424082,67565026,140944
33711131,67422262,67563202,140940
33709369,67418738,67559674,140936
33709295,67418590,67559525,140935
33707785,67415570,67556497,140927
33706235,67412470,67553392,140922
33701139,67402278,67543198,140920
33700729,67401458,67542356,140898
33698907,67397814,67538701,140887
33696649,67393298,67534181,140883
33695657,67391314,67532188,140874
33692007,67384014,67524880,140866
33690745,67381490,67522345,140855
33689513,67379026,67519876,140850
33687323,67374646,67515484,140838
33686247,67372494,67513331,140837
33683681,67367362,67508194,140832
33682879,67365758,67506580,140822
33677023,67354046,67494860,140814
33675447,67350894,67491694,140800
33675431,67350862,67491656,140794
33673633,67347266,67488056,140790
33673193,67346386,67487170,140784
33672683,67345366,67486145,140779
33671657,67343314,67484092,140778
33670239,67340478,67481252,140774
33669971,67339942,67480715,140773
33668779,67337558,67478327,140769
33665791,67331582,67472338,140756
33662975,67325950,67466695,140745
33662399,67324798,67465531,140733
33660071,67320142,67460866,140724
33655999,67311998,67452706,140708
33653695,67307390,67448087,140697
33648487,67296974,67437664,140690
33648411,67296822,67437512,140690
33648297,67296594,67437278,140684
33645599,67291198,67431865,140667
33644287,67288574,67429235,140661
33644239,67288478,67429138,140660
33640359,67280718,67421363,140645
33638171,67276342,67416976,140634
33635867,67271734,67412360,140626
33634259,67268518,67409138,140620
33632167,67264334,67404946,140612
33630299,67260598,67401200,140602
33627967,67255934,67396535,140601
33627903,67255806,67396396,140590
33625703,67251406,67391993,140587
33624271,67248542,67389121,140579
33622521,67245042,67385620,140578
33619663,67239326,67379890,140564
33619199,67238398,67378952,140554
33616509,67233018,67373572,140554
33613127,67226254,67366786,140532
33612713,67225426,67365958,140532
33612001,67224002,67364531,140529
33608519,67217038,67357552,140514
33607337,67214674,67355185,140511
33605631,67211262,67351769,140507
33602287,67204574,67345060,140486
33599807,67199614,67340099,140485
33598537,67197074,67337555,140481
33596351,67192702,67333174,140472
33593771,67187542,67327996,140454
33593399,67186798,67327252,140454
33593257,67186514,67326965,140451
33591131,67182262,67322708,140446
33588711,67177422,67317860,140438
33588671,67177342,67317770,140428
33587625,67175250,67315673,140423
33584575,67169150,67309562,140412
33583775,67167550,67307962,140412
33581921,67163842,67304249,140407
33580479,67160958,67301351,140393
33576731,67153462,67293848,140386
33574227,67148454,67288823,140369
33572329,67144658,67285018,140360
33570815,67141630,67281980,140350
33569449,67138898,67279247,140349
33566447,67132894,67273234,140340
33565313,67130626,67270966,140340
33564667,67129334,67269671,140337
33564137,67128274,67268608,140334
33563647,67127294,67267624,140330
33562943,67125886,67266209,140323
33560903,67121806,67262128,140322
33560553,67121106,67261426,140320
33559791,67119582,67259902,140320
33559283,67118566,67258876,140310
33556023,67112046,67252355,140309
33554697,67109394,67249693,140299
33554429,67108858,67249145,140287
33554047,67108094,67248377,140283
33551807,67103614,67243894,140280
33549523,67099046,67239322,140276
33545727,67091454,67231721,140267
33545479,67090958,67231214,140256
33544299,67088598,67228852,140254
33543423,67086846,67227086,140240
33541823,67083646,67223884,140238
33541383,67082766,67222999,140233
33538937,67077874,67218095,140221
33537275,67074550,67214767,140217
33536667,67073334,67213547,140213
33536239,67072478,67212688,140210
33533993,67067986,67208186,140200
33532583,67065166,67205360,140194
33531495,67062990,67203184,140194
33531177,67062354,67202546,140192
33530271,67060542,67200725,140183
33528859,67057718,67197896,140178
33527425,67054850,67195027,140177
33526255,67052510,67192684,140174
33526239,67052478,67192643,140165
33523047,67046094,67186253,140159
33518111,67036222,67176376,140154
33516907,67033814,67173968,140154
33516161,67032322,67172476,140154
33515659,67031318,67171463,140145
33514367,67028734,67168855,140121
33513975,67027950,67168066,140116
33510639,67021278,67161383,140105
33510313,67020626,67160726,140100
33507567,67015134,67155223,140089
33506153,67012306,67152392,140086
33504415,67008830,67148914,140084
33503483,67006966,67147042,140076
33502985,67005970,67146046,140076
33500669,67001338,67141402,140064
33498287,66996574,67136633,140059
33497423,66994846,67134905,140059
33497115,66994230,67134278,140048
33496041,66992082,67132127,140045
33495095,66990190,67130234,140044
33492937,66985874,67125910,140036
33492459,66984918,67124950,140032
33491035,66982070,67122098,140028
33490203,66980406,67120432,140026
33488591,66977182,67117207,140025
33486443,66972886,67112894,140008
33486377,66972754,67112756,140002
33485103,66970206,67110202,139996
33480223,66960446,67100422,139976
33475999,66951998,67091962,139964
33473401,66946802,67086749,139947
33471999,66943998,67083938,139940
33469255,66938510,67078448,139938
33468623,66937246,67077178,139932
33467049,66934098,67074020,139922
33464317,66928634,67068545,139911
33464231,66928462,67068373,139911
33464091,66928182,67068091,139909
33460651,66921302,67061200,139898
33458655,66917310,67057202,139892
33458395,66916790,67056676,139886
33457247,66914494,67054375,139881
33455743,66911486,67051366,139880
33455081,66910162,67050035,139873
33454761,66909522,67049390,139868
33450259,66900518,67040375,139857
33450153,66900306,67040162,139856
33448617,66897234,67037078,139844
33446753,66893506,67033349,139843
33446095,66892190,67032026,139836
33444167,66888334,67028164,139830
33442555,66885110,67024928,139818
33439487,66878974,67018792,139818
33438823,66877646,67017455,139809
33436863,66873726,67013530,139804
33436443,66872886,67012687,139801
33435391,66870782,67010570,139788
33434751,66869502,67009285,139783
33431323,66862646,67002416,139770
33429095,66858190,66997952,139762
33426667,66853334,66993085,139751
33424231,66848462,66988205,139743
33422975,66845950,66985684,139734
33420001,66840002,66979730,139728
33418879,66837758,66977482,139724
33418175,66836350,66976070,139720
33415849,66831698,66971401,139703
33415167,66830334,66970037,139703
33413345,66826690,66966389,139699
33413019,66826038,66965735,139697
33411849,66823698,66963392,139694
33409787,66819574,66959260,139686
33408795,66817590,66957268,139678
33408447,66816894,66956570,139676
33407295,66814590,66954266,139676
33405167,66810334,66949996,139662
33403559,66807118,66946775,139657
33402919,66805838,66945494,139656
33402623,66805246,66944902,139656
33400831,66801662,66941306,139644
33400119,66800238,66939878,139640
33399423,66798846,66938486,139640
33398905,66797810,66937445,139635
33394463,66788926,66928558,139632
33392667,66785334,66924949,139615
33391247,66782494,66922102,139608
33388991,66777982,66917576,139594
33386599,66773198,66912785,139587
33383451,66766902,66906484,139582
33383289,66766578,66906157,139579
33382343,66764686,66904258,139572
33381993,66763986,66903556,139570
33379059,66758118,66897674,139556
33377563,66755126,66894673,139547
33374911,66749822,66889360,139538
33374847,66749694,66889226,139532
33372903,66745806,66885334,139528
33372411,66744822,66884350,139528
33369655,66739310,66878821,139511
33365153,66730306,66869815,139509
33365151,66730302,66869803,139501
33364563,66729126,66868622,139496
33363963,66727926,66867416,139490
33360249,66720498,66859978,139480
33358719,66717438,66856913,139475
33358269,66716538,66856013,139475
33356265,66712530,66852001,139471
33356153,66712306,66851770,139464
33356027,66712054,66851512,139458
33354395,66708790,66848240,139450
33350191,66700382,66839813,139431
33347051,66694102,66833522,139420
33345151,66690302,66829711,139409
33343467,66686934,66826340,139406
33342121,66684242,66823640,139398
33340553,66681106,66820501,139395
33337903,66675806,66815191,139385
33337759,66675518,66814901,139383
33337257,66674514,66813892,139378
33333887,66667774,66807136,139362
33330665,66661330,66800690,139360
33330039,66660078,66799432,139354
33328623,66657246,66796586,139340
33324029,66648058,66787396,139338
33323687,66647374,66786707,139333
33322849,66645698,66785023,139325
33319593,66639186,66778492,139306
33317115,66634230,66773528,139298
33316379,66632758,66772052,139294
33314975,66629950,66769234,139284
33313951,66627902,66767185,139283
33312603,66625206,66764486,139280
33311341,66622682,66761962,139280
33310959,66621918,66761198,139280
33310879,66621758,66761030,139272
33308991,66617982,66757252,139270
33305531,66611062,66750322,139260
33304329,66608658,66747914,139256
33303271,66606542,66745777,139235
33299871,66599742,66738976,139234
33299563,66599126,66738359,139233
33299337,66598674,66737903,139229
33298479,66596958,66736174,139216
33297151,66594302,66733508,139206
33294031,66588062,66727259,139197
33292285,66584570,66723760,139190
33290727,66581454,66720637,139183
33287431,66574862,66714032,139170
33285079,66570158,66709322,139164
33283721,66567442,66706604,139162
33279579,66559158,66698297,139139
33279467,66558934,66698072,139138
33274075,66548150,66687286,139136
33273245,66546490,66685612,139122
33272507,66545014,66684125,139111
33271047,66542094,66681200,139106
33270415,66540830,66679934,139104
33269737,66539474,66678572,139098
33268601,66537202,66676300,139098
33267101,66534202,66673292,139090
33267071,66534142,66673232,139090
33265255,66530510,66669589,139079
33263519,66527038,66666112,139074
33262919,66525838,66664903,139065
33261523,66523046,66662111,139065
33260315,66520630,66659684,139054
33256687,66513374,66652414,139040
33253803,66507606,66646642,139036
33251419,66502838,66641872,139034
33251071,66502142,66641156,139014
33249505,66499010,66638024,139014
33249135,66498270,66637282,139012
33246493,66492986,66631997,139011
33244775,66489550,66628546,138996
33242907,66485814,66624802,138988
33242831,66485662,66624650,138988
33242623,66485246,66624227,138981
33242415,66484830,66623809,138979
33239677,66479354,66618328,138974
33239465,66478930,66617903,138973
33236459,66472918,66611879,138961
33235647,66471294,66610246,138952
33234029,66468058,66607010,138952
33233121,66466242,66605186,138944
33231167,66462334,66601276,138942
33230143,66460286,66599224,138938
33228863,66457726,66596650,138924
33224863,66449726,66588640,138914
33224233,66448466,66587380,138914
33223963,66447926,66586840,138914
33223679,66447358,66586258,138900
33222191,66444382,66583279,138897
33218843,66437686,66576568,138882
33218075,66436150,66575029,138879
33215487,66430974,66569843,138869
33212519,66425038,66563894,138856
33210399,66420798,66559646,138848
33207039,66414078,66552916,138838
33205897,66411794,66550625,138831
33204905,66409810,66548632,138822
33204703,66409406,66548227,138821
33202359,66404718,66543538,138820
33200585,66401170,66539987,138817
33199071,66398142,66536954,138812
33197983,66395966,66534767,138801
33197295,66394590,66533386,138796
33193575,66387150,66525946,138796
33192063,66384126,66522904,138778
33191719,66383438,66522212,138774
33191465,66382930,66521699,138769
33190207,66380414,66519178,138764
33188175,66376350,66515111,138761
33185727,66371454,66510197,138743
33183457,66366914,66505657,138743
33181833,66363666,66502399,138733
33179809,66359618,66498347,138729
33179645,66359290,66498016,138726
33179517,66359034,66497759,138725
33177775,66355550,66494267,138717
33177655,66355310,66494027,138717
33176585,66353170,66491885,138715
33174399,66348798,66487498,138700
33173535,66347070,66485770,138700
33170859,66341718,66480409,138691
33170543,66341086,66479777,138691
33169895,66339790,66478481,138691
33168479,66336958,66475642,138684
33168351,66336702,66475384,138682
33167865,66335730,66474404,138674
33166079,66332158,66470824,138666
33166063,66332126,66470789,138663
33164599,66329198,66467861,138663
33164287,66328574,66467236,138662
33164169,66328338,66466997,138659
33162921,66325842,66464495,138653
33162551,66325102,66463753,138651
33161897,66323794,66462442,138648
33159033,66318066,66456706,138640
33157623,66315246,66453878,138632
33157497,66314994,66453622,138628
33156735,66313470,66452096,138626
33155835,66311670,66450293,138623
33152795,66305590,66444194,138604
33150975,66301950,66440549,138599
33150441,66300882,66439478,138596
33147407,66294814,66433403,138589
33147239,66294478,66433061,138583
33144319,66288638,66427208,138570
33142153,66284306,66422873,138567
33140639,66281278,66419836,138558
33139503,66279006,66417560,138554
33139071,66278142,66416696,138554
33137929,66275858,66414404,138546
33136767,66273534,66412075,138541
33135387,66270774,66409312,138538
33134817,66269634,66408167,138533
33131547,66263094,66401626,138532
33130747,66261494,66400024,138530
33130227,66260454,66398980,138526
33129193,66258386,66396910,138524
33129151,66258302,66396820,138518
33128617,66257234,66395752,138518
33125513,66251026,66389534,138508
33124795,66249590,66388094,138504
33124399,66248798,66387302,138504
33123261,66246522,66385018,138496
33121193,66242386,66380861,138475
33120137,66240274,66378746,138472
33115903,66231806,66370265,138459
33112063,66224126,66362570,138444
33111195,66222390,66360827,138437
33109759,66219518,66357943,138425
33106079,66212158,66350582,138424
33104383,66208766,66347188,138422
33103899,66207798,66346208,138410
33100827,66201654,66340043,138389
33096383,66192766,66331142,138376
33095625,66191250,66329626,138376
33093071,66186142,66324500,138358
33090279,66180558,66318905,138347
33088795,66177590,66315928,138338
33087257,66174514,66312851,138337
33085323,66170646,66308978,138332
33083731,66167462,66305788,138326
33083687,66167374,66305695,138321
33080559,66161118,66299422,138304
33078685,66157370,66295670,138300
33078327,66156654,66294949,138295
33077001,66154002,66292292,138290
33073321,66146642,66284918,138276
33069147,66138294,66276556,138262
33068797,66137594,66275854,138260
33065851,66131702,66269950,138248
33065167,66130334,66268582,138248
33064955,66129910,66268150,138240
33063783,66127566,66265802,138236
33063359,66126718,66264949,138231
33063023,66126046,66264277,138231
33062759,66125518,66263746,138228
33058985,66117970,66256198,138228
33058559,66117118,66255334,138216
33058255,66116510,66254722,138212
33056103,66112206,66250412,138206
33054793,66109586,66247789,138203
33048167,66096334,66234509,138175
33047835,66095670,66233842,138172
33046143,66092286,66230458,138172
33044701,66089402,66227567,138165
33043967,66087934,66226088,138154
33042401,66084802,66222953,138151
33039871,66079742,66217873,138131
33038319,66076638,66214766,138128
33037823,66075646,66213769,138123
33034349,66068698,66206821,138123
33034271,66068542,66206651,138109
33030143,66060286,66198382,138096
33029631,66059262,66197351,138089
33025577,66051154,66189238,138084
33024203,66048406,66186490,138084
33023997,66047994,66186070,138076
33021569,66043138,66181210,138072
33021231,66042462,66180523,138061
33021183,66042366,66180419,138053
33017791,66035582,66173632,138050
33016235,66032470,66170519,138049
33015871,66031742,66169790,138048
33014399,66028798,66166828,138030
33012521,66025042,66163063,138021
33010175,66020350,66158365,138015
33008617,66017234,66155242,138008
33007387,66014774,66152771,137997
33006059,66012118,66150112,137994
33003081,66006162,66144154,137992
33001887,66003774,66141749,137975
32996351,65992702,66130654,137952
32992287,65984574,66122518,137944
32992255,65984510,66122446,137936
32987903,65975806,66113729,137923
32986537,65973074,66110990,137916
32986451,65972902,66110818,137916
32985599,65971198,66109108,137910
32984713,65969426,66107329,137903
32982299,65964598,66102491,137893
32980287,65960574,66098464,137890
32978569,65957138,66095020,137882
32977055,65954110,66091984,137874
32974601,65949202,66087071,137869
32971753,65943506,66081367,137861
32970623,65941246,66079102,137856
32967871,65935742,66073594,137852
32967835,65935670,66073504,137834
32966199,65932398,66070228,137830
32965971,65931942,66069772,137830
32963815,65927630,66065456,137826
32963071,65926142,66063952,137810
32955631,65911262,66049046,137784
32949183,65898366,66036148,137782
32948783,65897566,66035326,137760
32948447,65896894,66034654,137760
32947883,65895766,66033524,137758
32947881,65895762,66033520,137758
32946587,65893174,66030923,137749
32946503,65893006,66030754,137748
32944967,65889934,66027676,137742
32944447,65888894,66026627,137733
32943975,65887950,66025682,137732
32942355,65884710,66022439,137729
32942239,65884478,66022204,137726
32942151,65884302,66022028,137726
32940783,65881566,66019292,137726
32939283,65878566,66016289,137723
32936743,65873486,66011191,137705
32932863,65865726,66003412,137686
32931839,65863678,66001360,137682
32928511,65857022,65994697,137675
32927835,65855670,65993339,137669
32926335,65852670,65990333,137663
32924095,65848190,65985841,137651
32918655,65837310,65974943,137633
32915903,65831806,65969434,137628
32915881,65831762,65969380,137618
32914791,65829582,65967200,137618
32913887,65827774,65965384,137610
32913499,65826998,65964601,137603
32911315,65822630,65960230,137600
32909403,65818806,65956396,137590
32906917,65813834,65951419,137585
32906183,65812366,65949947,137581
32903911,65807822,65945387,137565
32902271,65804542,65942102,137560
32901407,65802814,65940374,137560
32900873,65801746,65939303,137557
32900187,65800374,65937925,137551
32896553,65793106,65930650,137544
32895731,65791462,65928998,137536
32894505,65789010,65926546,137536
32893375,65786750,65924278,137528
32890195,65780390,65917901,137511
32889631,65779262,65916769,137507
32889057,65778114,65915617,137503
32887323,65774646,65912147,137501
32886099,65772198,65909698,137500
32884639,65769278,65906770,137492
32884571,65769142,65906627,137485
32879431,65758862,65896342,137480
32878827,65757654,65895124,137470
32875055,65750110,65887558,137448
32872457,65744914,65882359,137445
32871677,65743354,65880796,137442
32871265,65742530,65879963,137433
32869823,65739646,65877077,137431
32868479,65736958,65874383,137425
32867175,65734350,65871772,137422
32866459,65732918,65870335,137417
32864567,65729134,65866544,137410
32864007,65728014,65865419,137405
32863647,65727294,65864690,137396
32861167,65722334,65859730,137396
32857257,65714514,65851892,137378
32855807,65711614,65848975,137361
32853673,65707346,65844704,137358
32853483,65706966,65844323,137357
32853151,65706302,65843657,137355
32851359,65702718,65840066,137348
32849855,65699710,65837056,137346
32849535,65699070,65836405,137335
32846569,65693138,65830463,137325
32840131,65680262,65817586,137324
32839803,65679606,65816912,137306
32838783,65677566,65814868,137302
32837679,65675358,65812648,137290
32837609,65675218,65812508,137290
32836479,65672958,65810248,137290
32833631,65667262,65804548,137286
32833071,65666142,65803427,137285
32833065,65666130,65803414,137284
32832509,65665018,65802286,137268
32831997,65663994,65801260,137266
32828729,65657458,65794714,137256
32827495,65654990,65792245,137255
32827391,65654782,65792032,137250
32825323,65650646,65787884,137238
32822687,65645374,65782606,137232
32822399,65644798,65782030,137232
32821483,65642966,65780194,137228
32821159,65642318,65779541,137223
32819359,65638718,65775928,137210
32816575,65633150,65770352,137202
32814319,65628638,65765830,137192
32813723,65627446,65764636,137190
32812015,65624030,65761211,137181
32811295,65622590,65759770,137180
32810475,65620950,65758126,137176
32808361,65616722,65753896,137174
32807231,65614462,65751622,137160
32803497,65606994,65744140,137146
32800951,65601902,65739040,137138
32798811,65597622,65734748,137126
32796743,65593486,65730604,137118
32796287,65592574,65729687,137113
32794983,65589966,65727076,137110
32794471,65588942,65726048,137106
32791291,65582582,65719682,137100
32791207,65582414,65719507,137093
32789663,65579326,65716412,137086
32788479,65576958,65714041,137083
32787615,65575230,65712311,137081
32786599,65573198,65710277,137079
32784319,65568638,65705704,137066
32782079,65564158,65701214,137056
32781343,65562686,65699741,137055
32777727,65555454,65692498,137044
32775515,65551030,65688070,137040
32773687,65547374,65684402,137028
32773431,65546862,65683889,137027
32771307,65542614,65679635,137021
32768959,65537918,65674930,137012
32768027,65536054,65673056,137002
32767679,65535358,65672356,136998
32762911,65525822,65662811,136989
32760559,65521118,65658107,136989
32757295,65514590,65651546,136956
32756847,65513694,65650648,136954
32754231,65508462,65645401,136939
32750851,65501702,65638639,136937
32750457,65500914,65637844,136930
32749247,65498494,65635424,136930
32746651,65493302,65630230,136928
32746303,65492606,65629511,136905
32743919,65487838,65624735,136897
32743167,65486334,65623225,136891
32741147,65482294,65619184,136890
32739647,65479294,65616182,136888
32738151,65476302,65613178,136876
32735231,65470462,65607326,136864
32732159,65464318,65601176,136858
32731319,65462638,65599483,136845
32729691,65459382,65596225,136843
32727721,65455442,65592281,136839
32727113,65454226,65591062,136836
32726759,65453518,65590348,136830
32724471,65448942,65585759,136817
32721945,65443890,65580704,136814
32720951,65441902,65578714,136812
32720639,65441278,65578085,136807
32719903,65439806,65576608,136802
32719841,65439682,65576482,136800
32715433,65430866,65567663,136797
32715407,65430814,65567596,136782
32713865,65427730,65564504,136774
32710649,65421298,65558065,136767
32709907,65419814,65556571,136757
32709019,65418038,65554792,136754
32708349,65416698,65553452,136754
32707291,65414582,65551336,136754
32705627,65411254,65548006,136752
32702625,65405250,65541980,136730
32701093,65402186,65538914,136728
32699855,65399710,65536432,136722
32698139,65396278,65532982,136704
32698025,65396050,65532754,136704
32695763,65391526,65528227,136701
32693887,65387774,65524463,136689
32692703,65385406,65522092,136686
32689743,65379486,65516164,136678
32688847,65377694,65514364,136670
32686527,65373054,65509717,136663
32684123,65368246,65504902,136656
32683887,65367774,65504426,136652
32682735,65365470,65502110,136640
32681455,65362910,65499544,136634
32677431,65354862,65491492,136630
32676959,65353918,65490545,136627
32676359,65352718,65489338,136620
32675931,65351862,65488475,136613
32672703,65345406,65482018,136612
32671807,65343614,65480224,136610
32669769,65339538,65476133,136595
32666791,65333582,65470160,136578
32666621,65333242,65469820,136578
32666153,65332306,65468876,136570
32663663,65327326,65463889,136563
32662975,65325950,65462509,136559
32661615,65323230,65459780,136550
32661199,65322398,65458948,136550
32660135,65320270,65456819,136549
32658319,65316638,65453186,136548
32657735,65315470,65452013,136543
32657255,65314510,65451044,136534
32652159,65304318,65440852,136534
32649215,65298430,65434930,136500
32648359,65296718,65433217,136499
32647443,65294886,65431385,136499
32647163,65294326,65430820,136494
32644735,65289470,65425954,136484
32644335,65288670,65425153,136483
32642119,65284238,65420716,136478
32640103,65280206,65416667,136461
32636385,65272770,65409226,136456
32635307,65270614,65407066,136452
32634239,65268478,65404928,136450
32633887,65267774,65404217,136443
32629161,65258322,65394754,136432
32628895,65257790,65394206,136416
32627711,65255422,65391838,136416
32625903,65251806,65388208,136402
32621935,65243870,65380264,136394
32618047,65236094,65372470,136376
32614655,65229310,65365684,136374
32612577,65225154,65361518,136364
32609639,65219278,65355640,136362
32609609,65219218,65355578,136360
32609417,65218834,65355169,136335
32606963,65213926,65350258,136332
32605423,65210846,65347165,136319
32603113,65206226,65342536,136310
32600959,65201918,65338214,136296
32594591,65189182,65325478,136296
32593641,65187282,65323570,136288
32593023,65186046,65322328,136282
32591593,65183186,65319460,136274
32591497,65182994,65319253,136259
32591055,65182110,65318368,136258
32586761,65173522,65309773,136251
32586237,65172474,65308714,136240
32584841,65169682,65305916,136234
32584545,65169090,65305324,136234
32583515,65167030,65303263,136233
32583199,65166398,65302631,136233
32582783,65165566,65301790,136224
32581023,65162046,65298259,136213
32578727,65157454,65293666,136212
32574463,65148926,65285129,136203
32572555,65145110,65281306,136196
32572199,65144398,65280584,136186
32571487,65142974,65279153,136179
32571391,65142782,65278958,136176
32569771,65139542,65275712,136170
32567039,65134078,65270233,136155
32563967,65127934,65264080,136146
32562267,65124534,65260678,136144
32561947,65123894,65260030,136136
32560895,65121790,65257924,136134
32560311,65120622,65256754,136132
32556297,65112594,65248726,136132
32555689,65111378,65247496,136118
32555233,65110466,65246575,136109
32553825,65107650,65243758,136108
32553387,65106774,65242880,136106
32552511,65105022,65241124,136102
32552063,65104126,65240219,136093
32551163,65102326,65238415,136089
32547335,65094670,65230751,136081
32546815,65093630,65229700,136070
32544623,65089246,65225314,136068
32543879,65087758,65223826,136068
32543471,65086942,65223004,136062
32540315,65080630,65216677,136047
32538537,65077074,65213113,136039
32537835,65075670,65211706,136036
32535879,65071758,65207794,136036
32535295,65070590,65206615,136025
32534271,65068542,65204566,136024
32532959,65065918,65201938,136020
32529183,65058366,65194379,136013
32526571,65053142,65189140,135998
32524777,65049554,65185546,135992
32524135,65048270,65184250,135980
32523035,65046070,65182049,135979
32520431,65040862,65176825,135963
32519839,65039678,65175635,135957
32516263,65032526,65168474,135948
32516095,65032190,65168135,135945
32515867,65031734,65167676,135942
32514047,65028094,65164030,135936
32513535,65027070,65163005,135935
32510063,65020126,65156044,135918
32508809,65017618,65153536,135918
32505513,65011026,65146936,135910
32505391,65010782,65146690,135908
32500819,65001638,65137520,135882
32498875,64997750,65133625,135875
32496315,64992630,65128499,135869
32493783,64987566,65123432,135866
32493039,64986078,65121934,135856
32491291,64982582,65118421,135839
32485289,64970578,65106398,135820
32483567,64967134,65102944,135810
32480423,64960846,65096642,135796
32478075,64956150,65091944,135794
32477511,64955022,65090816,135794
32477351,64954702,65090486,135784
32474367,64948734,65084506,135772
32472815,64945630,65081398,135768
32470655,64941310,65077072,135762
32470463,64940926,65076677,135751
32469735,64939470,65075221,135751
32468991,64937982,65073730,135748
32465039,64930078,65065822,135744
32464489,64928978,65064707,135729
32462383,64924766,65060491,135725
32458807,64917614,65053318,135704
32457195,64914390,65050090,135700
32455657,64911314,65047010,135696
32454881,64909762,65045456,135694
32452961,64905922,65041615,135693
32452233,64904466,65040155,135689
32449439,64898878,65034556,135678
32447141,64894282,65029958,135676
32445983,64891966,65027627,135661
32445567,64891134,65026786,135652
32445183,64890366,65026012,135646
32441911,64883822,65019460,135638
32438159,64876318,65011939,135621
32435007,64870014,65005630,135616
32434031,64868062,65003674,135612
32430219,64860438,64996040,135602
32430057,64860114,64995715,135601
32428527,64857054,64992632,135578
32427689,64855378,64990954,135576
32425375,64850750,64986326,135576
32424807,64849614,64985176,135562
32422607,64845214,64980772,135558
32418535,64837070,64972607,135537
32417019,64834038,64969571,135533
32414143,64828286,64963819,135533
32412605,64825210,64960736,135526
32411135,64822270,64957786,135516
32407423,64814846,64950340,135494
32405481,64810962,64946452,135490
32404511,64809022,64944499,135477
32401919,64803838,64939301,135463
32395783,64791566,64927025,135459
32395337,64790674,64926115,135441
32392539,64785078,64920514,135436
32391411,64782822,64918250,135428
32389395,64778790,64914209,135419
32385471,64770942,64906343,135401
32385115,64770230,64905625,135395
32383401,64766802,64902197,135395
32379625,64759250,64894627,135377
32379483,64758966,64894340,135374
32374811,64749622,64884995,135373
32372647,64745294,64880656,135362
32371511,64743022,64878365,135343
32371065,64742130,64877470,135340
32368219,64736438,64871771,135333
32366561,64733122,64868446,135324
32366363,64732726,64868045,135319
32363935,64727870,64863179,135309
32362815,64725630,64860938,135308
32360775,64721550,64856852,135302
32359707,64719414,64854715,135301
32357161,64714322,64849606,135284
32356263,64712526,64847803,135277
32354015,64708030,64843306,135276
32353305,64706610,64841885,135275
32353019,64706038,64841308,135270
32351097,64702194,64837450,135256
32348927,64697854,64833110,135256
32347007,64694014,64829252,135238
32342665,64685330,64820560,135230
32342215,64684430,64819649,135219
32341179,64682358,64817572,135214
32337391,64674782,64809994,135212
32337255,64674510,64809704,135194
32335407,64670814,64806004,135190
32334047,64668094,64803280,135186
32331529,64663058,64798244,135186
32329267,64658534,64793708,135174
32329033,64658066,64793236,135170
32328681,64657362,64792532,135170
32327849,64655698,64790867,135169
32327067,64654134,64789298,135164
32326131,64652262,64787426,135164
32324719,64649438,64784582,135144
32323049,64646098,64781236,135138
32322719,64645438,64780576,135138
32316969,64633938,64769053,135115
32313739,64627478,64762583,135105
32313191,64626382,64761478,135096
32311103,64622206,64757297,135091
32309753,64619506,64754596,135090
32309113,64618226,64753312,135086
32307993,64615986,64751066,135080
32306639,64613278,64748353,135075
32305919,64611838,64746901,135063
32302559,64605118,64740181,135063
32300799,64601598,64736657,135059
32299739,64599478,64734532,135054
32297509,64595018,64730060,135042
32297377,64594754,64729793,135039
32294529,64589058,64724080,135022
32292255,64584510,64719520,135010
32291495,64582990,64717994,135004
32286831,64573662,64708649,134987
32286367,64572734,64707716,134982
32284159,64568318,64703291,134973
32282943,64565886,64700858,134972
32282601,64565202,64700174,134972
32278711,64557422,64692391,134969
32277641,64555282,64690244,134962
32276669,64553338,64688296,134958
32276439,64552878,64687825,134947
32275175,64550350,64685285,134935
32270591,64541182,64676110,134928
32269031,64538062,64672978,134916
32266719,64533438,64668343,134905
32263323,64526646,64661542,134896
32260969,64521938,64656817,134879
32260095,64520190,64655068,134878
32259231,64518462,64653340,134878
32258303,64516606,64651480,134874
32256907,64513814,64648682,134868
32256319,64512638,64647497,134859
32252811,64505622,64640470,134848
32247035,64494070,64628890,134820
32244617,64489234,64624049,134815
32243391,64486782,64621597,134815
32242971,64485942,64620749,134807
32240879,64481758,64616555,134797
32237671,64475342,64610134,134792
32236873,64473746,64608536,134790
32236511,64473022,64607807,134785
32235519,64471038,64605809,134771
32233641,64467282,64602046,134764
32232687,64465374,64600130,134756
32230495,64460990,64595744,134754
32228691,64457382,64592134,134752
32226815,64453630,64588378,134748
32225789,64451578,64586312,134734
32225191,64450382,64585109,134727
32221561,64443122,64577839,134717
32221275,64442550,64577263,134713
32220799,64441598,64576304,134706
32213503,64427006,64561706,134700
32213501,64427002,64561693,134691
32212153,64424306,64558988,134682
32211647,64423294,64557971,134677
32210943,64421886,64556551,134665
32208111,64416222,64550878,134656
32205823,64411646,64546294,134648
32203203,64406406,64541053,134647
32202779,64405558,64540196,134638
32199727,64399454,64534087,134633
32197135,64394270,64528900,134630
32196883,64393766,64528384,134618
32195999,64391998,64526615,134617
32194895,64389790,64524397,134607
32194047,64388094,64522688,134594
32191215,64382430,64517024,134594
32190377,64380754,64515346,134592
32189311,64378622,64513199,134577
32186593,64373186,64507756,134570
32186063,64372126,64506688,134562
32182825,64365650,64500211,134561
32182759,64365518,64500068,134550
32181979,64363958,64498508,134550
32180015,64360030,64494577,134547
32178427,64356854,64491389,134535
32177023,64354046,64488575,134529
32175443,64350886,64485413,134527
32170105,64340210,64474708,134498
32166367,64332734,64467232,134498
32166071,64332142,64466624,134482
32164007,64328014,64462486,134472
32161439,64322878,64457350,134472
32161183,64322366,64456829,134463
32160543,64321086,64455547,134461
32156479,64312958,64447400,134442
32155227,64310454,64444895,134441
32155115,64310230,64444666,134436
32152061,64304122,64438558,134436
32151019,64302038,64436458,134420
32150171,64300342,64434754,134412
32147623,64295246,64429654,134408
32145255,64290510,64424909,134399
32144639,64289278,64423666,134388
32143807,64287614,64422001,134387
32139065,64278130,64412512,134382
32138707,64277414,64411793,134379
32138267,64276534,64410902,134368
32137383,64274766,64409134,134368
32137215,64274430,64408792,134362
32136551,64273102,64407460,134358
32132303,64264606,64398959,134353
32131751,64263502,64397855,134353
32131743,64263486,64397834,134348
32131239,64262478,64396822,134344
32130907,64261814,64396154,134340
32129519,64259038,64393366,134328
32127201,64254402,64388722,134320
32126191,64252382,64386701,134319
32123903,64247806,64382114,134308
32123631,64247262,64381570,134308
32123599,64247198,64381504,134306
32122153,64244306,64378610,134304
32121087,64242174,64376477,134303
32119019,64238038,64372333,134295
32118761,64237522,64371806,134284
32117919,64235838,64370116,134278
32115255,64230510,64364786,134276
32112487,64224974,64359242,134268
32111337,64222674,64356938,134264
32110311,64220622,64354873,134251
32108541,64217082,64351331,134249
32103039,64206078,64340324,134246
32101703,64203406,64337632,134226
32099837,64199674,64333888,134214
32099199,64198398,64332605,134207
32098073,64196146,64330348,134202
32096591,64193182,64327376,134194
32094823,64189646,64323839,134193
32093759,64187518,64321702,134184
32093679,64187358,64321540,134182
32093287,64186574,64320754,134180
32092879,64185758,64319935,134177
32091855,64183710,64317887,134177
32090239,64180478,64314646,134168
32088175,64176350,64310512,134162
32085351,64170702,64304849,134147
32083103,64166206,64300342,134136
32080923,64161846,64295977,134131
32080617,64161234,64295360,134126
32078761,64157522,64291646,134124
32077247,64154494,64288606,134112
32073343,64146686,64280783,134097
32069531,64139062,64273144,134082
32068521,64137042,64271117,134075
32067999,64135998,64270070,134072
32065449,64130898,64264961,134063
32060727,64121454,64255513,134059
32057595,64115190,64249219,134029
32055631,64111262,64245287,134025
32052463,64104926,64238941,134015
32049127,64098254,64232266,134012
32048467,64096934,64230928,133994
32047911,64095822,64229809,133987
32047431,64094862,64228847,133985
32046875,64093750,64227730,133980
32044315,64088630,64222607,133977
32041279,64082558,64216529,133971
32040447,64080894,64214855,133961
32039819,64079638,64213597,133959
32039399,64078798,64212757,133959
32037501,64075002,64208948,133946
32036711,64073422,64207360,133938
32034815,64069630,64203563,133933
32032895,64065790,64199719,133929
32032191,64064382,64198304,133922
32031775,64063550,64197470,133920
32028355,64056710,64190627,133917
32027675,64055350,64189264,133914
32027127,64054254,64188160,133906
32026665,64053330,64187228,133898
32025063,64050126,64184021,133895
32023435,64046870,64180760,133890
32022559,64045118,64179004,133886
32021951,64043902,64177787,133885
32021641,64043282,64177163,133881
32021275,64042550,64176425,133875
32019593,64039186,64173059,133873
32017215,64034430,64168289,133859
32016487,64032974,64166828,133854
32014447,64028894,64162738,133844
32011503,64023006,64156840,133834
32009455,64018910,64152742,133832
32006303,64012606,64146421,133815
32003255,64006510,64140319,133809
32000489,64000978,64134772,133794
32000239,64000478,64134268,133790
31999231,63998462,64132246,133784
31997567,63995134,64128914,133780
31996647,63993294,64127066,133772
31996399,63992798,64126570,133772
31996063,63992126,64125898,133772
31992713,63985426,64119185,133759
31987919,63975838,64109582,133744
31987625,63975250,64108991,133741
31986003,63972006,64105739,133733
31985735,63971470,64105202,133732
31984937,63969874,64103606,133732
31981415,63962830,64096541,133711
31978297,63956594,64090304,133710
31978209,63956418,64090114,133696
31977471,63954942,64088638,133696
31976479,63952958,64086647,133689
31972329,63944658,64078342,133684
31971007,63942014,64075688,133674
31969391,63938782,64072444,133662
31968511,63937022,64070684,133662
31968239,63936478,64070134,133656
31967471,63934942,64068592,133650
31965367,63930734,64064384,133650
31964799,63929598,64063244,133646
31964315,63928630,64062272,133642
31963227,63926454,64060091,133637
31961769,63923538,64057169,133631
31961179,63922358,64055981,133623
31960703,63921406,64055026,133620
31959551,63919102,64052720,133618
31955839,63911678,64045282,133604
31953535,63907070,64040674,133604
31953321,63906642,64040240,133598
31952199,63904398,64037992,133594
31951899,63903798,64037384,133586
31948457,63896914,64030490,133576
31948191,63896382,64029950,133568
31947247,63894494,64028060,133566
31947129,63894258,64027823,133565
31946011,63892022,64025587,133565
31944887,63889774,64023331,133557
31941111,63882222,64015768,133546
31939071,63878142,64011680,133538
31939039,63878078,64011608,133530
31935773,63871546,64005074,133528
31934633,63869266,64002784,133518
31933471,63866942,64000459,133517
31933247,63866494,64000006,133512
31930281,63860562,63994058,133496
31927251,63854502,63987992,133490
31926665,63853330,63986819,133489
31926271,63852542,63986021,133479
31925999,63851998,63985475,133477
31922503,63845006,63978478,133472
31921947,63843894,63977359,133465
31921131,63842262,63975724,133462
31920297,63840594,63974056,133462
31919975,63839950,63973399,133449
31916599,63833198,63966638,133440
31913375,63826750,63960182,133432
31913299,63826598,63960025,133427
31912383,63824766,63958193,133427
31909103,63818206,63951619,133413
31908577,63817154,63950566,133412
31904071,63808142,63941534,133392
31902399,63804798,63938180,133382
31901049,63802098,63935480,133382
31899419,63798838,63932203,133365
31898111,63796222,63929581,133359
31894375,63788750,63922094,133344
31887827,63775654,63908986,133332
31887087,63774174,63907489,133315
31884671,63769342,63902645,133303
31882857,63765714,63899012,133298
31880505,63761010,63894302,133292
31878811,63757622,63890903,133281
31876591,63753182,63886457,133275
31874407,63748814,63882074,133260
31870671,63741342,63874588,133246
31869287,63738574,63871814,133240
31864991,63729982,63863201,133219
31862631,63725262,63858473,133211
31858921,63717842,63851041,133199
31857663,63715326,63848518,133192
31848859,63697718,63830882,133164
31847151,63694302,63827464,133162
31846491,63692982,63826139,133157
31844905,63689810,63822958,133148
31844799,63689598,63822740,133142
31843497,63686994,63820129,133135
31842463,63684926,63818057,133131
31840415,63680830,63813949,133119
31840027,63680054,63813172,133118
31838889,63677778,63810889,133111
31838111,63676222,63809333,133111
31837801,63675602,63808712,133110
31836513,63673026,63806135,133109
31834091,63668182,63801290,133108
31833579,63667158,63800254,133096
31832575,63665150,63798244,133094
31830783,63661566,63794654,133088
31830267,63660534,63793615,133081
31828873,63657746,63790826,133080
31828777,63657554,63790631,133077
31828423,63656846,63789920,133074
31828219,63656438,63789506,133068
31825663,63651326,63784381,133055
31824543,63649086,63782138,133052
31819547,63639094,63772136,133042
31819091,63638182,63771214,133032
31817727,63635454,63768478,133024
31815955,63631910,63764929,133019
31813479,63626958,63759964,133006
31812095,63624190,63757192,133002
31808991,63617982,63750974,132992
31804327,63608654,63741640,132986
31803643,63607286,63740270,132984
31803433,63606866,63739835,132969
31801679,63603358,63736322,132964
31801287,63602574,63735535,132961
31799327,63598654,63731605,132951
31797071,63594142,63727082,132940
31796463,63592926,63725866,132940
31795451,63590902,63723836,132934
31794847,63589694,63722621,132927
31792987,63585974,63718900,132926
31791415,63582830,63715754,132924
31789961,63579922,63712846,132924
31789375,63578750,63711670,132920
31788191,63576382,63709294,132912
31785961,63571922,63704819,132897
31785287,63570574,63703462,132888
31783879,63567758,63700643,132885
31781281,63562562,63695444,132882
31780635,63561270,63694144,132874
31779497,63558994,63691864,132870
31779327,63558654,63691523,132869
31778303,63556606,63689465,132859
31775199,63550398,63683246,132848
31773695,63547390,63680228,132838
31771803,63543606,63676439,132833
31770363,63540726,63673559,132833
31769577,63539154,63671978,132824
31767529,63535058,63667876,132818
31765535,63531070,63663880,132810
31763303,63526606,63659411,132805
31762427,63524854,63657649,132795
31761135,63522270,63655064,132794
31760383,63520766,63653554,132788
31759433,63518866,63651653,132787
31759337,63518674,63651460,132786
31758247,63516494,63649271,132777
31756191,63512382,63645154,132772
31755561,63511122,63643894,132772
31755135,63510270,63643034,132764
31754921,63509842,63642602,132760
31753583,63507166,63639923,132757
31751165,63502330,63635084,132754
31748991,63497982,63630736,132754
31748967,63497934,63630668,132734
31745343,63490686,63623410,132724
31740139,63480278,63612982,132704
31738367,63476734,63609425,132691
31736859,63473718,63606404,132686
31734777,63469554,63602236,132682
31733417,63466834,63599516,132682
31732383,63464766,63597436,132670
31728041,63456082,63588731,132649
31727103,63454206,63586853,132647
31722479,63444958,63577600,132642
31721579,63443158,63575783,132625
31719801,63439602,63572222,132620
31719039,63438078,63570691,132613
31717119,63434238,63566840,132602
31714943,63429886,63562486,132600
31713791,63427582,63560173,132591
31712747,63425494,63558080,132586
31711975,63423950,63556532,132582
31708093,63416186,63548756,132570
31706679,63413358,63545921,132563
31706111,63412222,63544780,132558
31704091,63408182,63540731,132549
31702633,63405266,63537814,132548
31698771,63397542,63530086,132544
31698651,63397302,63529846,132544
31697523,63395046,63527578,132532
31696667,63393334,63525865,132531
31695871,63391742,63524270,132528
31695739,63391478,63524006,132528
31692403,63384806,63517324,132518
31692319,63384638,63517148,132510
31691431,63382862,63515360,132498
31688571,63377142,63509633,132491
31687147,63374294,63506780,132486
31685799,63371598,63504076,132478
31683543,63367086,63499558,132472
31682671,63365342,63497803,132461
31679215,63358430,63490888,132458
31676539,63353078,63485518,132440
31675391,63350782,63483211,132429
31672495,63344990,63477418,132428
31672487,63344974,63477395,132421
31670271,63340542,63472952,132410
31669439,63338878,63471280,132402
31665839,63331678,63464078,132400
31665403,63330806,63463198,132392
31663595,63327190,63459571,132381
31662319,63324638,63457019,132381
31660523,63321046,63453419,132373
31657961,63315922,63448292,132370
31656691,63313382,63445738,132356
31656399,63312798,63445153,132355
31655399,63310798,63443152,132354
31651999,63303998,63436327,132329
31648745,63297490,63429814,132324
31648223,63296446,63428764,132318
31646889,63293778,63426088,132310
31645391,63290782,63423091,132309
31643391,63286782,63419074,132292
31640731,63281462,63413750,132288
31640679,63281358,63413639,132281
31638527,63277054,63409331,132277
31638375,63276750,63409027,132277
31636251,63272502,63404768,132266
31631099,63262198,63394448,132250
31626071,63252142,63384388,132246
31625511,63251022,63383260,132238
31622937,63245874,63378106,132232
31620435,63240870,63373069,132199
31618331,63236662,63368854,132192
31615159,63230318,63362500,132182
31614975,63229950,63362128,132178
31613895,63227790,63359968,132178
31610633,63221266,63353425,132159
31607295,63214590,63346738,132148
31606143,63212286,63344429,132143
31603135,63206270,63338398,132128
31600183,63200366,63332482,132116
31597295,63194590,63326698,132108
31595497,63190994,63323093,132099
31593755,63187510,63319603,132093
31592191,63184382,63316475,132093
31590567,63181134,63313216,132082
31589601,63179202,63311276,132074
31588617,63177234,63309307,132073
31588123,63176246,63308314,132068
31586463,63172926,63304993,132067
31585279,63170558,63302614,132056
31583999,63167998,63300046,132048
31582889,63165778,63297826,132048
31582585,63165170,63297217,132047
31579219,63158438,63290477,132039
31578631,63157262,63289295,132033
31577527,63155054,63287081,132027
31573787,63147574,63279577,132003
31571739,63143478,63275480,132002
31571053,63142106,63274105,131999
31568743,63137486,63269483,131997
31568111,63136222,63268208,131986
31567265,63134530,63266516,131986
31565135,63130270,63262246,131976
31563657,63127314,63259283,131969
31561007,63122014,63253970,131956
31558199,63116398,63248344,131946
31557959,63115918,63247862,131944
31557631,63115262,63247198,131936
31556329,63112658,63244592,131934
31555241,63110482,63242410,131928
31555007,63110014,63241942,131928
31554215,63108430,63240355,131925
31552927,63105854,63237779,131925
31552225,63104450,63236374,131924
31552031,63104062,63235981,131919
31550767,63101534,63233450,131916
31549759,63099518,63231425,131907
31545847,63091694,63223591,131897
31545323,63090646,63222536,131890
31544063,63088126,63220009,131883
31542265,63084530,63216406,131876
31541287,63082574,63214450,131876
31538335,63076670,63208538,131868
31534227,63068454,63200308,131854
31532713,63065426,63197258,131832
31528617,63057234,63189058,131824
31525001,63050002,63181816,131814
31523227,63046454,63178262,131808
31522559,63045118,63176923,131805
31522003,63044006,63175799,131793
31520047,63040094,63171880,131786
31517727,63035454,63167228,131774
31514671,63029342,63161102,131760
31513851,63027702,63159461,131759
31512191,63024382,63156136,131754
31510847,63021694,63153445,131751
31510675,63021350,63153095,131745
31509235,63018470,63150212,131742
31504423,63008846,63140564,131718
31503935,63007870,63139588,131718
31499167,62998334,63130045,131711
31497983,62995966,63127664,131698
31497799,62995598,63127295,131697
31497791,62995582,63127277,131695
31497575,62995150,63126836,131686
31496511,62993022,63124708,131686
31494899,62989798,63121480,131682
31493247,62986494,63118168,131674
31491837,62983674,63115348,131674
31486431,62972862,63104503,131641
31483561,62967122,63098756,131634
31482687,62965374,63097006,131632
31482559,62965118,63096748,131630
31481513,62963026,63094646,131620
31476761,62953522,63085127,131605
31474431,62948862,63080461,131599
31473839,62947678,63079270,131592
31470927,62941854,63073441,131587
31470267,62940534,63072121,131587
31468795,62937590,63069160,131570
31466463,62932926,63064487,131561
31465471,62930942,63062495,131553
31464575,62929150,63060700,131550
31464143,62928286,63059833,131547
31459567,62919134,63050660,131526
31456737,62913474,63044999,131525
31456199,62912398,63043918,131520
31455187,62910374,63041888,131514
31453423,62906846,63038351,131505
31452927,62905854,63037358,131504
31449447,62898894,63030383,131489
31445847,62891694,63023177,131483
31445199,62890398,63021872,131474
31440875,62881750,63013214,131464
31439643,62879286,63010750,131464
31439055,62878110,63009566,131456
31438847,62877694,63009142,131448
31436635,62873270,63004706,131436
31434367,62868734,63000160,131426
31431657,62863314,62994725,131411
31429359,62858718,62990122,131404
31427237,62854474,62985874,131400
31425385,62850770,62982166,131396
31425215,62850430,62981819,131389
31423091,62846182,62977571,131389
31422623,62845246,62976617,131371
31419631,62839262,62970622,131360
31418847,62837694,62969051,131357
31416091,62832182,62963534,131352
31415015,62830030,62961376,131346
31414895,62829790,62961131,131341
31413415,62826830,62958169,131339
31412065,62824130,62955467,131337
31409705,62819410,62950745,131335
31408953,62817906,62949236,131330
31408239,62816478,62947799,131321
31407785,62815570,62946881,131311
31407047,62814094,62945404,131310
31404371,62808742,62940041,131299
31402639,62805278,62936572,131294
31402223,62804446,62935732,131286
31399147,62798294,62929574,131280
31398911,62797822,62929096,131274
31397943,62795886,62927158,131272
31396705,62793410,62924678,131268
31393759,62787518,62918785,131267
31392545,62785090,62916353,131263
31391591,62783182,62914427,131245
31390823,62781646,62912884,131238
31389311,62778622,62909854,131232
31387785,62775570,62906800,131230
31386887,62773774,62905000,131226
31386079,62772158,62903378,131220
31383547,62767094,62898308,131214
31380123,62760246,62891440,131194
31377023,62754046,62885240,131194
31376895,62753790,62884984,131194
31376231,62752462,62883647,131185
31375643,62751286,62882464,131178
31374087,62748174,62879347,131173
31373639,62747278,62878450,131172
31372447,62744894,62876056,131162
31369897,62739794,62870944,131150
31367583,62735166,62866312,131146
31366811,62733622,62864768,131146
31366143,62732286,62863420,131134
31361983,62723966,62855099,131133
31360139,62720278,62851409,131131
31358975,62717950,62849054,131104
31356591,62713182,62844281,131099
31355647,62711294,62842390,131096
31352831,62705662,62836748,131086
31352185,62704370,62835452,131082
31351451,62702902,62833984,131082
31348961,62697922,62828990,131068
31348895,62697790,62828858,131068
31347197,62694394,62825462,131068
31345775,62691550,62822606,131056
31343231,62686462,62817502,131040
31340635,62681270,62812300,131030
31337563,62675126,62806144,131018
31336105,62672210,62803222,131012
31333787,62667574,62798584,131010
31331775,62663550,62794547,130997
31329375,62658750,62789740,130990
31326959,62653918,62784902,130984
31326483,62652966,62783948,130982
31324655,62649310,62780275,130965
31320741,62641482,62772436,130954
31320575,62641150,62772094,130944
31320063,62640126,62771066,130940
31319071,62638142,62769082,130940
31318015,62636030,62766962,130932
31310695,62621390,62752318,130928
31309783,62619566,62750488,130922
31309471,62618942,62749849,130907
31306237,62612474,62743369,130895
31302269,62604538,62735417,130879
31302123,62604246,62735123,130877
31299561,62599122,62729984,130862
31297703,62595406,62726254,130848
31295483,62590966,62721806,130840
31295031,62590062,62720902,130840
31293751,62587502,62718340,130838
31291617,62583234,62714068,130834
31290815,62581630,62712454,130824
31290607,62581214,62712038,130824
31289455,62578910,62709731,130821
31285951,62571902,62702704,130802
31283177,62566354,62697143,130789
31280447,62560894,62691671,130777
31278571,62557142,62687912,130770
31276041,62552082,62682848,130766
31274143,62548286,62679040,130754
31273983,62547966,62678719,130753
31272607,62545214,62675965,130751
31272447,62544894,62675639,130745
31271323,62542646,62673385,130739
31269503,62539006,62669738,130732
31266587,62533174,62663902,130728
31266239,62532478,62663195,130717
31264927,62529854,62660569,130715
31262653,62525306,62656021,130715
31262491,62524982,62655686,130704
31260519,62521038,62651734,130696
31258783,62517566,62648252,130686
31258153,62516306,62646989,130683
31257343,62514686,62645368,130682
31255719,62511438,62642116,130678
31255551,62511102,62641775,130673
31251529,62503058,62633722,130664
31250911,62501822,62632480,130658
31247913,62495826,62626472,130646
31244315,62488630,62619268,130638
31243455,62486910,62617535,130625
31243263,62486526,62617148,130622
31240415,62480830,62611451,130621
31240161,62480322,62610938,130616
31240135,62480270,62610884,130614
31238909,62477818,62608426,130608
31237791,62475582,62606186,130604
31237611,62475222,62605822,130600
31235867,62471734,62602325,130591
31231999,62463998,62594576,130578
31229519,62459038,62589613,130575
31225279,62450558,62581103,130545
31221631,62443262,62573797,130535
31221047,62442094,62572628,130534
31220223,62440446,62570972,130526
31219455,62438910,62569435,130525
31217383,62434766,62565286,130520
31216103,62432206,62562725,130519
31215087,62430174,62560687,130513
31213735,62427470,62557972,130502
31210151,62420302,62550797,130495
31206377,62412754,62543234,130480
31205353,62410706,62541184,130478
31204843,62409686,62540153,130467
31203155,62406310,62536772,130462
31202415,62404830,62535292,130462
31198927,62397854,62528314,130460
31196607,62393214,62523656,130442
31196095,62392190,62522624,130434
31195839,62391678,62522101,130423
31194559,62389118,62519539,130421
31192495,62384990,62515408,130418
31190375,62380750,62511154,130404
31190047,62380094,62510498,130404
31188655,62377310,62507710,130400
31186543,62373086,62503483,130397
31185405,62370810,62501200,130390
31183805,62367610,62497990,130380
31183265,62366530,62496908,130378
31180907,62361814,62492182,130368
31179177,62358354,62488721,130367
31178991,62357982,62488348,130366
31178219,62356438,62486789,130351
31173289,62346578,62476919,130341
31172143,62344286,62474611,130325
31169771,62339542,62469863,130321
31167979,62335958,62466265,130307
31166007,62332014,62462315,130301
31165467,62330934,62461231,130297
31162111,62324222,62454503,130281
31160697,62321394,62451674,130280
31159027,62318054,62448329,130275
31158015,62316030,62446297,130267
31156071,62312142,62442404,130262
31155337,62310674,62440936,130262
31155231,62310462,62440720,130258
31154175,62308350,62438606,130256
31152731,62305462,62435711,130249
31151871,62303742,62433983,130241
31149415,62298830,62429066,130236
31145867,62291734,62421965,130231
31145263,62290526,62420741,130215
31143423,62286846,62417051,130205
31142079,62284158,62414363,130205
31140065,62280130,62410328,130198
31136487,62272974,62403160,130186
31136191,62272382,62402561,130179
31133543,62267086,62397253,130167
31133239,62266478,62396644,130166
31131823,62263646,62393803,130157
31129007,62258014,62388170,130156
31124097,62248194,62378333,130139
31122247,62244494,62374616,130122
31118895,62237790,62367898,130108
31118207,62236414,62366512,130098
31114943,62229886,62359982,130096
31110483,62220966,62351054,130088
31109791,62219582,62349662,130080
31108627,62217254,62347325,130071
31105051,62210102,62340172,130070
31103067,62206134,62336198,130064
31102505,62205010,62335060,130050
31101599,62203198,62333230,130032
31097055,62194110,62324126,130016
31096831,62193662,62323672,130010
31094503,62189006,62319014,130008
31091439,62182878,62312869,129991
31088335,62176670,62306656,129986
31087259,62174518,62304502,129984
31087159,62174318,62304299,129981
31084153,62168306,62298286,129980
31083513,62167026,62297003,129977
31083259,62166518,62296492,129974
31082451,62164902,62294872,129970
31082139,62164278,62294231,129953
31082031,62164062,62294009,129947
31078047,62156094,62286028,129934
31077225,62154450,62284384,129934
31074303,62148606,62278528,129922
31072895,62145790,62275706,129916
31068927,62137854,62267746,129892
31067703,62135406,62265298,129892
31065919,62131838,62261723,129885
31064063,62128126,62257997,129871
31062887,62125774,62255642,129868
31062683,62125366,62255233,129867
31061711,62123422,62253289,129867
31061151,62122302,62252165,129863
31060255,62120510,62250373,129863
31059207,62118414,62248270,129856
31056615,62113230,62243083,129853
31055567,62111134,62240974,129840
31054335,62108670,62238500,129830
31050991,62101982,62231804,129822
31049791,62099582,62229404,129822
31046719,62093438,62223245,129807
31044943,62089886,62219681,129795
31042383,62084766,62214560,129794
31042301,62084602,62214394,129792
31041761,62083522,62213303,129781
31040169,62080338,62210111,129773
31039983,62079966,62209739,129773
31036905,62073810,62203571,129761
31033311,62066622,62196373,129751
31032297,62064594,62194337,129743
31029659,62059318,62189056,129738
31027247,62054494,62184227,129733
31026335,62052670,62182403,129733
31025255,62050510,62180222,129712
31023311,62046622,62176334,129712
31023047,62046094,62175800,129706
31022887,62045774,62175479,129705
31022079,62044158,62173858,129700
31019007,62038014,62167699,129685
31014399,62028798,62158466,129668
31012007,62024014,62153680,129666
31011167,62022334,62151995,129661
31010759,62021518,62151178,129660
31007771,62015542,62145184,129642
31004799,62009598,62139223,129625
31000475,62000950,62130575,129625
30999335,61998670,62128282,129612
30996975,61993950,62123557,129607
30995177,61990354,62119943,129589
30993279,61986558,62116136,129578
30992795,61985590,62115167,129577
30992439,61984878,62114455,129577
30990463,61980926,62110493,129567
30988351,61976702,62106263,129561
30987241,61974482,62104043,129561
30984105,61968210,62097754,129544
30982127,61964254,62093794,129540
30981735,61963470,62093000,129530
30979297,61958594,62088122,129528
30978299,61956598,62086112,129514
30974943,61949886,62079389,129503
30972769,61945538,62075038,129500
30971645,61943290,62072783,129493
30970857,61941714,62071201,129487
30968543,61937086,62066573,129487
30967911,61935822,62065294,129472
30965673,61931346,62060807,129461
30963433,61926866,62056325,129459
30962535,61925070,62054518,129448
30960999,61921998,62051438,129440
30957023,61914046,62043472,129426
30953889,61907778,62037200,129422
30951359,61902718,62032126,129408
30951143,61902286,62031694,129408
30947099,61894198,62023580,129382
30945279,61890558,62019935,129377
30942655,61885310,62014679,129369
30941181,61882362,62011727,129365
30940255,61880510,62009873,129363
30939639,61879278,62008636,129358
30936743,61873486,62002834,129348
30935039,61870078,61999412,129334
30928129,61856258,61985587,129329
30927955,61855910,61985216,129306
30925851,61851702,61981001,129299
30923471,61846942,61976227,129285
30920283,61840566,61969841,129275
30919673,61839346,61968620,129274
30918931,61837862,61967134,129272
30916715,61833430,61962700,129270
30915695,61831390,61960645,129255
30914089,61828178,61957426,129248
30912763,61825526,61954774,129248
30910235,61820470,61949716,129246
30909417,61818834,61948072,129238
30907839,61815678,61944910,129232
30907199,61814398,61943629,129231
30904735,61809470,61938697,129227
30903787,61807574,61936798,129224
30903049,61806098,61935317,129219
30902441,61804882,61934098,129216
30901919,61803838,61933036,129198
30901739,61803478,61932676,129198
30900715,61801430,61930622,129192
30898647,61797294,61926484,129190
30897871,61795742,61924931,129189
30897599,61795198,61924378,129180
30892799,61785598,61914760,129162
30892031,61784062,61913216,129154
30889755,61779510,61908664,129154
30887167,61774334,61903480,129146
30886315,61772630,61901764,129134
30885659,61771318,61900444,129126
30884577,61769154,61898279,129125
30883431,61766862,61895987,129125
30883327,61766654,61895770,129116
30880895,61761790,61890905,129115
30880815,61761630,61890743,129113
30880039,61760078,61889186,129108
30879995,61759990,61889096,129106
30877031,61754062,61883162,129100
30876991,61753982,61883080,129098
30873647,61747294,61876379,129085
30873295,61746590,61875670,129080
30872815,61745630,61874710,129080
30870951,61741902,61870972,129070
30868463,61736926,61865990,129064
30867453,61734906,61863959,129053
30866431,61732862,61861912,129050
30863999,61727998,61857038,129040
30860847,61721694,61850729,129035
30859431,61718862,61847879,129017
30854811,61709622,61838626,129004
30852335,61704670,61833671,129001
30851127,61702254,61831244,128990
30848999,61697998,61826986,128988
30848543,61697086,61826060,128974
30847135,61694270,61823240,128970
30846113,61692226,61821196,128970
30845305,61690610,61819571,128961
30843371,61686742,61815694,128952
30843039,61686078,61815028,128950
30839835,61679670,61808615,128945
30838783,61677566,61806496,128930
30836639,61673278,61802207,128929
30833961,61667922,61796842,128920
30833767,61667534,61796452,128918
30832383,61664766,61793684,128918
30831847,61663694,61792604,128910
30829727,61659454,61788349,128895
30828543,61657086,61785976,128890
30828011,61656022,61784912,128890
30826855,61653710,61782596,128886
30824569,61649138,61778018,128880
30823855,61647710,61776589,128879
30819791,61639582,61768444,128862
30819431,61638862,61767724,128862
30819199,61638398,61767254,128856
30816425,61632850,61761700,128850
30815903,61631806,61760644,128838
30815679,61631358,61760195,128837
30814751,61629502,61758337,128835
30813439,61626878,61755709,128831
30811873,61623746,61752571,128825
30811625,61623250,61752071,128821
30810447,61620894,61749710,128816
30807279,61614558,61743370,128812
30805669,61611338,61740146,128808
30804535,61609070,61737874,128804
30804075,61608150,61736941,128791
30801897,61603794,61732582,128788
30799699,61599398,61728176,128778
30798269,61596538,61725311,128773
30797983,61595966,61724734,128768
30796095,61592190,61720942,128752
30794745,61589490,61718240,128750
30791931,61583862,61712608,128746
30789055,61578110,61706843,128733
30787753,61575506,61704232,128726
30785535,61571070,61699781,128711
30783487,61566974,61695682,128708
30782555,61565110,61693805,128695
30778921,61557842,61686524,128682
30777683,61555366,61684048,128682
30775547,61551094,61679762,128668
30773915,61547830,61676489,128659
30770515,61541030,61669684,128654
30767481,61534962,61663610,128648
30766495,61532990,61661626,128636
30766171,61532342,61660978,128636
30764713,61529426,61658048,128622
30763335,61526670,61655285,128615
30763247,61526494,61655108,128614
30758315,61516630,61645234,128604
30755311,61510622,61639216,128594
30755243,61510486,61639076,128590
30754729,61509458,61638046,128588
30754547,61509094,61637681,128587
30754463,61508926,61637503,128577
30751463,61502926,61631491,128565
30750255,61500510,61629074,128564
30748115,61496230,61624793,128563
30747607,61495214,61623773,128559
30746281,61492562,61621114,128552
30744065,61488130,61616675,128545
30742855,61485710,61614245,128535
30738175,61476350,61604872,128522
30737975,61475950,61604470,128520
30735595,61471190,61599703,128513
30735433,61470866,61599374,128508
30731017,61462034,61590536,128502
30730087,61460174,61588652,128478
30727647,61455294,61583764,128470
30725611,61451222,61579690,128468
30723705,61447410,61575875,128465
30722843,61445686,61574146,128460
30722495,61444990,61573445,128455
30722423,61444846,61573298,128452
30721307,61442614,61571054,128440
30718847,61437694,61566131,128437
30717865,61435730,61564159,128429
30715035,61430070,61558487,128417
30714267,61428534,61556948,128414
30713855,61427710,61556116,128406
30711807,61423614,61552012,128398
30709531,61419062,61547455,128393
30706681,61413362,61541750,128388
30703719,61407438,61535806,128368
30702767,61405534,61533899,128365
30699839,61399678,61528030,128352
30698855,61397710,61526060,128350
30697723,61395446,61523792,128346
30696927,61393854,61522198,128344
30695515,61391030,61519372,128342
30695251,61390502,61518836,128334
30693499,61386998,61515325,128327
30692607,61385214,61513534,128320
30691327,61382654,61510970,128316
30687935,61375870,61504181,128311
30687551,61375102,61503407,128305
30687003,61374006,61502308,128302
30685977,61371954,61500256,128302
30685373,61370746,61499047,128301
30685275,61370550,61498838,128288
30684955,61369910,61498198,128288
30681865,61363730,61492016,128286
30680555,61361110,61489385,128275
30677675,61355350,61483616,128266
30676105,61352210,61480466,128256
30674075,61348150,61476406,128256
30673787,61347574,61475824,128250
30672809,61345618,61473860,128242
30671015,61342030,61470272,128242
30670305,61340610,61468846,128236
30669025,61338050,61466282,128232
30668265,61336530,61464755,128225
30666367,61332734,61460957,128223
30665499,61330998,61459216,128218
30665385,61330770,61458976,128206
30661895,61323790,61451989,128199
30660223,61320446,61448633,128187
30655939,61311878,61440059,128181
30654663,61309326,61437491,128165
30653595,61307190,61435354,128164
30652655,61305310,61433468,128158
30649967,61299934,61428091,128157
30648969,61297938,61426084,128146
30648431,61296862,61424999,128137
30648411,61296822,61424957,128135
30645787,61291574,61419703,128129
30644219,61288438,61416563,128125
30643527,61287054,61415171,128117
30641119,61282238,61410352,128114
30640297,61280594,61408705,128111
30639743,61279486,61407586,128100
30637403,61274806,61402900,128094
30637215,61274430,61402522,128092
30637167,61274334,61402426,128092
30634603,61269206,61397293,128087
30632447,61264894,61392964,128070
30632047,61264094,61392160,128066
30631551,61263102,61391168,128066
30626473,61252946,61380992,128046
30625417,61250834,61378877,128043
30624635,61249270,61377313,128043
30623003,61246006,61374041,128035
30622491,61244982,61373015,128033
30622199,61244398,61372430,128032
30622191,61244382,61372411,128029
30621631,61243262,61371287,128025
30619903,61239806,61367831,128025
30619647,61239294,61367306,128012
30618303,61236606,61364618,128012
30616575,61233150,61361150,128000
30614975,61229950,61357949,127999
30613097,61226194,61354186,127992
30612791,61225582,61353574,127992
30611433,61222866,61350856,127990
30609255,61218510,61346488,127978
30608041,61216082,61344052,127970
30607687,61215374,61343342,127968
30606803,61213606,61341572,127966
30603775,61207550,61335506,127956
30603423,61206846,61334792,127946
30602599,61205198,61333141,127943
30596607,61193214,61321157,127943
30594047,61188094,61316003,127909
30589631,61179262,61307170,127908
30588775,61177550,61305443,127893
30587327,61174654,61302545,127891
30585081,61170162,61298039,127877
30583527,61167054,61294927,127873
30581787,61163574,61291430,127856
30580735,61161470,61289320,127850
30578847,61157694,61285538,127844
30575879,61151758,61279600,127842
30574729,61149458,61277296,127838
30573843,61147686,61275521,127835
30572647,61145294,61273118,127824
30572541,61145082,61272902,127820
30569769,61139538,61267354,127816
30568295,61136590,61264390,127800
30566399,61132798,61260590,127792
30561417,61122834,61250609,127775
30559999,61119998,61247771,127773
30556713,61113426,61241194,127768
30556215,61112430,61240198,127768
30555887,61111774,61239527,127753
30553977,61107954,61235698,127744
30552617,61105234,61232978,127744
30551887,61103774,61231516,127742
30551551,61103102,61230842,127740
30550107,61100214,61227940,127726
30548857,61097714,61225438,127724
30547739,61095478,61223200,127722
30547105,61094210,61221928,127718
30544703,61089406,61217116,127710
30544367,61088734,61216438,127704
30541915,61083830,61211533,127703
30541055,61082110,61209800,127690
30537257,61074514,61202186,127672
30534503,61069006,61196668,127662
30534363,61068726,61196386,127660
30533055,61066110,61193762,127652
30528603,61057206,61184846,127640
30527391,61054782,61182415,127633
30524691,61049382,61177013,127631
30524487,61048974,61176598,127624
30520457,61040914,61168516,127602
30519337,61038674,61166272,127598
30518911,61037822,61165420,127598
30518355,61036710,61164308,127598
30517503,61035006,61162597,127591
30517375,61034750,61162337,127587
30511841,61023682,61151267,127585
30511673,61023346,61150918,127572
30511049,61022098,61149665,127567
30510079,61020158,61147718,127560
30508329,61016658,61144217,127559
30506665,61013330,61140886,127556
30506537,61013074,61140619,127545
30505087,61010174,61137709,127535
30503649,61007298,61134833,127535
30500479,61000958,61128479,127521
30499327,60998654,61126168,127514
30496679,60993358,61120870,127512
30496383,60992766,61120271,127505
30490951,60981902,61109387,127485
30490239,60980478,61107949,127471
30485385,60970770,61098229,127459
30481127,60962254,61089704,127450
30480591,60961182,61088632,127450
30479979,60959958,61087405,127447
30479003,60958006,61085432,127426
30477473,60954946,61082369,127423
30477183,60954366,61081787,127421
30476199,60952398,61079818,127420
30475091,60950182,61077598,127416
30472701,60945402,61072811,127409
30468455,60936910,61064293,127383
30467583,60935166,61062545,127379
30466815,60933630,61061006,127376
30465337,60930674,61058050,127376
30463999,60927998,61055369,127371
30463543,60927086,61054451,127365
30461799,60923598,61050952,127354
30459439,60918878,61046224,127346
30459391,60918782,61046128,127346
30458235,60916470,61043815,127345
30454175,60908350,61035686,127336
30453851,60907702,61035038,127336
30453407,60906814,61034138,127324
30452031,60904062,61031377,127315
30450089,60900178,61027492,127314
30446727,60893454,61020755,127301
30445735,60891470,61018760,127290
30444411,60888822,61016110,127288
30443455,60886910,61014197,127287
30443273,60886546,61013830,127284
30442943,60885886,61013161,127275
30438739,60877478,61004747,127269
30436815,60873630,61000888,127258
30435327,60870654,60997900,127246
30430631,60861262,60988502,127240
30430447,60860894,60988126,127232
30428115,60856230,60983462,127232
30427807,60855614,60982832,127218
30427463,60854926,60982141,127215
30422355,60844710,60971920,127210
30421113,60842226,60969428,127202
30419835,60839670,60966863,127193
30419623,60839246,60966431,127185
30418943,60837886,60965060,127174
30417065,60834130,60961304,127174
30415007,60830014,60957178,127164
30414463,60828926,60956090,127164
30414049,60828098,60955258,127160
30413823,60827646,60954802,127156
30412827,60825654,60952807,127153
30409819,60819638,60946784,127146
30408223,60816446,60943589,127143
30406175,60812350,60939485,127135
30406143,60812286,60939418,127132
30405161,60810322,60937444,127122
30404905,60809810,60936931,127121
30401919,60803838,60930952,127114
30401071,60802142,60929252,127110
30400231,60800462,60927572,127110
30398951,60797902,60925000,127098
30397695,60795390,60922480,127090
30394991,60789982,60917059,127077
30393583,60787166,60914236,127070
30391015,60782030,60909095,127065
30385871,60771742,60898792,127050
30385727,60771454,60898504,127050
30385145,60770290,60897329,127039
30382875,60765750,60892775,127025
30377855,60755710,60882718,127008
30374695,60749390,60876394,127004
30373279,60746558,60873542,126984
30371135,60742270,60869248,126978
30369151,60738302,60865273,126971
30365951,60731902,60858857,126955
30363897,60727794,60854746,126952
30360703,60721406,60848347,126941
30360391,60720782,60847720,126938
30358583,60717166,60844090,126924
30356223,60712446,60839363,126917
30354683,60709366,60836275,126909
30354523,60709046,60835952,126906
30353129,60706258,60833164,126906
30352875,60705750,60832654,126904
30351167,60702334,60829228,126894
30348927,60697854,60824738,126884
30348379,60696758,60823642,126884
30346907,60693814,60820691,126877
30344531,60689062,60815927,126865
30342575,60685150,60812012,126862
30340639,60681278,60808138,126860
30340435,60680870,60807728,126858
30338671,60677342,60804191,126849
30338279,60676558,60803399,126841
30335335,60670670,60797506,126836
30334291,60668582,60795412,126830
30333945,60667890,60794720,126830
30333031,60666062,60792892,126830
30332087,60664174,60790997,126823
30331131,60662262,60789082,126820
30330495,60660990,60787802,126812
30328601,60657202,60784010,126808
30327789,60655578,60782386,126808
30326967,60653934,60780727,126793
30326631,60653262,60780053,126791
30324511,60649022,60775810,126788
30323849,60647698,60774478,126780
30318111,60636222,60763000,126778
30317151,60634302,60761068,126766
30315687,60631374,60758122,126748
30314039,60628078,60754819,126741
30313051,60626102,60752842,126740
30312703,60625406,60752146,126740
30310511,60621022,60747752,126730
30306471,60612942,60739648,126706
30304809,60609618,60736321,126703
30302375,60604750,60731441,126691
30299421,60598842,60725528,126686
30297327,60594654,60721321,126667
30295835,60591670,60718336,126666
30294057,60588114,60714773,126659
30292207,60584414,60711061,126647
30289875,60579750,60706390,126640
30289755,60579510,60706150,126640
30288047,60576094,60702730,126636
30283943,60567886,60694505,126619
30282395,60564790,60691403,126613
30280687,60561374,60687970,126596
30279337,60558674,60685265,126591
30276947,60553894,60680482,126588
30275519,60551038,60677626,126588
30274281,60548562,60675140,126578
30274239,60548478,60675050,126572
30271935,60543870,60670438,126568
30270431,60540862,60667420,126558
30267099,60534198,60660751,126553
30266063,60532126,60658672,126546
30265759,60531518,60658064,126546
30263807,60527614,60654148,126534
30262763,60525526,60652049,126523
30261887,60523774,60650294,126520
30258111,60516222,60642725,126503
30257087,60514174,60640672,126498
30255855,60511710,60638206,126496
30253481,60506962,60633449,126487
30249193,60498386,60624865,126479
30249097,60498194,60624661,126467
30248219,60496438,60622904,126466
30246683,60493366,60619823,126457
30242239,60484478,60610930,126452
30241823,60483646,60610090,126444
30241087,60482174,60608608,126434
30240007,60480014,60606448,126434
30236615,60473230,60599650,126420
30235625,60471250,60597670,126420
30235607,60471214,60597634,126420
30234783,60469566,60595972,126406
30230971,60461942,60588337,126395
30229843,60459686,60586076,126390
30227487,60454974,60581353,126379
30225023,60450046,60576424,126378
30224543,60449086,60575449,126363
30219817,60439634,60565981,126347
30217031,60434062,60560399,126337
30216847,60433694,60560026,126332
30214655,60429310,60555638,126328
30214251,60428502,60554824,126322
30212473,60424946,60551264,126318
30211943,60423886,60550199,126313
30211307,60422614,60548926,126312
30209727,60419454,60545758,126304
30208737,60417474,60543775,126301
30208111,60416222,60542518,126296
30207847,60415694,60541985,126291
30203049,60406098,60532378,126280
30203039,60406078,60532355,126277
30202907,60405814,60532087,126273
30200303,60400606,60526870,126264
30196831,60393662,60519920,126258
30195879,60391758,60518006,126248
30195183,60390366,60516614,126248
30194331,60388662,60514901,126239
30191593,60383186,60509423,126237
30189215,60378430,60504646,126216
30186633,60373266,60499475,126209
30186473,60372946,60499150,126204
30184475,60368950,60495154,126204
30181583,60363166,60489362,126196
30180839,60361678,60487864,126186
30179327,60358654,60484825,126171
30177407,60354814,60480982,126168
30174061,60348122,60474289,126167
30172777,60345554,60471718,126164
30171163,60342326,60468478,126152
30170471,60340942,60467080,126138
30169535,60339070,60465208,126138
30169257,60338514,60464650,126136
30166881,60333762,60459892,126130
30163695,60327390,60453520,126130
30161887,60323774,60449881,126107
30158591,60317182,60443279,126097
30157759,60315518,60441611,126093
30157025,60314050,60440138,126088
30155519,60311038,60437114,126076
30153195,60306390,60432466,126076
30153175,60306350,60432425,126075
30152617,60305234,60431308,126074
30151657,60303314,60429388,126074
30149119,60298238,60424289,126051
30146857,60293714,60419756,126042
30144367,60288734,60414772,126038
30142975,60285950,60411980,126030
30141799,60283598,60409618,126020
30141607,60283214,60409232,126018
30140263,60280526,60406540,126014
30138695,60277390,60403403,126013
30137883,60275766,60401770,126004
30134991,60269982,60395980,125998
30134107,60268214,60394211,125997
30133343,60266686,60392672,125986
30128751,60257502,60383474,125972
30125695,60251390,60377341,125951
30122311,60244622,60370559,125937
30120987,60241974,60367904,125930
30116595,60233190,60359107,125917
30114687,60229374,60355286,125912
30114151,60228302,60354214,125912
30113751,60227502,60353407,125905
30112711,60225422,60351317,125895
30106855,60213710,60339586,125876
30105673,60211346,60337217,125871
30103659,60207318,60333178,125860
30101359,60202718,60328570,125852
30098463,60196926,60322765,125839
30095871,60191742,60317564,125822
30089885,60179770,60305579,125809
30088873,60177746,60303548,125802
30088475,60176950,60302752,125802
30086375,60172750,60298535,125785
30084073,60168146,60293921,125775
30080339,60160678,60286444,125766
30079387,60158774,60284537,125763
30078457,60156914,60282677,125763
30076755,60153510,60279272,125762
30075391,60150782,60276521,125739
30074271,60148542,60274277,125735
30073703,60147406,60273139,125733
30069575,60139150,60264874,125724
30068861,60137722,60263444,125722
30067967,60135934,60261646,125712
30067839,60135678,60261389,125711
30066927,60133854,60259565,125711
30065199,60130398,60256097,125699
30063559,60127118,60252815,125697
30061399,60122798,60248492,125694
30061211,60122422,60248104,125682
30059759,60119518,60245191,125673
30059647,60119294,60244967,125673
30057811,60115622,60241295,125673
30056895,60113790,60239452,125662
30055007,60110014,60235676,125662
30053089,60106178,60231832,125654
30053019,60106038,60231688,125650
30052179,60104358,60230002,125644
30050751,60101502,60227140,125638
30047487,60094974,60220595,125621
30043703,60087406,60213022,125616
30043135,60086270,60211873,125603
30041567,60083134,60208733,125599
30036447,60072894,60198478,125584
30035071,60070142,60195712,125570
30030931,60061862,60187421,125559
30027611,60055222,60180764,125542
30027319,60054638,60180178,125540
30027003,60054006,60179545,125539
30025343,60050686,60176222,125536
30023847,60047694,60173219,125525
30022377,60044754,60170278,125524
30022079,60044158,60169679,125521
30017703,60035406,60160913,125507
30016583,60033166,60158665,125499
30011887,60023774,60149249,125475
30010081,60020162,60145636,125474
30009569,60019138,60144608,125470
30007455,60014910,60140374,125464
30007143,60014286,60139739,125453
30005407,60010814,60136262,125448
30000919,60001838,60127274,125436
29999671,59999342,60124774,125432
29998763,59997526,60122951,125425
29996967,59993934,60119351,125417
29994835,59989670,60115085,125415
29994067,59988134,60113539,125405
29993407,59986814,60112216,125402
29992731,59985462,60110857,125395
29988819,59977638,60103024,125386
29985263,59970526,60095909,125383
29983771,59967542,60092914,125372
29983003,59966006,60091358,125352
29980999,59961998,60087346,125348
29977959,59955918,60081263,125345
29977179,59954358,60079691,125333
29975167,59950334,60075653,125319
29971753,59943506,60068824,125318
29971069,59942138,60067456,125318
29970273,59940546,60065857,125311
29969209,59938418,60063727,125309
29968231,59936462,60061763,125301
29967775,59935550,60060842,125292
29965815,59931630,60056921,125291
29965395,59930790,60056077,125287
29963935,59927870,60053156,125286
29963883,59927766,60053042,125276
29962991,59925982,60051251,125269
29962475,59924950,60050219,125269
29961097,59922194,60047459,125265
29956203,59912406,60037649,125243
29955711,59911422,60036664,125242
29953363,59906726,60031964,125238
29952765,59905530,60030767,125237
29947623,59895246,60020458,125212
29946415,59892830,60018031,125201
29946233,59892466,60017666,125200
29944287,59888574,60013763,125189
29941049,59882098,60007282,125184
29940511,59881022,60006202,125180
29939103,59878206,60003376,125170
29937633,59875266,60000436,125170
29935131,59870262,59995430,125168
29934695,59869390,59994541,125151
29931727,59863454,59988595,125141
29931167,59862334,59987470,125136
29928223,59856446,59981575,125129
29925147,59850294,59975410,125116
29924655,59849310,59974424,125114
29924479,59848958,59974067,125109
29920671,59841342,59966440,125098
29920383,59840766,59965855,125089
29915035,59830070,59955154,125084
29914799,59829598,59954674,125076
29913759,59827518,59952586,125068
29911015,59822030,59947090,125060
29910527,59821054,59946103,125049
29907199,59814398,59939435,125037
29906247,59812494,59937527,125033
29902163,59804326,59929348,125022
29902063,59804126,59929144,125018
29901303,59802606,59927624,125018
29897707,59795414,59920432,125018
29896519,59793038,59918044,125006
29895663,59791326,59916328,125002
29895259,59790518,59915507,124989
29893599,59787198,59912177,124979
29889513,59779026,59903993,124967
29887289,59774578,59899540,124962
29881887,59763774,59888720,124946
29881341,59762682,59887618,124936
29881311,59762622,59887552,124930
29878441,59756882,59881799,124917
29878431,59756862,59881778,124916
29875455,59750910,59875816,124906
29872795,59745590,59870495,124905
29872287,59744574,59869475,124901
29871015,59742030,59866921,124891
29870495,59740990,59865872,124882
29868699,59737398,59862275,124877
29868527,59737054,59861929,124875
29865895,59731790,59856658,124868
29864993,59729986,59854853,124867
29863423,59726846,59851708,124862
29862119,59724238,59849098,124860
29861129,59722258,59847106,124848
29858815,59717630,59842471,124841
29858783,59717566,59842406,124840
29854927,59709854,59834672,124818
29853799,59707598,59832410,124812
29852139,59704278,59829088,124810
29849513,59699026,59823823,124797
29847295,59694590,59819374,124784
29841179,59682358,59807119,124761
29836841,59673682,59798429,124747
29835833,59671666,59796412,124746
29834479,59668958,59793704,124746
29833725,59667450,59792185,124735
29832431,59664862,59789590,124728
29831327,59662654,59787376,124722
29830473,59660946,59785667,124721
29828711,59657422,59782141,124719
29827711,59655422,59780125,124703
29826157,59652314,59777017,124703
29825401,59650802,59775500,124698
29820743,59641486,59766169,124683
29819199,59638398,59763076,124678
29818203,59636406,59761078,124672
29816831,59633662,59758319,124657
29814953,59629906,59754563,124657
29813759,59627518,59752168,124650
29813247,59626494,59751142,124648
29812159,59624318,59748961,124643
29810911,59621822,59746459,124637
29809017,59618034,59742670,124636
29807431,59614862,59739484,124622
29804647,59609294,59733916,124622
29803903,59607806,59732423,124617
29803385,59606770,59731384,124614
29803215,59606430,59731042,124612
29802719,59605438,59730041,124603
29801115,59602230,59726828,124598
29797177,59594354,59718941,124587
29796347,59592694,59717272,124578
29791721,59583442,59708000,124558
29789435,59578870,59703419,124549
29788099,59576198,59700746,124548
29787503,59575006,59699549,124543
29785759,59571518,59696054,124536
29782633,59565266,59689798,124532
29782495,59564990,59689511,124521
29780873,59561746,59686258,124512
29780431,59560862,59685373,124511
29780129,59560258,59684768,124510
29779815,59559630,59684132,124502
29777255,59554510,59679008,124498
29776255,59552510,59677006,124496
29774375,59548750,59673239,124489
29773417,59546834,59671318,124484
29771679,59543358,59667838,124480
29767635,59535270,59659739,124469
29766369,59532738,59657191,124453
29766335,59532670,59657120,124450
29763311,59526622,59651063,124441
29760303,59520606,59645038,124432
29759515,59519030,59643454,124424
29758791,59517582,59642000,124418
29756443,59512886,59637298,124412
29753343,59506686,59631077,124391
29749885,59499770,59624156,124386
29749551,59499102,59623481,124379
29747611,59495222,59619601,124379
29746599,59493198,59617565,124367
29745983,59491966,59616331,124365
29742703,59485406,59609770,124364
29742619,59485238,59609600,124362
29741307,59482614,59606960,124346
29739751,59479502,59603840,124338
29737031,59474062,59598389,124327
29735071,59470142,59594458,124316
29732079,59464158,59588464,124306
29727899,59455798,59580092,124294
29725349,59450698,59574989,124291
29723931,59447862,59572150,124288
29722527,59445054,59569342,124288
29720687,59441374,59565638,124264
29720347,59440694,59564950,124256
29719999,59439998,59564254,124256
29719549,59439098,59563354,124256
29716731,59433462,59557702,124240
29714535,59429070,59553301,124231
29713967,59427934,59552162,124228
29712927,59425854,59550082,124228
29712495,59424990,59549218,124228
29711359,59422718,59546938,124220
29710427,59420854,59545070,124216
29709311,59418622,59542828,124206
29706667,59413334,59537537,124203
29705831,59411662,59535862,124200
29704617,59409234,59533432,124198
29703305,59406610,59530799,124189
29700751,59401502,59525678,124176
29698279,59396558,59520728,124170
29697263,59394526,59518684,124158
29693481,59386962,59511107,124145
29688143,59376286,59500420,124134
29687337,59374674,59498800,124126
29685919,59371838,59495956,124118
29685275,59370550,59494666,124116
29683967,59367934,59492050,124116
29682687,59365374,59489473,124099
29679595,59359190,59483279,124089
29679103,59358206,59482289,124083
29675465,59350930,59475010,124080
29674579,59349158,59473237,124079
29673193,59346386,59470451,124065
29668991,59337982,59462036,124054
29668767,59337534,59461577,124043
29668591,59337182,59461219,124037
29666045,59332090,59456126,124036
29664539,59329078,59453108,124030
29663143,59326286,59450308,124022
29662183,59324366,59448382,124016
29661223,59322446,59446460,124014
29660287,59320574,59444584,124010
29657913,59315826,59439835,124009
29657387,59314774,59438774,124000
29657001,59314002,59438002,124000
29654809,59309618,59433608,123990
29652991,59305982,59429968,123986
29652193,59304386,59428366,123980
29651795,59303590,59427566,123976
29650697,59301394,59425370,123976
29650183,59300366,59424340,123974
29649913,59299826,59423795,123969
29649833,59299666,59423632,123966
29649801,59299602,59423564,123962
29648351,59296702,59420657,123955
29646959,59293918,59417873,123955
29644743,59289486,59413430,123944
29643711,59287422,59411357,123935
29640423,59280846,59404769,123923
29639323,59278646,59402569,123923
29639295,59278590,59402510,123920
29634085,59268170,59392082,123912
29633563,59267126,59391022,123896
29630911,59261822,59385716,123894
29630111,59260222,59384099,123877
29628583,59257166,59381038,123872
29625023,59250046,59373917,123871
29624807,59249614,59373484,123870
29622383,59244766,59368624,123858
29621815,59243630,59367482,123852
29621759,59243518,59367370,123852
29619791,59239582,59363428,123846
29617919,59235838,59359675,123837
29617415,59234830,59358658,123828
29614639,59229278,59353094,123816
29614559,59229118,59352934,123816
29613823,59227646,59351456,123810
29612359,59224718,59348528,123810
29610663,59221326,59345135,123809
29610081,59220162,59343965,123803
29607527,59215054,59338838,123784
29606383,59212766,59336549,123783
29604857,59209714,59333492,123778
29602907,59205814,59329579,123765
29599611,59199222,59322985,123763
29599591,59199182,59322941,123759
29598207,59196414,59320168,123754
29598187,59196374,59320120,123746
29596399,59192798,59316542,123744
29593115,59186230,59309962,123732
29590355,59180710,59304431,123721
29589161,59178322,59302042,123720
29588827,59177654,59301361,123707
29588479,59176958,59300660,123702
29586985,59173970,59297672,123702
29585529,59171058,59294758,123700
29583807,59167614,59291302,123688
29583359,59166718,59290402,123684
29581823,59163646,59287322,123676
29581631,59163262,59286938,123676
29580463,59160926,59284601,123675
29579007,59158014,59281684,123670
29578599,59157198,59280866,123668
29576217,59152434,59276099,123665
29574259,59148518,59272177,123659
29573959,59147918,59271565,123647
29573099,59146198,59269841,123643
29572089,59144178,59267821,123643
29570729,59141458,59265094,123636
29569647,59139294,59262928,123634
29569135,59138270,59261897,123627
29567039,59134078,59257691,123613
29564671,59129342,59252948,123606
29564623,59129246,59252852,123606
29562651,59125302,59248901,123599
29561499,59122998,59246588,123590
29558441,59116882,59240464,123582
29555115,59110230,59233798,123568
29553825,59107650,59231216,123566
29553535,59107070,59230628,123558
29551975,59103950,59227504,123554
29549451,59098902,59222447,123545
29549311,59098622,59222161,123539
29548287,59096574,59220112,123538
29546379,59092758,59216291,123533
29543519,59087038,59210558,123520
29542119,59084238,59207750,123512
29538395,59076790,59200288,123498
29537519,59075038,59198530,123492
29536367,59072734,59196221,123487
29533839,59067678,59191162,123484
29532651,59065302,59188781,123479
29532411,59064822,59188300,123478
29531439,59062878,59186348,123470
29528303,59056606,59180059,123453
29527177,59054354,59177803,123449
29527143,59054286,59177735,123449
29524671,59049342,59172788,123446
29519919,59039838,59163262,123424
29519871,59039742,59163157,123415
29516607,59033214,59156618,123404
29514237,59028474,59151874,123400
29513979,59027958,59151356,123398
29513207,59026414,59149810,123396
29511631,59023262,59146654,123392
29507199,59014398,59137766,123368
29503713,59007426,59130782,123356
29503647,59007294,59130643,123349
29502399,59004798,59128142,123344
29502121,59004242,59127584,123342
29498727,58997454,59120786,123332
29495871,58991742,59115071,123329
29494511,58989022,59112341,123319
29492901,58985802,59109118,123316
29491975,58983950,59107265,123315
29491355,58982710,59106014,123304
29488353,58976706,59099996,123290
29484927,58969854,59093134,123280
29484351,58968702,59091982,123280
29482977,58965954,59089228,123274
29481983,58963966,59087227,123261
29479643,58959286,59082542,123256
29479147,58958294,59081548,123254
29478151,58956302,59079550,123248
29473279,58946558,59069780,123222
29471775,58943550,59066770,123220
29468443,58936886,59060090,123204
29467119,58934238,59057437,123199
29463979,58927958,59051153,123195
29463687,58927374,59050565,123191
29463067,58926134,59049319,123185
29459593,58919186,59042371,123185
29458345,58916690,59039852,123162
29455671,58911342,59034500,123158
29453993,58907986,59031139,123153
29452735,58905470,59028608,123138
29452391,58904782,59027920,123138
29449089,58898178,59021314,123136
29447507,58895014,59018132,123118
29445887,58891774,59014888,123114
29445801,58891602,59014712,123110
29444591,58889182,59012284,123102
29441149,58882298,59005397,123099
29440447,58880894,59003980,123086
29439955,58879910,59002996,123086
29438303,58876606,58999688,123082
29437191,58874382,58997456,123074
29434493,58868986,58992056,123070
29430761,58861522,58984577,123055
29429673,58859346,58982398,123052
29427625,58855250,58978294,123044
29426233,58852466,58975508,123042
29424749,58849498,58972534,123036
29424043,58848086,58971112,123026
29423335,58846670,58969691,123021
29422815,58845630,58968649,123019
29419751,58839502,58962512,123010
29419007,58838014,58961014,123000
29418943,58837886,58960882,122996
29416615,58833230,58956226,122996
29416061,58832122,58955110,122988
29411241,58822482,58945444,122962
29407711,58815422,58938380,122958
29405435,58810870,58933816,122946
29401641,58803282,58926214,122932
29400935,58801870,58924789,122919
29398507,58797014,58919926,122912
29398119,58796238,58919150,122912
29395231,58790462,58913369,122907
29394487,58788974,58911869,122895
29391867,58783734,58906621,122887
29390761,58781522,58904404,122882
29390567,58781134,58904014,122880
29390331,58780662,58903540,122878
29389353,58778706,58901579,122873
29389119,58778238,58901107,122869
29386367,58772734,58895599,122865
29385385,58770770,58893628,122858
29385115,58770230,58893085,122855
29382303,58764606,58887452,122846
29381659,58763318,58886164,122846
29378975,58757950,58880783,122833
29373323,58746646,58869461,122815
29372667,58745334,58868135,122801
29371167,58742334,58865131,122797
29368487,58736974,58859764,122790
29365737,58731474,58854256,122782
29363865,58727730,58850507,122777
29361065,58722130,58844884,122754
29355641,58711282,58834033,122751
29355567,58711134,58833865,122731
29354727,58709454,58832183,122729
29349935,58699870,58822595,122725
29349147,58698294,58821005,122711
29348831,58697662,58820368,122706
29347175,58694350,58817045,122695
29346911,58693822,58816516,122694
29346079,58692158,58814851,122693
29344195,58688390,58811078,122688
29338751,58677502,58800170,122668
29337371,58674742,58797404,122662
29336071,58672142,58794802,122660
29335359,58670718,58793368,122650
29335295,58670590,58793240,122650
29334911,58669822,58792472,122650
29332839,58665678,58788322,122644
29331527,58663054,58785689,122635
29330089,58660178,58782802,122624
29328799,58657598,58780222,122624
29324585,58649170,58771775,122605
29324527,58649054,58771655,122601
29321319,58642638,58765232,122594
29321289,58642578,58765171,122593
29319451,58638902,58761487,122585
29316975,58633950,58756523,122573
29315809,58631618,58754188,122570
29312937,58625874,58748429,122555
29311679,58623358,58745911,122553
29310191,58620382,58742926,122544
29307219,58614438,58736978,122540
29306215,58612430,58734962,122532
29305511,58611022,58733549,122527
29303741,58607482,58730008,122526
29303439,58606878,58729402,122524
29303287,58606574,58729090,122516
29298223,58596446,58718945,122499
29293803,58587606,58710094,122488
29293735,58587470,58709953,122483
29293695,58587390,58709873,122483
29292161,58584322,58706792,122470
29289129,58578258,58700720,122462
29287807,58575614,58698067,122453
29285935,58571870,58694312,122442
29285353,58570706,58693144,122438
29284415,58568830,58691267,122437
29283143,58566286,58688716,122430
29282207,58564414,58686842,122428
29280415,58560830,58683256,122426
29279361,58558722,58681145,122423
29278207,58556414,58678823,122409
29276269,58552538,58674947,122409
29273119,58546238,58668644,122406
29272219,58544438,58666828,122390
29271487,58542974,58665364,122390
29269231,58538462,58660852,122390
29268991,58537982,58660352,122370
29263789,58527578,58649939,122361
29262063,58524126,58646477,122351
29257769,58515538,58637884,122346
29256233,58512466,58634806,122340
29255991,58511982,58634314,122332
29255791,58511582,58633901,122319
29251603,58503206,58625518,122312
29251099,58502198,58624505,122307
29247663,58495326,58617628,122302
29247657,58495314,58617610,122296
29247487,58494974,58617256,122282
29246463,58492926,58615201,122275
29245695,58491390,58613665,122275
29245135,58490270,58612538,122268
29241721,58483442,58605700,122258
29239807,58479614,58601866,122252
29239291,58478582,58600832,122250
29239067,58478134,58600376,122242
29236537,58473074,58595312,122238
29235227,58470454,58592683,122229
29232231,58464462,58586678,122216
29229019,58458038,58580248,122210
29226223,58452446,58574636,122190
29225455,58450910,58573100,122190
29224219,58448438,58570624,122186
29223407,58446814,58568996,122182
29219267,58438534,58560707,122173
29216935,58433870,58556032,122162
29216425,58432850,58555006,122156
29212871,58425742,58547882,122140
29212031,58424062,58546193,122131
29207533,58415066,58537192,122126
29206263,58412526,58534648,122122
29202687,58405374,58527478,122104
29200383,58400766,58522858,122092
29200091,58400182,58522274,122092
29199871,58399742,58521827,122085
29197531,58395062,58517144,122082
29196841,58393682,58515758,122076
29195499,58390998,58513067,122069
29193455,58386910,58508972,122062
29193375,58386750,58508810,122060
29193083,58386166,58508224,122058
29192795,58385590,58507648,122058
29192135,58384270,58506320,122050
29188719,58377438,58499476,122038
29185449,58370898,58492930,122032
29183543,58367086,58489114,122028
29181695,58363390,58485401,122011
29181167,58362334,58484344,122010
29180699,58361398,58483408,122010
29179995,58359990,58481995,122005
29179903,58359806,58481804,121998
29175721,58351442,58473427,121985
29175465,58350930,58472914,121984
29174651,58349302,58471283,121981
29174095,58348190,58470167,121977
29172767,58345534,58467503,121969
29172763,58345526,58467491,121965
29169087,58338174,58460125,121951
29168283,58336566,58458514,121948
29167753,58335506,58457452,121946
29164983,58329966,58451908,121942
29164827,58329654,58451596,121942
29163519,58327038,58448978,121940
29163433,58326866,58448806,121940
29162987,58325974,58447907,121933
29162799,58325598,58447528,121930
29161981,58323962,58445885,121923
29160895,58321790,58443707,121917
29160751,58321502,58443419,121917
29159465,58318930,58440847,121917
29158113,58316226,58438138,121912
29157131,58314262,58436173,121911
29154543,58309086,58430986,121900
29153439,58306878,58428776,121898
29151727,58303454,58425334,121880
29147359,58294718,58416586,121868
29146167,58292334,58414193,121859
29145447,58290894,58412752,121858
29144095,58288190,58410035,121845
29142511,58285022,58406866,121844
29142299,58284598,58406440,121842
29138971,58277942,58399769,121827
29138075,58276150,58397975,121825
29135643,58271286,58393106,121820
29135579,58271158,58392970,121812
29134447,58268894,58390700,121806
29132969,58265938,58387738,121800
29129727,58259454,58381240,121786
29128447,58256894,58378678,121784
29126825,58253650,58375426,121776
29124863,58249726,58371496,121770
29124143,58248286,58370048,121762
29119145,58238290,58360031,121741
29118319,58236638,58358378,121740
29117595,58235190,58356929,121739
29115135,58230270,58351997,121727
29111431,58222862,58344587,121725
29110383,58220766,58342477,121711
29108463,58216926,58338625,121699
29105705,58211410,58333097,121687
29103241,58206482,58328162,121680
29101907,58203814,58325494,121680
29100635,58201270,58322950,121680
29099423,58198846,58320526,121680
29099195,58198390,58320058,121668
29097981,58195962,58317622,121660
29096743,58193486,58315139,121653
29094505,58189010,58310651,121641
29092947,58185894,58307528,121634
29090767,58181534,58303165,121631
29090699,58181398,58303028,121630
29090017,58180034,58301656,121622
29089789,58179578,58301200,121622
29087743,58175486,58297108,121622
29087507,58175014,58296631,121617
29085289,58170578,58292188,121610
29082779,58165558,58287166,121608
29082607,58165214,58286810,121596
29080361,58160722,58282306,121584
29078991,58157982,58279558,121576
29078767,58157534,58279106,121572
29074683,58149366,58270924,121558
29073147,58146294,58267852,121558
29071527,58143054,58264598,121544
29070473,58140946,58262485,121539
29067167,58134334,58255864,121530
29066855,58133710,58255240,121530
29066537,58133074,58254604,121530
29063947,58127894,58249420,121526
29062939,58125878,58247386,121508
29062697,58125394,58246900,121506
29059487,58118974,58240474,121500
29057661,58115322,58236820,121498
29054747,58109494,58230965,121471
29053439,58106878,58228348,121470
29050139,58100278,58221736,121458
29048447,58096894,58218344,121450
29046185,58092370,58213817,121447
29045999,58091998,58213433,121435
29043681,58087362,58208792,121430
29041695,58083390,58204808,121418
29036995,58073990,58195394,121404
29034623,58069246,58190636,121390
29034367,58068734,58190123,121389
29033191,58066382,58187767,121385
29031935,58063870,58185250,121380
29029097,58058194,58179566,121372
29024159,58048318,58169690,121372
29023871,58047742,58169096,121354
29022015,58044030,58165376,121346
29021267,58042534,58163876,121342
29020763,58041526,58162859,121333
29020007,58040014,58161346,121332
29016095,58032190,58153516,121326
29015951,58031902,58153228,121326
29014375,58028750,58150060,121310
29010119,58020238,58141532,121294
29008211,58016422,58137713,121291
29007295,58014590,58135865,121275
29006825,58013650,58134922,121272
29004345,58008690,58129960,121270
29002409,58004818,58126076,121258
29000425,58000850,58122107,121257
29000319,58000638,58121894,121256
28997275,57994550,58115789,121239
28996351,57992702,58113929,121227
28994047,57988094,58109312,121218
28991655,57983310,58104524,121214
28990463,57980926,58102130,121204
28989615,57979230,58100434,121204
28985185,57970370,58091566,121196
28983965,57967930,58089116,121186
28982975,57965950,58087132,121182
28979271,57958542,58079704,121162
28978175,57956350,58077500,121150
28977791,57955582,58076732,121150
28975847,57951694,58072837,121143
28971775,57943550,58064686,121136
28971495,57942990,58064120,121130
28969735,57939470,58060597,121127
28967583,57935166,58056274,121108
28965471,57930942,58052045,121103
28963303,57926606,58047698,121092
28961007,57922014,58043092,121078
28957415,57914830,58035904,121074
28956207,57912414,58033475,121061
28954875,57909750,58030810,121060
28953483,57906966,58028026,121060
28953383,57906766,58027826,121060
28951935,57903870,58024924,121054
28951231,57902462,58023515,121053
28951199,57902398,58023449,121051
28949727,57899454,58020503,121049
28948839,57897678,58018718,121040
28947695,57895390,58016413,121023
28945405,57890810,58011832,121022
28944105,57888210,58009229,121019
28943017,57886034,58007042,121008
28940351,57880702,58001704,121002
28940143,57880286,58001284,120998
28935923,57871846,57992840,120994
28935479,57870958,57991949,120991
28935431,57870862,57991840,120978
28933991,57867982,57988958,120976
28933801,57867602,57988570,120968
28930543,57861086,57982048,120962
28928411,57856822,57977777,120955
28928275,57856550,57977498,120948
28927529,57855058,57976003,120945
28926335,57852670,57973610,120940
28924699,57849398,57970328,120930
28924073,57848146,57969076,120930
28921151,57842302,57963223,120921
28920161,57840322,57961241,120919
28920063,57840126,57961039,120913
28918185,57836370,57957277,120907
28917703,57835406,57956312,120906
28916463,57832926,57953825,120899
28916137,57832274,57953168,120894
28912749,57825498,57946391,120893
28912521,57825042,57945928,120886
28911785,57823570,57944447,120877
28909023,57818046,57938923,120877
28908955,57817910,57938782,120872
28907303,57814606,57935464,120858
28907049,57814098,57934955,120857
28905597,57811194,57932050,120856
28904519,57809038,57929890,120852
28903195,57806390,57927230,120840
28901375,57802750,57923581,120831
28900799,57801598,57922427,120829
28896431,57792862,57913690,120828
28896347,57792694,57913522,120828
28896127,57792254,57913076,120822
28894073,57788146,57908965,120819
28892809,57785618,57906431,120813
28891007,57782014,57902807,120793
28890879,57781758,57902546,120788
28890047,57780094,57900881,120787
28888319,57776638,57897422,120784
28883361,57766722,57887494,120772
28883291,57766582,57887354,120772
28882939,57765878,57886649,120771
28882345,57764690,57885445,120755
28877503,57755006,57875741,120735
28876015,57752030,57872755,120725
28874367,57748734,57869453,120719
28873343,57746686,57867400,120714
28870079,57740158,57860872,120714
28869943,57739886,57860596,120710
28869417,57738834,57859541,120707
28868943,57737886,57858586,120700
28868455,57736910,57857606,120696
28867183,57734366,57855059,120693
28866103,57732206,57852893,120687
28862505,57725010,57845681,120671
28861999,57723998,57844664,120666
28857811,57715622,57836285,120663
28857323,57714646,57835294,120648
28851311,57702622,57823253,120631
28849663,57699326,57819946,120620
28849183,57698366,57818986,120620
28848783,57697566,57818182,120616
28844543,57689086,57809686,120600
28844031,57688062,57808652,120590
28842151,57684302,57804892,120590
28840423,57680846,57801430,120584
28839067,57678134,57798710,120576
28838055,57676110,57796676,120566
28837887,57675774,57796337,120563
28836711,57673422,57793985,120563
28836583,57673166,57793729,120563
28835839,57671678,57792232,120554
28832615,57665230,57785776,120546
28830249,57660498,57781043,120545
28827815,57655630,57776165,120535
28826159,57652318,57772840,120522
28822555,57645110,57765622,120512
28821601,57643202,57763714,120512
28819303,57638606,57759100,120494
28816553,57633106,57753592,120486
28813451,57626902,57747386,120484
28811945,57623890,57744359,120469
28809707,57619414,57739877,120463
28808959,57617918,57738379,120461
28807967,57615934,57736390,120456
28805951,57611902,57732344,120442
28805801,57611602,57732032,120430
28802407,57604814,57725243,120429
28799529,57599058,57719471,120413
28798035,57596070,57716479,120409
28796251,57592502,57712910,120408
28793631,57587262,57707648,120386
28790739,57581478,57701860,120382
28786927,57573854,57694207,120353
28785663,57571326,57691673,120347
28781417,57562834,57683173,120339
28777609,57555218,57675550,120332
28777449,57554898,57675215,120317
28776767,57553534,57673844,120310
28774887,57549774,57670082,120308
28772729,57545458,57665752,120294
28770075,57540150,57660437,120287
28768471,57536942,57657226,120284
28766945,57533890,57654166,120276
28766391,57532782,57653056,120274
28766271,57532542,57652816,120274
28764815,57529630,57649900,120270
28763583,57527166,57647428,120262
28760223,57520446,57640693,120247
28759123,57518246,57638492,120246
28758163,57516326,57636566,120240
28757247,57514494,57634730,120236
28754087,57508174,57628408,120234
28751471,57502942,57623167,120225
28751211,57502422,57622637,120215
28749311,57498622,57618823,120201
28748227,57496454,57616654,120200
28746063,57492126,57612323,120197
28746055,57492110,57612296,120186
28744703,57489406,57609580,120174
28742655,57485310,57605476,120166
28740607,57481214,57601373,120159
28736649,57473298,57593450,120152
28735865,57471730,57591881,120151
28735017,57470034,57590180,120146
28733983,57467966,57588100,120134
28733083,57466166,57586294,120128
28731305,57462610,57582733,120123
28729663,57459326,57579439,120113
28726511,57453022,57573121,120099
28721407,57442814,57562904,120090
28720287,57440574,57560656,120082
28718875,57437750,57557818,120068
28718171,57436342,57556408,120066
28715945,57431890,57551953,120063
28713385,57426770,57546827,120057
28710879,57421758,57541804,120046
28709099,57418198,57538240,120042
28708897,57417794,57537830,120036
28708711,57417422,57537448,120026
28705639,57411278,57531296,120018
28704839,57409678,57529688,120010
28702035,57404070,57524080,120010
28701099,57402198,57522202,120004
28700991,57401982,57521986,120004
28700391,57400782,57520774,119992
28699371,57398742,57518734,119992
28696801,57393602,57513580,119978
28696555,57393110,57513088,119978
28694695,57389390,57509357,119967
28692223,57384446,57504410,119964
28689021,57378042,57497996,119954
28687487,57374974,57494915,119941
28684969,57369938,57489875,119937
28683903,57367806,57487727,119921
28682491,57364982,57484900,119918
28682407,57364814,57484732,119918
28680039,57360078,57479992,119914
28675739,57351478,57471389,119911
28675399,57350798,57470687,119889
28672807,57345614,57465494,119880
28672283,57344566,57464441,119875
28670399,57340798,57460670,119872
28667945,57335890,57455756,119866
28665967,57331934,57451790,119856
28664031,57328062,57447901,119839
28662887,57325774,57445612,119838
28662783,57325566,57445397,119831
28662015,57324030,57443861,119831
28661919,57323838,57443668,119830
28660649,57321298,57441125,119827
28656255,57312510,57432320,119810
28655855,57311710,57431518,119808
28653793,57307586,57427385,119799
28653479,57306958,57426754,119796
28650825,57301650,57421445,119795
28650779,57301558,57421348,119790
28650633,57301266,57421055,119789
28649887,57299774,57419560,119786
28646913,57293826,57413609,119783
28645291,57290582,57410356,119774
28645023,57290046,57409804,119758
28643175,57286350,57406103,119753
28641387,57282774,57402523,119749
28634221,57268442,57388171,119729
28633119,57266238,57385960,119722
28632935,57265870,57385579,119709
28629319,57258638,57378334,119696
28628345,57256690,57376384,119694
28627743,57255486,57375178,119692
28626943,57253886,57373567,119681
28621247,57242494,57362153,119659
28617683,57235366,57355019,119653
28617023,57234046,57353690,119644
28612795,57225590,57345226,119636
28612663,57225326,57344962,119636
28612351,57224702,57344323,119621
28608671,57217342,57336952,119610
28606729,57213458,57333068,119610
28606203,57212406,57332006,119600
28604507,57209014,57328612,119598
28603807,57207614,57327209,119595
28602815,57205630,57325214,119584
28602367,57204734,57324313,119579
28600167,57200334,57319904,119570
28597183,57194366,57313927,119561
28592011,57184022,57303575,119553
28591567,57183134,57302672,119538
28589369,57178738,57298276,119538
28589055,57178110,57297638,119528
28587239,57174478,57293999,119521
28582313,57164626,57284129,119503
28579609,57159218,57278716,119498
28579581,57159162,57278656,119494
28578683,57157366,57276850,119484
28576929,57153858,57273338,119480
28571649,57143298,57262774,119476
28570927,57141854,57261304,119450
28569215,57138430,57257878,119448
28568175,57136350,57255797,119447
28564221,57128442,57247877,119435
28563559,57127118,57246547,119429
28562045,57124090,57243518,119428
28561947,57123894,57243311,119417
28561887,57123774,57243188,119414
28556447,57112894,57232291,119397
28552287,57104574,57223961,119387
28551419,57102838,57222224,119386
28550239,57100478,57219851,119373
28550009,57100018,57219382,119364
28549871,57099742,57219104,119362
28546015,57092030,57211384,119354
28543195,57086390,57205736,119346
28542889,57085778,57205120,119342
28542745,57085490,57204832,119342
28541323,57082646,57201988,119342
28538271,57076542,57195868,119326
28536895,57073790,57193103,119313
28534847,57069694,57189004,119310
28533187,57066374,57185677,119303
28531439,57062878,57182168,119290
28529643,57059286,57178570,119284
28529463,57058926,57178210,119284
28528777,57057554,57176837,119283
28528265,57056530,57175807,119277
28527785,57055570,57174844,119274
28527775,57055550,57174821,119271
28525055,57050110,57169367,119257
28522721,57045442,57164696,119254
28522039,57044078,57163328,119250
28520699,57041398,57160640,119242
28518313,57036626,57155858,119232
28514759,57029518,57148738,119220
28509743,57019486,57138694,119208
28508927,57017854,57137062,119208
28507775,57015550,57134737,119187
28506855,57013710,57132892,119182
28504919,57009838,57129020,119182
28502143,57004286,57123454,119168
28501415,57002830,57121996,119166
28499583,56999166,57118315,119149
28499303,56998606,57117755,119149
28494567,56989134,57108280,119146
28491773,56983546,57102691,119145
28490745,56981490,57100616,119126
28490051,56980102,57099224,119122
28489119,56978238,57097345,119107
28488943,56977886,57096992,119106
28487527,56975054,57094157,119103
28485353,56970706,57089801,119095
28478535,56957070,57076150,119080
28477567,56955134,57074206,119072
28477183,56954366,57073426,119060
28472317,56944634,57063680,119046
28468331,56936662,57055691,119029
28467423,56934846,57053866,119020
28466489,56932978,57051994,119016
28463499,56926998,57046012,119014
28463355,56926710,57045710,119000
28460703,56921406,57040403,118997
28460671,56921342,57040330,118988
28460271,56920542,57039527,118985
28457943,56915886,57034868,118982
28452863,56905726,57024688,118962
28449919,56899838,57018796,118958
28449543,56899086,57018040,118954
28447295,56894590,57013541,118951
28445159,56890318,57009257,118939
28444879,56889758,57008684,118926
28442281,56884562,57003478,118916
28441243,56882486,57001394,118908
28437967,56875934,56994830,118896
28433705,56867410,56986294,118884
28432001,56864002,56982878,118876
28431055,56862110,56980982,118872
28429495,56858990,56977856,118866
28428055,56856110,56974970,118860
28424813,56849626,56968486,118860
28423787,56847574,56966429,118855
28420265,56840530,56959360,118830
28420095,56840190,56959018,118828
28418671,56837342,56956166,118824
28415977,56831954,56950762,118808
28415391,56830782,56949583,118801
28413659,56827318,56946118,118800
28413495,56826990,56945788,118798
28412129,56824258,56943052,118794
28411327,56822654,56941436,118782
28409039,56818078,56936854,118776
28408489,56816978,56935750,118772
28405247,56810494,56929256,118762
28403559,56807118,56925872,118754
28401311,56802622,56921362,118740
28398407,56796814,56915542,118728
28395947,56791894,56910616,118722
28395453,56790906,56909627,118721
28392959,56785918,56904632,118714
28390503,56781006,56899703,118697
28387327,56774654,56893337,118683
28386023,56772046,56890726,118680
28384703,56769406,56888077,118671
28382447,56764894,56883559,118665
28378907,56757814,56876462,118648
28377129,56754258,56872906,118648
28376303,56752606,56871244,118638
28374687,56749374,56868002,118628
28373743,56747486,56866112,118626
28373503,56747006,56865629,118623
28371687,56743374,56861995,118621
28370523,56741046,56859658,118612
28366591,56733182,56851784,118602
28365945,56731890,56850487,118597
28365551,56731102,56849696,118594
28363687,56727374,56845966,118592
28363647,56727294,56845883,118589
28363179,56726358,56844946,118588
28362707,56725414,56843999,118585
28360319,56720638,56839210,118572
28360127,56720254,56838824,118570
28359167,56718334,56836901,118567
28358881,56717762,56836328,118566
28355711,56711422,56829971,118549
28351935,56703870,56822404,118534
28350555,56701110,56819638,118528
28346407,56692814,56811334,118520
28344745,56689490,56807999,118509
28340475,56680950,56799448,118498
28339559,56679118,56797600,118482
28336879,56673758,56792231,118473
28334747,56669494,56787961,118467
28333439,56666878,56785336,118458
28331455,56662910,56781364,118454
28331263,56662526,56780980,118454
28328255,56656510,56774945,118435
28323995,56647990,56766418,118428
28323497,56646994,56765416,118422
28322471,56644942,56763355,118413
28320735,56641470,56759879,118409
28318875,56637750,56756159,118409
28318023,56636046,56754445,118399
28317211,56634422,56752817,118395
28315647,56631294,56749679,118385
28313247,56626494,56744872,118378
28312423,56624846,56743217,118371
28311551,56623102,56741467,118365
28308927,56617854,56736209,118355
28305855,56611710,56730059,118349
28304411,56608822,56727161,118339
28300959,56601918,56720240,118322
28300543,56601086,56719406,118320
28298123,56596246,56714566,118320
28296969,56593938,56712257,118319
28296039,56592078,56710385,118307
28293279,56586558,56704855,118297
28291931,56583862,56702150,118288
28291143,56582286,56700572,118286
28288765,56577530,56695805,118275
28287679,56575358,56693632,118274
28285167,56570334,56688592,118258
28283635,56567270,56685523,118253
28282423,56564846,56683091,118245
28280991,56561982,56680222,118240
28277479,56554958,56673196,118238
28277417,56554834,56673058,118224
28274231,56548462,56666686,118224
28270887,56541774,56659981,118207
28270007,56540014,56658215,118201
28268799,56537598,56655784,118186
28264179,56528358,56646535,118177
28263451,56526902,56645077,118175
28262623,56525246,56643409,118163
28261887,56523774,56641933,118159
28259753,56519506,56637658,118152
28259263,56518526,56636678,118152
28258643,56517286,56635432,118146
28257607,56515214,56633357,118143
28253561,56507122,56625257,118135
28251375,56502750,56620883,118133
28251183,56502366,56620498,118132
28250779,56501558,56619682,118124
28249039,56498078,56616191,118113
28248441,56496882,56614988,118106
28247379,56494758,56612857,118099
28245631,56491262,56609351,118089
28244127,56488254,56606336,118082
28243359,56486718,56604796,118078
28241255,56482510,56600584,118074
28239151,56478302,56596372,118070
28237803,56475606,56593667,118061
28237759,56475518,56593576,118058
28236031,56472062,56590114,118052
28235519,56471038,56589086,118048
28234047,56468094,56586142,118048
28232495,56464990,56583038,118048
28230783,56461566,56579614,118048
28230607,56461214,56579246,118032
28230521,56461042,56579074,118032
28226527,56453054,56571074,118020
28225161,56450322,56568334,118012
28223657,56447314,56565317,118003
28220991,56441982,56559977,117995
28219687,56439374,56557367,117993
28218633,56437266,56555252,117986
28218081,56436162,56554141,117979
28213095,56426190,56544142,117952
28211943,56423886,56541838,117952
28211881,56423762,56541710,117948
28207615,56415230,56533162,117932
28203751,56407502,56525417,117915
28201641,56403282,56521192,117910
28200063,56400126,56518036,117910
28198695,56397390,56515295,117905
28198127,56396254,56514149,117895
28197735,56395470,56513362,117892
28195711,56391422,56509306,117884
28193535,56387070,56504942,117872
28192057,56384114,56501986,117872
28191591,56383182,56501045,117863
28189119,56378238,56496091,117853
28184573,56369146,56486998,117852
28184383,56368766,56486608,117842
28183713,56367426,56485262,117836
28181351,56362702,56480524,117822
28180327,56360654,56478472,117818
28178367,56356734,56474545,117811
28175575,56351150,56468956,117806
28175167,56350334,56468135,117801
28173865,56347730,56465525,117795
28172959,56345918,56463709,117791
28172031,56344062,56461844,117782
28169983,56339966,56457739,117773
28168911,56337822,56455594,117772
28167807,56335614,56453377,117763
28163711,56327422,56445173,117751
28161577,56323154,56440901,117747
28158623,56317246,56434988,117742
28157311,56314622,56432362,117740
28156923,56313846,56431570,117724
28155935,56311870,56429590,117720
28155647,56311294,56429008,117714
28153321,56306642,56424350,117708
28151887,56303774,56421479,117705
28151351,56302702,56420401,117699
28148123,56296246,56413936,117690
28146111,56292222,56409895,117673
28145417,56290834,56408507,117673
28144283,56288566,56406238,117672
28142687,56285374,56403038,117664
28142079,56284158,56401816,117658
28140157,56280314,56397968,117654
28139347,56278694,56396344,117650
28136575,56273150,56390786,117636
28134201,56268402,56386034,117632
28133551,56267102,56384728,117626
28131753,56263506,56381123,117617
28129371,56258742,56376346,117604
28126311,56252622,56370212,117590
28124399,56248798,56366387,117589
28124187,56248374,56365961,117587
28123887,56247774,56365355,117581
28117951,56235902,56353480,117578
28117559,56235118,56352680,117562
28117369,56234738,56352298,117560
28115583,56231166,56348723,117557
28114943,56229886,56347432,117546
28114623,56229246,56346790,117544
28113407,56226814,56344355,117541
28112183,56224366,56341904,117538
28107679,56215358,56332888,117530
28107519,56215038,56332564,117526
28106599,56213198,56330714,117516
28105183,56210366,56327869,117503
28102363,56204726,56322221,117495
28096507,56193014,56310491,117477
28095657,56191314,56308778,117464
28092969,56185938,56303399,117461
28091655,56183310,56300759,117449
28089583,56179166,56296604,117438
28089051,56178102,56295539,117437
28085503,56171006,56288432,117426
28083337,56166674,56284091,117417
28078127,56156254,56273647,117393
28075803,56151606,56268988,117382
28074665,56149330,56266706,117376
28073679,56147358,56264732,117374
28072927,56145854,56263223,117369
28072105,56144210,56261575,117365
28067999,56135998,56253346,117348
28063527,56127054,56244388,117334
28063391,56126782,56244112,117330
28060543,56121086,56238406,117320
28057897,56115794,56233106,117312
28056575,56113150,56230450,117300
28054767,56109534,56226832,117298
28054079,56108158,56225450,117292
28051731,56103462,56220749,117287
28051323,56102646,56219932,117286
28050279,56100558,56217838,117280
28049103,56098206,56215475,117269
28048895,56097790,56215058,117268
28048111,56096222,56213488,117266
28046303,56092606,56209864,117258
28045311,56090622,56207873,117251
28040895,56081790,56199028,117238
28040447,56080894,56198128,117234
28036735,56073470,56190689,117219
28034075,56068150,56185366,117216
28031615,56063230,56180446,117216
28030423,56060846,56178050,117204
28029305,56058610,56175797,117187
28028399,56056798,56173984,117186
28026303,56052606,56169785,117179
28022825,56045650,56162828,117178
28022223,56044446,56161613,117167
28017819,56035638,56152781,117143
28014491,56028982,56146112,117130
28012995,56025990,56143115,117125
28012185,56024370,56141491,117121
28011935,56023870,56140990,117120
28010715,56021430,56138548,117118
28009641,56019282,56136395,117113
28008585,56017170,56134276,117106
28006727,56013454,56130544,117090
28003497,56006994,56124076,117082
28002411,56004822,56121898,117076
28001257,56002514,56119583,117069
27998543,55997086,56114149,117063
27996897,55993794,56110850,117056
27996385,55992770,56109824,117054
27995465,55990930,56107981,117051
27994387,55988774,56105824,117050
27993647,55987294,56104336,117042
27990183,55980366,56097400,117034
27987999,55975998,56093020,117022
27987913,55975826,56092846,117020
27985387,55970774,56087782,117008
27984609,55969218,56086226,117008
27984027,55968054,56085056,117002
27982957,55965914,56082914,117000
27980647,55961294,56078275,116981
27978409,55956818,56073791,116973
27976745,55953490,56070461,116971
27976639,55953278,56070245,116967
27969307,55938614,56055550,116936
27968649,55937298,56054234,116936
27968511,55937022,56053954,116932
27967983,55935966,56052898,116932
27965407,55930814,56047736,116922
27963433,55926866,56043782,116916
27961543,55923086,56039998,116912
27958685,55917370,56034272,116902
27957705,55915410,56032312,116902
27957575,55915150,56032034,116884
27953833,55907666,56024536,116870
27951103,55902206,56019064,116858
27947759,55895518,56012363,116845
27945983,55891966,56008802,116836
27945071,55890142,56006975,116833
27942739,55885478,56002304,116826
27941659,55883318,56000140,116822
27941115,55882230,55999048,116818
27936531,55873062,55989872,116810
27936383,55872766,55989562,116796
27931809,55863618,55980412,116794
27931635,55863270,55980062,116792
27931263,55862526,55979318,116792
27930527,55861054,55977838,116784
27929559,55859118,55975900,116782
27928575,55857150,55973926,116776
27928303,55856606,55973374,116768
27928191,55856382,55973147,116765
27926695,55853390,55970153,116763
27925503,55851006,55967768,116762
27924457,55848914,55965667,116753
27924351,55848702,55965449,116747
27921835,55843670,55960414,116744
27920871,55841742,55958476,116734
27919087,55838174,55954906,116732
27918031,55836062,55952782,116720
27917375,55834750,55951469,116719
27915743,55831486,55948202,116716
27914995,55829990,55946702,116712
27914735,55829470,55946176,116706
27910255,55820510,55937198,116688
27910143,55820286,55936973,116687
27907209,55814418,55931098,116680
27906793,55813586,55930264,116678
27902953,55805906,55922563,116657
27901799,55803598,55920253,116655
27900697,55801394,55918048,116654
27898735,55797470,55914118,116648
27897855,55795710,55912354,116644
27897191,55794382,55911023,116641
27897071,55794142,55910773,116631
27893929,55787858,55904488,116630
27892979,55785958,55902586,116628
27892903,55785806,55902424,116618
27890687,55781374,55897990,116616
27889983,55779966,55896574,116608
27887679,55775358,55891955,116597
27886505,55773010,55889602,116592
27884455,55768910,55885501,116591
27883433,55766866,55883452,116586
27881609,55763218,55879793,116575
27880479,55760958,55877525,116567
27878639,55757278,55873834,116556
27876335,55752670,55869223,116553
27875807,55751614,55868164,116550
27872735,55745470,55862008,116538
27872583,55745166,55861700,116534
27869183,55738366,55854886,116520
27869031,55738062,55854580,116518
27865743,55731486,55847990,116504
27863999,55727998,55844498,116500
27863643,55727286,55843781,116495
27862697,55725394,55841882,116488
27858943,55717886,55834373,116487
27858687,55717374,55833860,116486
27858479,55716958,55833442,116484
27857449,55714898,55831376,116478
27856231,55712462,55828928,116466
27855611,55711222,55827683,116461
27854315,55708630,55825085,116455
27854271,55708542,55824997,116455
27852335,55704670,55821122,116452
27852255,55704510,55820962,116452
27850431,55700862,55817302,116440
27848447,55696894,55813333,116439
27847787,55695574,55812007,116433
27846185,55692370,55808801,116431
27845479,55690958,55807375,116417
27842887,55685774,55802186,116412
27839561,55679122,55795534,116412
27838951,55677902,55794299,116397
27837095,55674190,55790584,116394
27836263,55672526,55788907,116381
27833447,55666894,55783261,116367
27832391,55664782,55781149,116367
27830953,55661906,55778261,116355
27828223,55656446,55772795,116349
27827767,55655534,55771883,116349
27824409,55648818,55765160,116342
27824237,55648474,55764814,116340
27824127,55648254,55764592,116338
27821383,55642766,55759102,116336
27818441,55636882,55753204,116322
27818143,55636286,55752599,116313
27816687,55633374,55749671,116297
27814057,55628114,55744402,116288
27807579,55615158,55731436,116278
27806779,55613558,55729834,116276
27805161,55610322,55726582,116260
27804841,55609682,55725929,116247
27801851,55603702,55719944,116242
27800815,55601630,55717859,116229
27798683,55597366,55713592,116226
27797729,55595458,55711678,116220
27796947,55593894,55710112,116218
27796731,55593462,55709675,116213
27793919,55587838,55704040,116202
27793735,55587470,55703669,116199
27790377,55580754,55696943,116189
27788007,55576014,55692203,116189
27787335,55574670,55690852,116182
27784745,55569490,55685668,116178
27784731,55569462,55685630,116168
27779945,55559890,55676054,116164
27779943,55559886,55676038,116152
27778587,55557174,55673315,116141
27776467,55552934,55669072,116138
27775353,55550706,55666844,116138
27772775,55545550,55661668,116118
27769631,55539262,55655369,116107
27768923,55537846,55653946,116100
27766921,55533842,55649942,116100
27766855,55533710,55649806,116096
27765695,55531390,55647481,116091
27765671,55531342,55647430,116088
27763615,55527230,55643318,116088
27760891,55521782,55637854,116072
27760031,55520062,55636126,116064
27757863,55515726,55631783,116057
27755775,55511550,55627594,116044
27752041,55504082,55620113,116031
27751151,55502302,55618330,116028
27750143,55500286,55616303,116017
27748679,55497358,55613375,116017
27747647,55495294,55611310,116016
27746587,55493174,55609178,116004
27742111,55484222,55600222,116000
27739625,55479250,55595248,115998
27739001,55478002,55593985,115983
27737995,55475990,55591972,115982
27737535,55475070,55591046,115976
27736647,55473294,55589269,115975
27736535,55473070,55589044,115974
27736137,55472274,55588241,115967
27735479,55470958,55586924,115966
27734655,55469310,55585268,115958
27733231,55466462,55582409,115947
27729005,55458010,55573948,115938
27727463,55454926,55570859,115933
27726479,55452958,55568888,115930
27725855,55451710,55567628,115918
27724777,55449554,55565468,115914
27722479,55444958,55560872,115914
27721887,55443774,55559684,115910
27721371,55442742,55558651,115909
27720357,55440714,55556621,115907
27719567,55439134,55555031,115897
27719297,55438594,55554488,115894
27719015,55438030,55553924,115894
27717631,55435262,55551148,115886
27716361,55432722,55548604,115882
27715319,55430638,55546516,115878
27712265,55424530,55540402,115872
27708863,55417726,55533572,115846
27708571,55417142,55532987,115845
27706463,55412926,55528766,115840
27704703,55409406,55525238,115832
27702431,55404862,55520680,115818
27701999,55403998,55519816,115818
27696863,55393726,55509542,115816
27696367,55392734,55508530,115796
27695899,55391798,55507589,115791
27692599,55385198,55500982,115784
27689983,55379966,55495744,115778
27689451,55378902,55494671,115769
27687527,55375054,55490818,115764
27685215,55370430,55486190,115760
27683839,55367678,55483420,115742
27680761,55361522,55477258,115736
27680057,55360114,55475846,115732
27677159,55354318,55470035,115717
27675135,55350270,55465978,115708
27670767,55341534,55457224,115690
27670687,55341374,55457062,115688
27665793,55331586,55447270,115684
27665435,55330870,55446551,115681
27665051,55330102,55445782,115680
27664219,55328438,55444102,115664
27661179,55322358,55438019,115661
27660191,55320382,55436023,115641
27657727,55315454,55431094,115640
27655471,55310942,55426570,115628
27654303,55308606,55424230,115624
27653241,55306482,55422106,115624
27652799,55305598,55421216,115618
27650791,55301582,55417193,115611
27645865,55291730,55407314,115584
27643371,55286742,55402319,115577
27642537,55285074,55400650,115576
27641825,55283650,55399222,115572
27641627,55283254,55398818,115564
27638269,55276538,55392100,115562
27636463,55272926,55388470,115544
27636383,55272766,55388308,115542
27633119,55266238,55381778,115540
27633087,55266174,55381702,115528
27630759,55261518,55377040,115522
27626281,55252562,55368076,115514
27625615,55251230,55366739,115509
27625575,55251150,55366649,115499
27624331,55248662,55364161,115499
27622815,55245630,55361122,115492
27621039,55242078,55357562,115484
27618303,55236606,55352078,115472
27617279,55234558,55350020,115462
27616815,55233630,55349090,115460
27614207,55228414,55343863,115449
27610397,55220794,55336241,115447
27607435,55214870,55330303,115433
27607039,55214078,55329506,115428
27605501,55211002,55326424,115422
27604105,55208210,55323628,115418
27603625,55207250,55322662,115412
27602429,55204858,55320268,115410
27601135,55202270,55317670,115400
27598879,55197758,55313158,115400
27598847,55197694,55313081,115387
27597801,55195602,55310984,115382
27597595,55195190,55310570,115380
27593155,55186310,55301683,115373
27592863,55185726,55301087,115361
27591327,55182654,55298015,115361
27589055,55178110,55293455,115345
27583979,55167958,55283290,115332
27581215,55162430,55277747,115317
27576831,55153662,55268956,115294
27574697,55149394,55264682,115288
27571583,55143166,55258450,115284
27570679,55141358,55256632,115274
27568169,55136338,55251610,115272
27565481,55130962,55246217,115255
27565119,55130238,55245490,115252
27563335,55126670,55241908,115238
27562463,55124926,55240163,115237
27561887,55123774,55239007,115233
27555457,55110914,55226128,115214
27554559,55109118,55224322,115204
27552895,55105790,55220984,115194
27549759,55099518,55214710,115192
27549151,55098302,55213481,115179
27547051,55094102,55209278,115176
27546281,55092562,55207732,115170
27543791,55087582,55202740,115158
27541119,55082238,55197382,115144
27538601,55077202,55192340,115138
27537449,55074898,55190032,115134
27535487,55070974,55186108,115134
27534107,55068214,55183342,115128
27530855,55061710,55176826,115116
27530349,55060698,55175806,115108
27529883,55059766,55174871,115105
27527593,55055186,55170286,115100
27527015,55054030,55169126,115096
27526527,55053054,55168144,115090
27526399,55052798,55167884,115086
27523879,55047758,55162838,115080
27521703,55043406,55158478,115072
27521627,55043254,55158320,115066
27521535,55043070,55158131,115061
27517487,55034974,55150024,115050
27516571,55033142,55148192,115050
27515631,55031262,55146302,115040
27515391,55030782,55145819,115037
27512503,55025006,55140040,115034
27512127,55024254,55139282,115028
27510599,55021198,55136218,115020
27506875,55013750,55128761,115011
27506279,55012558,55127567,115009
27504891,55009782,55124786,115004
27504367,55008734,55123738,115004
27503269,55006538,55121534,114996
27501743,55003486,55118474,114988
27500287,55000574,55115558,114984
27499327,54998654,55113628,114974
27498279,54996558,55111531,114973
27497103,54994206,55109167,114961
27493211,54986422,55101370,114948
27492511,54985022,55099966,114944
27488683,54977366,55092307,114941
27487529,54975058,55089979,114921
27486205,54972410,55087327,114917
27483191,54966382,55081295,114913
27481427,54962854,55077754,114900
27478795,54957590,55072487,114897
27478011,54956022,55070909,114887
27477023,54954046,55068928,114882
27476951,54953902,55068784,114882
27474921,54949842,55064711,114869
27473919,54947838,55062703,114865
27472763,54945526,55060388,114862
27470527,54941054,55055914,114860
27469567,54939134,55053988,114854
27467291,54934582,55049422,114840
27465463,54930926,55045763,114837
27462639,54925278,55040098,114820
27460265,54920530,55035341,114811
27459581,54919162,55033969,114807
27458899,54917798,55032605,114807
27455487,54910974,55025758,114784
27453851,54907702,55022485,114783
27453799,54907598,55022380,114782
27452031,54904062,55018835,114773
27449503,54899006,55013768,114762
27446567,54893134,55007896,114762
27446047,54892094,55006847,114753
27444527,54889054,55003804,114750
27443527,54887054,55001794,114740
27442175,54884350,54999083,114733
27441311,54882622,54997355,114733
27438633,54877266,54991990,114724
27438207,54876414,54991127,114713
27436827,54873654,54988364,114710
27431143,54862286,54976994,114708
27429919,54859838,54974528,114690
27427561,54855122,54969799,114677
27424297,54848594,54963262,114668
27424191,54848382,54963044,114662
27423223,54846446,54961105,114659
27423207,54846414,54961072,114658
27420927,54841854,54956497,114643
27419675,54839350,54953990,114640
27418767,54837534,54952172,114638
27412711,54825422,54940034,114612
27412251,54824502,54939106,114604
27410345,54820690,54935294,114604
27409951,54819902,54934499,114597
27405567,54811134,54925720,114586
27403823,54807646,54922222,114576
27402047,54804094,54918668,114574
27401407,54802814,54917374,114560
27401343,54802686,54917246,114560
27400703,54801406,54915964,114558
27395727,54791454,54906010,114556
27395369,54790738,54905282,114544
27395049,54790098,54904642,114544
27394843,54789686,54904225,114539
27393191,54786382,54900911,114529
27391913,54783826,54898348,114522
27389723,54779446,54893963,114517
27385339,54770678,54885194,114516
27382817,54765634,54880129,114495
27380071,54760142,54874636,114494
27376239,54752478,54866968,114490
27376125,54752250,54866740,114490
27375943,54751886,54866362,114476
27375871,54751742,54866204,114462
27374439,54748878,54863326,114448
27371631,54743262,54857702,114440
27368187,54736374,54850799,114425
27366891,54733782,54848204,114422
27363627,54727254,54841673,114419
27363099,54726198,54840604,114406
27362287,54724574,54838978,114404
27361243,54722486,54836890,114404
27359975,54719950,54834340,114390
27356575,54713150,54827530,114380
27356041,54712082,54826454,114372
27352953,54705906,54820277,114371
27351367,54702734,54817094,114360
27350951,54701902,54816262,114360
27349743,54699486,54813844,114358
27349311,54698622,54812968,114346
27341983,54683966,54798286,114320
27337993,54675986,54790289,114303
27337373,54674746,54789049,114303
27337343,54674686,54788984,114298
27337215,54674430,54788723,114293
27334633,54669266,54783547,114281
27334303,54668606,54782887,114281
27331657,54663314,54777593,114279
27330027,54660054,54774322,114268
27329919,54659838,54774103,114265
27329179,54658358,54772616,114258
27326973,54653946,54768200,114254
27326377,54652754,54767002,114248
27324413,54648826,54763072,114246
27323385,54646770,54761012,114242
27321087,54642174,54756415,114241
27320747,54641494,54755732,114238
27320393,54640786,54755023,114237
27316459,54632918,54747142,114224
27314409,54628818,54743026,114208
27313945,54627890,54742090,114200
27313463,54626926,54741122,114196
27312239,54624478,54738674,114196
27310719,54621438,54735622,114184
27307743,54615486,54729665,114179
27307647,54615294,54729472,114178
27305641,54611282,54725449,114167
27305407,54610814,54724976,114162
27299743,54599486,54713644,114158
27299455,54598910,54713060,114150
27298103,54596206,54710342,114136
27297789,54595578,54709712,114134
27294827,54589654,54703777,114123
27293855,54587710,54701821,114111
27291263,54582526,54696623,114097
27288745,54577490,54691580,114090
27287871,54575742,54689830,114088
27287199,54574398,54688483,114085
27284743,54569486,54683570,114084
27281179,54562358,54676417,114059
27278875,54557750,54671800,114050
27276423,54552846,54666893,114047
27275963,54551926,54665972,114046
27273667,54547334,54661370,114036
27272551,54545102,54659126,114024
27269447,54538894,54652907,114013
27268511,54537022,54651025,114003
27265351,54530702,54644704,114002
27265023,54530046,54644038,113992
27264719,54529438,54643430,113992
27263151,54526302,54640294,113992
27261355,54522710,54636694,113984
27258727,54517454,54631424,113970
27257453,54514906,54628874,113968
27254431,54508862,54622808,113946
27250913,54501826,54615764,113938
27248585,54497170,54611102,113932
27245545,54491090,54605015,113925
27244415,54488830,54602747,113917
27244095,54488190,54602104,113914
27243049,54486098,54599998,113900
27241983,54483966,54597863,113897
27240699,54481398,54595291,113893
27239983,54479966,54593857,113891
27237543,54475086,54588964,113878
27235819,54471638,54585515,113877
27235003,54470006,54583879,113873
27233307,54466614,54580480,113866
27233247,54466494,54580354,113860
27230459,54460918,54574774,113856
27228841,54457682,54571522,113840
27226815,54453630,54567463,113833
27224303,54448606,54562427,113821
27224063,54448126,54561943,113817
27222511,54445022,54558839,113817
27220591,54441182,54554987,113805
27217691,54435382,54549182,113800
27216831,54433662,54547456,113794
27213311,54426622,54540398,113776
27211641,54423282,54537052,113770
27209967,54419934,54533698,113764
27207527,54415054,54528805,113751
27206045,54412090,54525841,113751
27205799,54411598,54525346,113748
27204263,54408526,54522274,113748
27203911,54407822,54521558,113736
27199135,54398270,54511985,113715
27194707,54389414,54503113,113699
27192679,54385358,54499048,113690
27189369,54378738,54492424,113686
27188735,54377470,54491150,113680
27185855,54371710,54485381,113671
27184659,54369318,54482989,113671
27183143,54366286,54479950,113664
27182975,54365950,54479608,113658
27182875,54365750,54479395,113645
27180143,54360286,54473930,113644
27178559,54357118,54470755,113637
27177337,54354674,54468304,113630
27173127,54346254,54459868,113614
27171839,54343678,54457277,113599
27167703,54335406,54449003,113597
27166311,54332622,54446206,113584
27164793,54329586,54443159,113573
27162267,54324534,54438104,113570
27159295,54318590,54432160,113570
27158601,54317202,54430751,113549
27157439,54314878,54428422,113544
27157119,54314238,54427775,113537
27154203,54308406,54421936,113530
27150427,54300854,54414382,113528
27150271,54300542,54414058,113516
27149775,54299550,54413066,113516
27148031,54296062,54409570,113508
27147603,54295206,54408710,113504
27145307,54290614,54404116,113502
27143935,54287870,54401354,113484
27142199,54284398,54397876,113478
27140711,54281422,54394895,113473
27138015,54276030,54389495,113465
27135695,54271390,54384848,113458
27132775,54265550,54379006,113456
27131887,54263774,54377224,113450
27130879,54261758,54375190,113432
27128299,54256598,54370019,113421
27125759,54251518,54364931,113413
27125183,54250366,54363778,113412
27123871,54247742,54361142,113400
27121823,54243646,54357046,113400
27119775,54239550,54352934,113384
27118585,54237170,54350551,113381
27116253,54232506,54345887,113381
27116159,54232318,54345688,113370
27115007,54230014,54343379,113365
27111135,54222270,54335627,113357
27110555,54221110,54334466,113356
27110427,54220854,54334204,113350
27108159,54216318,54329660,113342
27107327,54214654,54327986,113332
27103067,54206134,54319454,113320
27102655,54205310,54318622,113312
27100423,54200846,54314158,113312
27100347,54200694,54314000,113306
27099127,54198254,54311560,113306
27097535,54195070,54308374,113304
27097247,54194494,54307790,113296
27094511,54189022,54302303,113281
27089793,54179586,54292859,113273
27089003,54178006,54291274,113268
27088969,54177938,54291196,113258
27087207,54174414,54287663,113249
27083071,54166142,54279371,113229
27082431,54164862,54278090,113228
27082295,54164590,54277817,113227
27081031,54162062,54275282,113220
27079495,54158990,54272209,113219
27079407,54158814,54272027,113213
27075551,54151102,54264310,113208
27070377,54140754,54253942,113188
27070089,54140178,54253366,113188
27069081,54138162,54251350,113188
27068527,54137054,54250235,113181
27066819,54133638,54246814,113176
27066745,54133490,54246658,113168
27064479,54128958,54242111,113153
27062875,54125750,54238897,113147
27060687,54121374,54234515,113141
27058667,54117334,54230470,113136
27058401,54116802,54229936,113134
27054945,54109890,54223010,113120
27054059,54108118,54221236,113118
27052727,54105454,54218570,113116
27052159,54104318,54217420,113102
27047423,54094846,54207940,113094
27047103,54094206,54207292,113086
27046633,54093266,54206347,113081
27044571,54089142,54202216,113074
27042879,54085758,54198832,113074
27040959,54081918,54194984,113066
27040767,54081534,54194588,113054
27039999,54079998,54193048,113050
27037537,54075074,54188122,113048
27035561,54071122,54184156,113034
27034105,54068210,54181243,113033
27033597,54067194,54180224,113030
27030753,54061506,54174530,113024
27029531,54059062,54172078,113016
27029199,54058398,54171413,113015
27027815,54055630,54168644,113014
27027711,54055422,54168430,113008
27027681,54055362,54168370,113008
27026047,54052094,54165095,113001
27025919,54051838,54164827,112989
27024943,54049886,54162875,112989
27022575,54045150,54158128,112978
27021289,54042578,54155555,112977
27020159,54040318,54153284,112966
27016745,54033490,54146447,112957
27013369,54026738,54139688,112950
27012199,54024398,54137333,112935
27011519,54023038,54135970,112932
27008495,54016990,54129913,112923
27007999,54015998,54128914,112916
27006823,54013646,54126559,112913
27002537,54005074,54117970,112896
26999295,53998590,54111482,112892
26998063,53996126,54109004,112878
26997455,53994910,54107786,112876
26996563,53993126,54105997,112871
26995593,53991186,54104053,112867
26994111,53988222,54101086,112864
26991955,53983910,54096761,112851
26990311,53980622,54093472,112850
26989807,53979614,54092461,112847
26989281,53978562,54091408,112846
26988191,53976382,54089218,112836
26983289,53966578,54079406,112828
26982141,53964282,54077110,112828
26981615,53963230,54076036,112806
26978281,53956562,54069362,112800
26976751,53953502,54066287,112785
26971387,53942774,54055546,112772
26970623,53941246,54054013,112767
26969455,53938910,54051676,112766
26969275,53938550,54051313,112763
26969191,53938382,54051140,112758
26967743,53935486,54048238,112752
26966653,53933306,54046055,112749
26965439,53930878,54043618,112740
26963583,53927166,54039896,112730
26962079,53924158,54036884,112726
26959615,53919230,54031948,112718
26958035,53916070,54028786,112716
26957595,53915190,54027896,112706
26955079,53910158,54022859,112701
26949047,53898094,54010775,112681
26947937,53895874,54008552,112678
26947419,53894838,54007504,112666
26945811,53891622,54004283,112661
26945711,53891422,54004079,112657
26945151,53890302,54002954,112652
26944231,53888462,54001114,112652
26941097,53882194,53994832,112638
26938123,53876246,53988880,112634
26936631,53873262,53985896,112634
26936457,53872914,53985548,112634
26935579,53871158,53983786,112628
26934047,53868094,53980720,112626
26933455,53866910,53979520,112610
26932819,53865638,53978246,112608
26932463,53864926,53977529,112603
26929631,53859262,53971852,112590
26926847,53853694,53966272,112578
26922863,53845726,53958292,112566
26922247,53844494,53957056,112562
26920095,53840190,53952740,112550
26916955,53833910,53946452,112542
26915561,53831122,53943652,112530
26912841,53825682,53938204,112522
26912311,53824622,53937143,112521
26910879,53821758,53934268,112510
26907049,53814098,53926594,112496
26903273,53806546,53919040,112494
26903165,53806330,53918818,112488
26901831,53803662,53916142,112480
26901671,53803342,53915815,112473
26899389,53798778,53911250,112472
26896487,53792974,53905427,112453
26891903,53783806,53896256,112450
26890879,53781758,53894186,112428
26887305,53774610,53887025,112415
26884419,53768838,53881252,112414
26883579,53767158,53879560,112402
26882919,53765838,53878234,112396
26880895,53761790,53874175,112385
26879259,53758518,53870903,112385
26876991,53753982,53866354,112372
26876111,53752222,53864594,112372
26870971,53741942,53854289,112347
26870697,53741394,53853736,112342
26868607,53737214,53849546,112332
26867455,53734910,53847236,112326
26864903,53729806,53842130,112324
26863471,53726942,53839262,112320
26862059,53724118,53836427,112309
26858601,53717202,53829503,112301
26858271,53716542,53828837,112295
26854495,53708990,53821267,112277
26853703,53707406,53819678,112272
26849127,53698254,53810507,112253
26847407,53694814,53807060,112246
26847359,53694718,53806963,112245
26845483,53690966,53803210,112244
26844713,53689426,53801660,112234
26841339,53682678,53794906,112228
26838887,53677774,53789993,112219
26837095,53674190,53786393,112203
26836071,53672142,53784344,112202
26834857,53669714,53781907,112193
26832743,53665486,53777668,112182
26827319,53654638,53766808,112170
26826991,53653982,53766143,112161
26824247,53648494,53760652,112158
26822779,53645558,53757715,112157
26821387,53642774,53754923,112149
26821119,53642238,53754376,112138
26820151,53640302,53752436,112134
26819069,53638138,53750266,112128
26814319,53628638,53740750,112112
26814279,53628558,53740670,112112
26811559,53623118,53735228,112110
26811039,53622078,53734180,112102
26808259,53616518,53728616,112098
26805695,53611390,53723464,112074
26804905,53609810,53721878,112068
26804051,53608102,53720170,112068
26800287,53600574,53712629,112055
26799355,53598710,53710762,112052
26799195,53598390,53710442,112052
26797503,53595006,53707039,112033
26795311,53590622,53702650,112028
26793755,53587510,53699537,112027
26792539,53585078,53697094,112016
26790727,53581454,53693464,112010
26789659,53579318,53691322,112004
26787895,53575790,53687792,112002
26785107,53570214,53682205,111991
26780743,53561486,53673455,111969
26778395,53556790,53668747,111957
26776219,53552438,53664389,111951
26775387,53550774,53662718,111944
26770567,53541134,53653064,111930
26770305,53540610,53652539,111929
26768609,53537218,53649142,111924
26767847,53535694,53647610,111916
26764171,53528342,53640245,111903
26763263,53526526,53638424,111898
26760477,53520954,53632849,111895
26758095,53516190,53628082,111892
26756763,53513526,53625394,111868
26754591,53509182,53621047,111865
26752511,53505022,53616872,111850
26751631,53503262,53615108,111846
26750311,53500622,53612459,111837
26746563,53493126,53604958,111832
26745311,53490622,53602444,111822
26743465,53486930,53598752,111822
26742439,53484878,53596700,111822
26741743,53483486,53595296,111810
26741113,53482226,53594030,111804
26738077,53476154,53587948,111794
26736031,53472062,53583848,111786
26733609,53467218,53579002,111784
26732989,53465978,53577754,111776
26731831,53463662,53575427,111765
26729599,53459198,53570960,111762
26729407,53458814,53570572,111758
26727081,53454162,53565907,111745
26723163,53446326,53558057,111731
26721243,53442486,53554214,111728
26720929,53441858,53553584,111726
26719535,53439070,53550794,111724
26719401,53438802,53550517,111715
26717799,53435598,53547304,111706
26716159,53432318,53544014,111696
26713959,53427918,53539603,111685
26713047,53426094,53537779,111685
26710087,53420174,53531849,111675
26707263,53414526,53526199,111673
26707035,53414070,53525735,111665
26705513,53411026,53522684,111658
26703999,53407998,53519656,111658
26703613,53407226,53518873,111647
26701651,53403302,53514944,111642
26700799,53401598,53513234,111636
26699063,53398126,53509756,111630
26697385,53394770,53506390,111620
26692095,53384190,53495788,111598
26689193,53378386,53489974,111588
26688283,53376566,53488144,111578
26684025,53368050,53479628,111578
26683247,53366494,53478070,111576
26682599,53365198,53476774,111576
26681853,53363706,53475280,111574
26679775,53359550,53471096,111546
26677095,53354190,53465723,111533
26675627,53351254,53462786,111532
26675367,53350734,53462266,111532
26674971,53349942,53461466,111524
26669551,53339102,53450609,111507
26669055,53338110,53449612,111502
26666527,53333054,53444551,111497
26665567,53331134,53442622,111488
26665127,53330254,53441738,111484
26663231,53326462,53437936,111474
26662655,53325310,53436784,111474
26660507,53321014,53432480,111466
26659055,53318110,53429572,111462
26656727,53313454,53424908,111454
26653727,53307454,53418892,111438
26649319,53298638,53410072,111434
26647807,53295614,53407028,111414
26646687,53293374,53404778,111404
26640383,53280766,53392144,111378
26638959,53277918,53389292,111374
26638077,53276154,53387527,111373
26633083,53266166,53377522,111356
26630251,53260502,53371852,111350
26628059,53256118,53367460,111342
26627303,53254606,53365937,111331
26625275,53250550,53361880,111330
26625055,53250110,53361424,111314
26625001,53250002,53361316,111314
26622567,53245134,53356445,111311
26622191,53244382,53355692,111310
26619643,53239286,53350595,111309
26616317,53232634,53343920,111286
26615423,53230846,53342122,111276
26613787,53227574,53338844,111270
26607775,53215550,53326795,111245
26605979,53211958,53323195,111237
26602271,53204542,53315770,111228
26597723,53195446,53306660,111214
26597095,53194190,53305387,111197
26593439,53186878,53298062,111184
26590463,53180926,53292100,111174
26589865,53179730,53290901,111171
26585001,53170002,53281172,111170
26584511,53169022,53280178,111156
26584167,53168334,53279482,111148
26579699,53159398,53270531,111133
26579111,53158222,53269352,111130
26578791,53157582,53268704,111122
26578159,53156318,53267440,111122
26576767,53153534,53264647,111113
26569119,53138238,53249339,111101
26566479,53132958,53244034,111076
26564671,53129342,53240416,111074
26564455,53128910,53239984,111074
26563711,53127422,53238478,111056
26562175,53124350,53235404,111054
26560927,53121854,53232905,111051
26556927,53113854,53224888,111034
26554593,53109186,53220220,111034
26553595,53107190,53218217,111027
26553039,53106078,53217103,111025
26551967,53103934,53214943,111009
26550271,53100542,53211547,111005
26549801,53099602,53210603,111001
26549247,53098494,53209492,110998
26547871,53095742,53206735,110993
26544105,53088210,53199197,110987
26542931,53085862,53196838,110976
26539311,53078622,53189579,110957
26538751,53077502,53188454,110952
26536591,53073182,53184134,110952
26535783,53071566,53182510,110944
26534055,53068110,53179046,110936
26529761,53059522,53170447,110925
26529043,53058086,53169008,110922
26525695,53051390,53162296,110906
26525693,53051386,53162288,110902
26523873,53047746,53158640,110894
26521895,53043790,53154682,110892
26521327,53042654,53153536,110882
26519777,53039554,53150431,110877
26516735,53033470,53144333,110863
26513399,53026798,53137660,110862
26512623,53025246,53136106,110860
26510119,53020238,53131085,110847
26509433,53018866,53129704,110838
26507327,53014654,53125483,110829
26505953,53011906,53122732,110826
26505065,53010130,53120956,110826
26503931,53007862,53118676,110814
26501119,53002238,53113036,110798
26498919,52997838,53108632,110794
26496225,52992450,53103232,110782
26495977,52991954,53102735,110781
26495031,52990062,53100841,110779
26493031,52986062,53096830,110768
26492543,52985086,53095850,110764
26492015,52984030,53094791,110761
26491305,52982610,53093369,110759
26489385,52978770,53089526,110756
26487461,52974922,53085674,110752
26486379,52972758,53083502,110744
26485791,52971582,53082319,110737
26480855,52961710,53072440,110730
26480319,52960638,53071355,110717
26479497,52958994,53069705,110711
26477295,52954590,53065294,110704
26475063,52950126,53060830,110704
26473451,52946902,53057596,110694
26473001,52946002,53056691,110689
26471887,52943774,53054450,110676
26470569,52941138,53051812,110674
26468671,52937342,53048006,110664
26465259,52930518,53041171,110653
26463723,52927446,53038088,110642
26462427,52924854,53035492,110638
26460007,52920014,53030650,110636
26459291,52918582,53029207,110625
26458423,52916846,53027471,110625
26458351,52916702,53027318,110616
26455911,52911822,53022436,110614
26455279,52910558,53021168,110610
26455143,52910286,53020894,110608
26453407,52906814,53017415,110601
26450171,52900342,53010931,110589
26449199,52898398,53008985,110587
26449033,52898066,53008648,110582
26443547,52887094,52997662,110568
26441385,52882770,52993325,110555
26439839,52879678,52990220,110542
26437959,52875918,52986460,110542
26433391,52866782,52977295,110513
26428955,52857910,52968418,110508
26425835,52851670,52962169,110499
26425255,52850510,52960996,110486
26424799,52849598,52960081,110483
26422531,52845062,52955545,110483
26421929,52843858,52954325,110467
26421727,52843454,52953920,110466
26417377,52834754,52945202,110448
26413551,52827102,52937548,110446
26412681,52825362,52935808,110446
26412647,52825294,52935727,110433
26412415,52824830,52935254,110424
26409983,52819966,52930390,110424
26405791,52811582,52921996,110414
26404329,52808658,52919068,110410
26403783,52807566,52917968,110402
26400667,52801334,52911713,110379
26397047,52794094,52904465,110371
26395887,52791774,52902134,110360
26392903,52785806,52896158,110352
26392295,52784590,52894942,110352
26390779,52781558,52891895,110337
26387583,52775166,52885492,110326
26386911,52773822,52884146,110324
26386431,52772862,52883177,110315
26382183,52764366,52874674,110308
26381503,52763006,52873307,110301
26379199,52758398,52868693,110295
26378191,52756382,52866674,110292
26375727,52751454,52861729,110275
26373679,52747358,52857623,110265
26373119,52746238,52856497,110259
26369817,52739634,52849889,110255
26368479,52736958,52847206,110248
26365921,52731842,52842082,110240
26365531,52731062,52841297,110235
26364699,52729398,52839628,110230
26362121,52724242,52834465,110223
26361375,52722750,52832969,110219
26360809,52721618,52831828,110210
26358887,52717774,52827982,110208
26357807,52715614,52825822,110208
26357149,52714298,52824502,110204
26356831,52713662,52823866,110204
26356175,52712350,52822550,110200
26355407,52710814,52821005,110191
26354089,52708178,52818361,110183
26352295,52704590,52814770,110180
26349907,52699814,52809988,110174
26348295,52696590,52806752,110162
26346399,52692798,52802950,110152
26346143,52692286,52802435,110149
26345455,52690910,52801057,110147
26340883,52681766,52791904,110138
26338587,52677174,52787302,110128
26338543,52677086,52787212,110126
26337417,52674834,52784954,110120
26336951,52673902,52784018,110116
26335339,52670678,52780790,110112
26334879,52669758,52779863,110105
26332655,52665310,52775404,110094
26330451,52660902,52770995,110093
26329641,52659282,52769374,110092
26329087,52658174,52768255,110081
26327551,52655102,52765174,110072
26326591,52653182,52763251,110069
26325695,52651390,52761457,110067
26324051,52648102,52758163,110061
26323455,52646910,52756967,110057
26321767,52643534,52753589,110055
26321399,52642798,52752848,110050
26320895,52641790,52751837,110047
26320639,52641278,52751320,110042
26317801,52635602,52745633,110031
26314977,52629954,52739984,110030
26314921,52629842,52739869,110027
26313911,52627822,52737844,110022
26311935,52623870,52733879,110009
26310747,52621494,52731502,110008
26309499,52618998,52728994,109996
26304991,52609982,52719965,109983
26300655,52601310,52711276,109966
26298367,52596734,52706693,109959
26297983,52595966,52705912,109946
26296319,52592638,52702579,109941
26294953,52589906,52699841,109935
26294887,52589774,52699708,109934
26292975,52585950,52695880,109930
26292639,52585278,52695206,109928
26290991,52581982,52691908,109926
26289135,52578270,52688185,109915
26287871,52575742,52685645,109903
26283005,52566010,52675904,109894
26282159,52564318,52674202,109884
26279935,52559870,52669750,109880
26279871,52559742,52669613,109871
26274169,52548338,52658189,109851
26273791,52547582,52657427,109845
26271679,52543358,52653199,109841
26269087,52538174,52648001,109827
26267475,52534950,52644772,109822
26265327,52530654,52640468,109814
26263323,52526646,52636448,109802
26262127,52524254,52634053,109799
26260905,52521810,52631606,109796
26258657,52517314,52627108,109794
26257067,52514134,52623919,109785
26256351,52512702,52622477,109775
26251751,52503502,52613260,109758
26251167,52502334,52612090,109756
26247905,52495810,52605557,109747
26247167,52494334,52604068,109734
26246379,52492758,52602491,109733
26245823,52491646,52601375,109729
26240447,52480894,52590602,109708
26237679,52475358,52585058,109700
26236143,52472286,52581982,109696
26234575,52469150,52578838,109688
26231295,52462590,52572260,109670
26227255,52454510,52564180,109670
26227103,52454206,52563860,109654
26227007,52454014,52563668,109654
26224175,52448350,52557989,109639
26221225,52442450,52552084,109634
26218711,52437422,52547044,109622
26217343,52434686,52544302,109616
26214537,52429074,52538678,109604
26213375,52426750,52536347,109597
26206207,52412414,52521979,109565
26203135,52406270,52515823,109553
26200829,52401658,52511210,109552
26198811,52397622,52507156,109534
26196969,52393938,52503463,109525
26195169,52390338,52499860,109522
26194171,52388342,52497857,109515
26192475,52384950,52494461,109511
26191487,52382974,52492475,109501
26183855,52367710,52477186,109476
26182817,52365634,52475110,109476
26182683,52365366,52474841,109475
26181631,52363262,52472720,109458
26179903,52359806,52469260,109454
26179303,52358606,52468057,109451
26178799,52357598,52467047,109449
26177279,52354558,52464004,109446
26175919,52351838,52461283,109445
26175561,52351122,52460561,109439
26169473,52338946,52448380,109434
26168883,52337766,52447192,109426
26167131,52334262,52443668,109406
26166763,52333526,52442927,109401
26163993,52327986,52437382,109396
26163839,52327678,52437073,109395
26163055,52326110,52435495,109385
26156541,52313082,52422466,109384
26156369,52312738,52422113,109375
26155751,52311502,52420858,109356
26151079,52302158,52411499,109341
26150227,52300454,52409788,109334
26149871,52299742,52409072,109330
26146075,52292150,52401476,109326
26144751,52289502,52398818,109316
26143047,52286094,52395395,109301
26140231,52280462,52389752,109290
26138783,52277566,52386856,109290
26136735,52273470,52382752,109282
26135815,52271630,52380904,109274
26134299,52268598,52377866,109268
26132095,52264190,52373456,109266
26130479,52260958,52370224,109266
26128575,52257150,52366388,109238
26126183,52252366,52361603,109237
26124783,52249566,52358789,109223
26121855,52243710,52352932,109222
26121215,52242430,52351643,109213
26120027,52240054,52349260,109206
26119271,52238542,52347746,109204
26118025,52236050,52345253,109203
26117679,52235358,52344556,109198
26115519,52231038,52340221,109183
26113161,52226322,52335496,109174
26111615,52223230,52332398,109168
26107575,52215150,52324306,109156
26105321,52210642,52319789,109147
26103663,52207326,52316464,109138
26101883,52203766,52312900,109134
26098075,52196150,52305268,109118
26097889,52195778,52304890,109112
26095993,52191986,52301095,109109
26095083,52190166,52299269,109103
26093035,52186070,52295170,109100
26092635,52185270,52294370,109100
26091115,52182230,52291322,109092
26088475,52176950,52286026,109076
26087659,52175318,52284392,109074
26087367,52174734,52283803,109069
26086377,52172754,52281817,109063
26085403,52170806,52279867,109061
26083327,52166654,52275706,109052
26080367,52160734,52269784,109050
26078889,52157778,52266817,109039
26078471,52156942,52265978,109036
26077663,52155326,52264358,109032
26076507,52153014,52262044,109030
26075873,52151746,52260770,109024
26075475,52150950,52259974,109024
26073759,52147518,52256542,109024
26072349,52144698,52253713,109015
26070079,52140158,52249162,109004
26070043,52140086,52249084,108998
26068459,52136918,52245908,108990
26067271,52134542,52243526,108984
26063367,52126734,52235707,108973
26062695,52125390,52234354,108964
26061051,52122102,52231066,108964
26057895,52115790,52224740,108950
26056807,52113614,52222556,108942
26054825,52109650,52218587,108937
26054559,52109118,52218047,108929
26053503,52107006,52215932,108926
26052031,52104062,52212980,108918
26049343,52098686,52207598,108912
26047769,52095538,52204450,108912
26047599,52095198,52204102,108904
26045183,52090366,52199261,108895
26044415,52088830,52197716,108886
26040233,52080466,52189352,108886
26036727,52073454,52182322,108868
26034815,52069630,52178476,108846
26033339,52066678,52175524,108846
26031439,52062878,52171717,108839
26030589,52061178,52170014,108836
26029807,52059614,52168439,108825
26026687,52053374,52162198,108824
26025727,52051454,52160264,108810
26024617,52049234,52158040,108806
26024095,52048190,52156993,108803
26021423,52042846,52151647,108801
26019303,52038606,52147397,108791
26019099,52038198,52146989,108791
26018775,52037550,52146335,108785
26017215,52034430,52143208,108778
26015903,52031806,52140575,108769
26013551,52027102,52135868,108766
26013183,52026366,52135130,108764
26012257,52024514,52133278,108764
26010091,52020182,52128928,108746
26005147,52010294,52119022,108728
26002203,52004406,52113127,108721
26002127,52004254,52112975,108721
26000559,52001118,52109824,108706
25996315,51992630,52101319,108689
25993727,51987454,52096127,108673
25991911,51983822,52092491,108669
25991487,51982974,52091642,108668
25990939,51981878,52090546,108668
25989447,51978894,52087562,108668
25987359,51974718,52083371,108653
25985135,51970270,52078913,108643
25984303,51968606,52077248,108642
25981799,51963598,52072222,108624
25980671,51961342,52069963,108621
25980263,51960526,52069144,108618
25976923,51953846,52062460,108614
25976361,51952722,52061329,108607
25975351,51950702,52059301,108599
25973543,51947086,52055680,108594
25972351,51944702,52053293,108591
25970159,51940318,52048898,108580
25966617,51933234,52041811,108577
25966335,51932670,52041238,108568
25964543,51929086,52037639,108553
25964159,51928318,52036870,108552
25962495,51924990,52033537,108547
25957467,51914934,52023464,108530
25955895,51911790,52020317,108527
25955305,51910610,52019128,108518
25952329,51904658,52013168,108510
25952027,51904054,52012559,108505
25949737,51899474,52007974,108500
25949407,51898814,52007309,108495
25946215,51892430,52000924,108494
25945535,51891070,51999550,108480
25945511,51891022,51999499,108477
25943723,51887446,51995920,108474
25943295,51886590,51995060,108470
25942175,51884350,51992818,108468
25940799,51881598,51990055,108457
25938815,51877630,51986083,108453
25938543,51877086,51985534,108448
25935519,51871038,51979480,108442
25935167,51870334,51978773,108439
25933159,51866318,51974750,108432
25933023,51866046,51974473,108427
25929799,51859598,51968018,108420
25929727,51859454,51967859,108405
25927069,51854138,51962540,108402
25924967,51849934,51958324,108390
25922045,51844090,51952472,108382
25921023,51842046,51950428,108382
25920795,51841590,51949961,108371
25918631,51837262,51945626,108364
25914523,51829046,51937402,108356
25913815,51827630,51935986,108356
25912559,51825118,51933460,108342
25911807,51823614,51931948,108334
25910249,51820498,51928831,108333
25908763,51817526,51925853,108327
25907703,51815406,51923726,108320
25904265,51808530,51916835,108305
25902719,51805438,51913736,108298
25902191,51804382,51912679,108297
25902079,51804158,51912454,108296
25900599,51801198,51909493,108295
25899487,51798974,51907258,108284
25898011,51796022,51904304,108282
25897703,51795406,51903679,108273
25896415,51792830,51901102,108272
25895663,51791326,51899596,108270
25893311,51786622,51894880,108258
25890511,51781022,51889267,108245
25890431,51780862,51889106,108244
25888765,51777530,51885772,108242
25885807,51771614,51879847,108233
25882271,51764542,51872759,108217
25881323,51762646,51870856,108210
25878695,51757390,51865595,108205
25878223,51756446,51864650,108204
25878071,51756142,51864340,108198
25875947,51751894,51860087,108193
25874681,51749362,51857552,108190
25873499,51746998,51855178,108180
25873065,51746130,51854308,108178
25870649,51741298,51849470,108172
25868361,51736722,51844882,108160
25867823,51735646,51843806,108160
25867547,51735094,51843248,108154
25864869,51729738,51837884,108146
25863913,51727826,51835960,108134
25860607,51721214,51829348,108134
25858939,51717878,51825998,108120
25858459,51716918,51825035,108117
25857383,51714766,51822875,108109
25855771,51711542,51819650,108108
25855561,51711122,51819227,108105
25854375,51708750,51816850,108100
25848831,51697662,51805732,108070
25847343,51694686,51802756,108070
25844863,51689726,51797789,108063
25843629,51687258,51795319,108061
25842175,51684350,51792392,108042
25841003,51682006,51790048,108042
25837727,51675454,51783482,108028
25837481,51674962,51782989,108027
25836921,51673842,51781868,108026
25833723,51667446,51775453,108007
25831271,51662542,51770542,108000
25830655,51661310,51769309,107999
25829543,51659086,51767080,107994
25827967,51655934,51763924,107990
25825839,51651678,51759659,107981
25825279,51650558,51758530,107972
25822191,51644382,51752348,107966
25820841,51641682,51749638,107956
25819375,51638750,51746698,107948
25818665,51637330,51745273,107943
25816007,51632014,51739955,107941
25814203,51628406,51736337,107931
25811111,51622222,51730150,107928
25808123,51616246,51724169,107923
25808055,51616110,51724024,107914
25807087,51614174,51722081,107907
25806163,51612326,51720221,107895
25805537,51611074,51718967,107893
25803641,51607282,51715169,107887
25803263,51606526,51714404,107878
25801191,51602382,51710260,107878
25798727,51597454,51705328,107874
25798503,51597006,51704867,107861
25796681,51593362,51701222,107860
25796233,51592466,51700318,107852
25795561,51591122,51698972,107850
25792353,51584706,51692548,107842
25791655,51583310,51691148,107838
25789471,51578942,51686768,107826
25789119,51578238,51686059,107821
25782439,51564878,51672694,107816
25782137,51564274,51672074,107800
25780591,51561182,51668975,107793
25779919,51559838,51667622,107784
25778155,51556310,51664094,107784
25776731,51553462,51661246,107784
25773895,51547790,51655573,107783
25773849,51547698,51655480,107782
25772735,51545470,51653224,107754
25769191,51538382,51646123,107741
25767423,51534846,51642580,107734
25767151,51534302,51642035,107733
25763567,51527134,51634855,107721
25763487,51526974,51634691,107717
25762473,51524946,51632656,107710
25760633,51521266,51628970,107704
25759913,51519826,51627530,107704
25758049,51516098,51623801,107703
25757935,51515870,51623561,107691
25756025,51512050,51619733,107683
25752879,51505758,51613436,107678
25752105,51504210,51611879,107669
25750887,51501774,51609442,107668
25748393,51496786,51604445,107659
25747563,51495126,51602782,107656
25746707,51493414,51601070,107656
25746431,51492862,51600514,107652
25746203,51492406,51600058,107652
25746045,51492090,51599735,107645
25743699,51487398,51595031,107633
25742975,51485950,51593578,107628
25741689,51483378,51591005,107627
25741471,51482942,51590564,107622
25735391,51470782,51578392,107610
25735359,51470718,51578318,107600
25734399,51468798,51576398,107600
25733599,51467198,51574792,107594
25731241,51462482,51570076,107594
25730783,51461566,51569153,107587
25727831,51455662,51563240,107578
25726063,51452126,51559696,107570
25725087,51450174,51557741,107567
25724775,51449550,51557110,107560
25724755,51449510,51557068,107558
25721599,51443198,51550748,107550
25720425,51440850,51548398,107548
25720111,51440222,51547768,107546
25718079,51436158,51543700,107542
25717999,51435998,51543538,107540
25717483,51434966,51542500,107534
25716967,51433934,51541462,107528
25715369,51430738,51538250,107512
25712297,51424594,51532097,107503
25711343,51422686,51530185,107499
25710217,51420434,51527932,107498
25708059,51416118,51523612,107494
25707759,51415518,51523000,107482
25705129,51410258,51517732,107474
25703615,51407230,51514694,107464
25701607,51403214,51510674,107460
25700221,51400442,51507902,107460
25699775,51399550,51506999,107449
25698303,51396606,51504052,107446
25698047,51396094,51503531,107437
25694663,51389326,51496762,107436
25694483,51388966,51496402,107436
25693861,51387722,51495155,107433
25693119,51386238,51493664,107426
25692905,51385810,51493234,107424
25692263,51384526,51491950,107424
25692159,51384318,51491738,107420
25690779,51381558,51488972,107414
25689427,51378854,51486263,107409
25688703,51377406,51484810,107404
25687265,51374530,51481930,107400
25687071,51374142,51481535,107393
25685631,51371262,51478649,107387
25683271,51366542,51473927,107385
25682687,51365374,51472756,107382
25681063,51362126,51469504,107378
25680041,51360082,51467449,107367
25675679,51351358,51458711,107353
25674223,51348446,51455788,107342
25671451,51342902,51450232,107330
25670991,51341982,51449312,107330
25668891,51337782,51445102,107320
25666527,51333054,51440372,107318
25663999,51327998,51435310,107312
25663737,51327474,51434783,107309
25661951,51323902,51431189,107287
25659495,51318990,51426272,107282
25658047,51316094,51423376,107282
25654511,51309022,51416278,107256
25652583,51305166,51412418,107252
25649263,51298526,51405769,107243
25645609,51291218,51398446,107228
25643463,51286926,51394148,107222
25643361,51286722,51393938,107216
25639593,51279186,51386386,107200
25637247,51274494,51381692,107198
25635179,51270358,51377548,107190
25634543,51269086,51376270,107184
25632747,51265494,51372664,107170
25629723,51259446,51366616,107170
25629049,51258098,51365266,107168
25628991,51257982,51365132,107150
25626527,51253054,51360196,107142
25625583,51251166,51358306,107140
25624423,51248846,51355978,107132
25618809,51237618,51344741,107123
25618657,51237314,51344426,107112
25615055,51230110,51337204,107094
25610617,51221234,51328318,107084
25610239,51220478,51327553,107075
25608703,51217406,51324473,107067
25605863,51211726,51318785,107059
25604847,51209694,51316742,107048
25603199,51206398,51313439,107041
25595439,51190878,51297898,107020
25592477,51184954,51291962,107008
25590463,51180926,51287917,106991
25590207,51180414,51287404,106990
25589075,51178150,51285140,106990
25588379,51176758,51283739,106981
25586267,51172534,51279514,106980
25585663,51171326,51278294,106968
25580577,51161154,51268120,106966
25580015,51160030,51266974,106944
25577471,51154942,51261880,106938
25576063,51152126,51259054,106928
25571679,51143358,51250279,106921
25570617,51141234,51248146,106912
25570017,51140034,51246946,106912
25569007,51138014,51244919,106905
25563583,51127166,51234064,106898
25563501,51127002,51233894,106892
25562877,51125754,51232634,106880
25557083,51114166,51221018,106852
25554941,51109882,51216731,106849
25553633,51107266,51214106,106840
25550823,51101646,51208480,106834
25548903,51097806,51204631,106825
25548191,51096382,51203194,106812
25545671,51091342,51198149,106807
25544795,51089590,51196391,106801
25542991,51085982,51192782,106800
25542655,51085310,51192100,106790
25538937,51077874,51184651,106777
25537787,51075574,51182344,106770
25535723,51071446,51178216,106770
25535481,51070962,51177730,106768
25534763,51069526,51176287,106761
25534207,51068414,51175168,106754
25533993,51067986,51174740,106754
25531039,51062078,51168829,106751
25528559,51057118,51163864,106746
25526313,51052626,51159364,106738
25522589,51045178,51151898,106720
25521999,51043998,51150704,106706
25519199,51038398,51145100,106702
25517311,51034622,51141314,106692
25516123,51032246,51138929,106683
25513243,51026486,51133162,106676
25512919,51025838,51132514,106676
25511295,51022590,51129256,106666
25510759,51021518,51128174,106656
25508267,51016534,51123181,106647
25506431,51012862,51119504,106642
25506217,51012434,51119075,106641
25504795,51009590,51116230,106640
25504543,51009086,51115723,106637
25503359,51006718,51113354,106636
25502369,51004738,51111367,106629
25500671,51001342,51107962,106620
25499311,50998622,51105239,106617
25494255,50988510,51095123,106613
25492983,50985966,51092576,106610
25491851,50983702,51090302,106600
25490047,50980094,51086680,106586
25489895,50979790,51086375,106585
25488383,50976766,51083332,106566
25487871,50975742,51082301,106559
25486473,50972946,51079502,106556
25484799,50969598,51076150,106552
25484455,50968910,51075458,106548
25482617,50965234,51071782,106548
25479863,50959726,51066274,106548
25479487,50958974,51065516,106542
25478759,50957518,51064060,106542
25478559,50957118,51063655,106537
25478121,50956242,51062764,106522
25474273,50948546,51055055,106509
25471871,50943742,51050236,106494
25471775,50943550,51050044,106494
25469979,50939958,51046448,106490
25468585,50937170,51043660,106490
25468457,50936914,51043396,106482
25465711,50931422,51037901,106479
25465083,50930166,51036640,106474
25463161,50926322,51032791,106469
25461759,50923518,51029972,106454
25458281,50916562,51023014,106452
25458079,50916158,51022604,106446
25456637,50913274,51019706,106432
25454703,50909406,51015832,106426
25454591,50909182,51015601,106419
25451177,50902354,51008764,106410
25449711,50899422,51005830,106408
25449503,50899006,51005410,106404
25448283,50896566,51002962,106396
25447451,50894902,51001295,106393
25445871,50891742,50998130,106388
25445867,50891734,50998121,106387
25443103,50886206,50992580,106374
25439871,50879742,50986102,106360
25437939,50875878,50982238,106360
25436411,50872822,50979172,106350
25433595,50867190,50973533,106343
25431599,50863198,50969537,106339
25430907,50861814,50968145,106331
25428203,50856406,50962726,106320
25427615,50855230,50961545,106315
25424249,50848498,50954800,106302
25420019,50840038,50946326,106288
25418295,50836590,50942870,106280
25415295,50830590,50936863,106273
25415165,50830330,50936591,106261
25414683,50829366,50935625,106259
25411727,50823454,50929712,106258
25410879,50821758,50927998,106240
25408815,50817630,50923870,106240
25408603,50817206,50923444,106238
25408543,50817086,50923322,106236
25405851,50811702,50917936,106234
25403391,50806782,50912995,106213
25403273,50806546,50912755,106209
25401663,50803326,50909528,106202
25399963,50799926,50906122,106196
25397353,50794706,50900896,106190
25395047,50790094,50896276,106182
25394857,50789714,50895890,106176
25393833,50787666,50893832,106166
25390419,50780838,50887001,106163
25388343,50776686,50882833,106147
25384655,50769310,50875450,106140
25384415,50768830,50874967,106137
25383407,50766814,50872948,106134
25382043,50764086,50870212,106126
25380735,50761470,50867594,106124
25380287,50760574,50866690,106116
25379483,50758966,50865079,106113
25378799,50757598,50863709,106111
25377277,50754554,50860660,106106
25375015,50750030,50856124,106094
25373799,50747598,50853689,106091
25371325,50742650,50848738,106088
25370791,50741582,50847659,106077
25369709,50739418,50845495,106077
25369319,50738638,50844709,106071
25367999,50735998,50842060,106062
25364307,50728614,50834668,106054
25363487,50726974,50833015,106041
25359521,50719042,50825074,106032
25358457,50716914,50822939,106025
25358335,50716670,50822687,106017
25356527,50713054,50819066,106012
25353663,50707326,50813327,106001
25352687,50705374,50811371,105997
25349611,50699222,50805206,105984
25348255,50696510,50802488,105978
25343855,50687710,50793682,105972
25343145,50686290,50792248,105958
25341799,50683598,50789551,105953
25341167,50682334,50788286,105952
25339647,50679294,50785244,105950
25339551,50679102,50785046,105944
25338599,50677198,50783138,105940
25337705,50675410,50781350,105940
25336615,50673230,50779169,105939
25335551,50671102,50777027,105925
25334591,50669182,50775106,105924
25332457,50664914,50770838,105924
25330825,50661650,50767562,105912
25328239,50656478,50762389,105911
25326815,50653630,50759530,105900
25325793,50651586,50757482,105896
25325415,50650830,50756710,105880
25324287,50648574,50754451,105877
25321031,50642062,50747938,105876
25321007,50642014,50747884,105870
25320191,50640382,50746241,105859
25316715,50633430,50739284,105854
25316691,50633382,50739232,105850
25313051,50626102,50731933,105831
25312359,50624718,50730545,105827
25308927,50617854,50723668,105814
25307495,50614990,50720800,105810
25305323,50610646,50716456,105810
25305183,50610366,50716169,105803
25303279,50606558,50712353,105795
25300607,50601214,50706998,105784
25300063,50600126,50705908,105782
25299431,50598862,50704636,105774
25299423,50598846,50704618,105772
25291433,50582866,50688610,105744
25288929,50577858,50683591,105733
25287419,50574838,50680568,105730
25287271,50574542,50680268,105726
25284585,50569170,50674894,105724
25284031,50568062,50673770,105708
25282027,50564054,50669756,105702
25280839,50561678,50667373,105695
25279519,50559038,50664727,105689
25275855,50551710,50657399,105689
25275547,50551094,50656768,105674
25273151,50546302,50651972,105670
25272889,50545778,50651446,105668
25272731,50545462,50651125,105663
25272487,50544974,50650636,105662
25271743,50543486,50649142,105656
25268079,50536158,50641811,105653
25268059,50536118,50641759,105641
25267135,50534270,50639908,105638
25262761,50525522,50631146,105624
25261287,50522574,50628187,105613
25258855,50517710,50623313,105603
25256585,50513170,50618771,105601
25256439,50512878,50618476,105598
25256119,50512238,50617834,105596
25254895,50509790,50615378,105588
25253743,50507486,50613070,105584
25252679,50505358,50610940,105582
25252577,50505154,50610736,105582
25249107,50498214,50603782,105568
25247995,50495990,50601556,105566
25247067,50494134,50599694,105560
25244651,50489302,50594855,105553
25240811,50481622,50587163,105541
25240403,50480806,50586334,105528
25240191,50480382,50585906,105524
25238185,50476370,50581894,105524
25237419,50474838,50580359,105521
25237275,50474550,50580071,105521
25236223,50472446,50577959,105513
25233179,50466358,50571854,105496
25230043,50460086,50565580,105494
25228841,50457682,50563163,105481
25226239,50452478,50557943,105465
25225695,50451390,50556854,105464
25220207,50440414,50545864,105450
25219323,50438646,50544088,105442
25218203,50436406,50541841,105435
25216891,50433782,50539216,105434
25214747,50429494,50534918,105424
25212383,50424766,50530180,105414
25209535,50419070,50524469,105399
25207353,50414706,50520104,105398
25206119,50412238,50517634,105396
25205503,50411006,50516389,105383
25200703,50401406,50506774,105368
25197223,50394446,50499814,105368
25195049,50390098,50495440,105342
25194943,50389886,50495224,105338
25190903,50381806,50487136,105330
25190719,50381438,50486755,105317
25188175,50376350,50481664,105314
25187967,50375934,50481244,105310
25187487,50374974,50480279,105305
25186441,50372882,50478187,105305
25185277,50370554,50475853,105299
25183515,50367030,50472322,105292
25180671,50361342,50466620,105278
25179247,50358494,50463764,105270
25178111,50356222,50461486,105264
25177327,50354654,50459917,105263
25175529,50351058,50456315,105257
25173985,50347970,50453225,105255
25172207,50344414,50449657,105243
25171359,50342718,50447956,105238
25169463,50338926,50444158,105232
25166023,50332046,50437270,105224
25165823,50331646,50436859,105213
25165503,50331006,50436217,105211
25162141,50324282,50429492,105210
25159295,50318590,50423791,105201
25159107,50318214,50423411,105197
25157567,50315134,50420315,105181
25153887,50307774,50412947,105173
25151359,50302718,50407879,105161
25150495,50300990,50406140,105150
25148383,50296766,50401910,105144
25147887,50295774,50400917,105143
25146807,50293614,50398757,105143
25144603,50289206,50394338,105132
25141369,50282738,50387858,105120
25141095,50282190,50387309,105119
25139527,50279054,50384165,105111
25135881,50271762,50376868,105106
25135481,50270962,50376050,105088
25135017,50270034,50375119,105085
25132735,50265470,50370545,105075
25130399,50260798,50365864,105066
25127239,50254478,50359535,105057
25126911,50253822,50358874,105052
25125501,50251002,50356052,105050
25123713,50247426,50352475,105049
25123067,50246134,50351179,105045
25122151,50244302,50349347,105045
25122131,50244262,50349296,105034
25121321,50242642,50347676,105034
25119703,50239406,50344433,105027
25118633,50237266,50342290,105024
25117935,50235870,50340892,105022
25115625,50231250,50336260,105010
25114783,50229566,50334568,105002
25112915,50225830,50330824,104994
25108571,50217142,50322131,104989
25107227,50214454,50319422,104968
25105051,50210102,50315062,104960
25103999,50207998,50312954,104956
25103337,50206674,50311628,104954
25101467,50202934,50307884,104950
25101247,50202494,50307437,104943
25100287,50200574,50305516,104942
25098239,50196478,50301409,104931
25095807,50191614,50296544,104930
25093991,50187982,50292902,104920
25091071,50182142,50287043,104901
25087615,50175230,50280122,104892
25086463,50172926,50277809,104883
25085065,50170130,50275012,104882
25084571,50169142,50274020,104878
25077183,50154366,50259208,104842
25073435,50146870,50251699,104829
25069215,50138430,50243242,104812
25065001,50130002,50234798,104796
25064295,50128590,50233385,104795
25061887,50123774,50228551,104777
25060095,50120190,50224966,104776
25060009,50120018,50224792,104774
25056425,50112850,50217608,104758
25055471,50110942,50215700,104758
25052137,50104274,50209028,104754
25050879,50101758,50206492,104734
25050089,50100178,50204909,104731
25049567,50099134,50203865,104731
25049179,50098358,50203084,104726
25045191,50090382,50195104,104722
25044279,50088558,50193275,104717
25043439,50086878,50191595,104717
25043435,50086870,50191577,104707
25039713,50079426,50184124,104698
25039031,50078062,50182748,104686
25037467,50074934,50179618,104684
25036495,50072990,50177668,104678
25034799,50069598,50174272,104674
25034409,50068818,50173486,104668
25034295,50068590,50173256,104666
25032423,50064846,50169508,104662
25027611,50055222,50159870,104648
25027241,50054482,50159116,104634
25023421,50046842,50151467,104625
25020187,50040374,50144984,104610
25019039,50038078,50142685,104607
25018703,50037406,50142010,104604
25017199,50034398,50139001,104603
25017115,50034230,50138828,104598
25012587,50025174,50129764,104590
25010623,50021246,50125828,104582
25009565,50019130,50123696,104566
25006415,50012830,50117383,104553
25005415,50010830,50115376,104546
25004295,50008590,50113136,104546
25003763,50007526,50112071,104545
25002943,50005886,50110420,104534
25001375,50002750,50107282,104532
24999465,49998930,50103454,104524
24998339,49996678,50101199,104521
24997999,49995998,50100518,104520
24996393,49992786,50097296,104510
24993407,49986814,50091316,104502
24993023,49986046,50090548,104502
24992895,49985790,50090285,104495
24992311,49984622,50089112,104490
24991059,49982118,50086604,104486
24989695,49979390,50083870,104480
24986023,49972046,50076526,104480
24985703,49971406,50075876,104470
24984607,49969214,50073677,104463
24983643,49967286,50071745,104459
24983507,49967014,50071472,104458
24981743,49963486,50067940,104454
24981351,49962702,50067146,104444
24978247,49956494,50060936,104442
24977389,49954778,50059216,104438
24974675,49949350,50053768,104418
24973471,49946942,50051356,104414
24968275,49936550,50040953,104403
24966247,49932494,50036876,104382
24964891,49929782,50034161,104379
24963809,49927618,50031992,104374
24962791,49925582,50029954,104372
24962131,49924262,50028629,104367
24958207,49916414,50020760,104346
24956553,49913106,50017450,104344
24955257,49910514,50014849,104335
24952811,49905622,50009951,104329
24952303,49904606,50008930,104324
24951451,49902902,50007226,104324
24950327,49900654,50004970,104316
24944731,49889462,49993774,104312
24944639,49889278,49993573,104295
24941185,49882370,49986664,104294
24940895,49881790,49986071,104281
24939177,49878354,49982620,104266
24934871,49869742,49973998,104256
24932895,49865790,49970044,104254
24932535,49865070,49969310,104240
24929999,49859998,49964231,104233
24926717,49853434,49957663,104229
24925523,49851046,49955258,104212
24924841,49849682,49953890,104208
24923375,49846750,49950958,104208
24921647,49843294,49947488,104194
24919177,49838354,49942546,104192
24918175,49836350,49940536,104186
24917759,49835518,49939694,104176
24914969,49829938,49934111,104173
24913359,49826718,49930889,104171
24912123,49824246,49928404,104158
24908641,49817282,49921433,104151
24907975,49815950,49920100,104150
24907165,49814330,49918472,104142
24907079,49814158,49918300,104142
24904841,49809682,49913813,104131
24904423,49808846,49912969,104123
24902895,49805790,49909907,104117
24901769,49803538,49907654,104116
24899719,49799438,49903547,104109
24899199,49798398,49902497,104099
24896471,49792942,49897034,104092
24893203,49786406,49890490,104084
24892983,49785966,49890050,104084
24892655,49785310,49889384,104074
24889643,49779286,49883359,104073
24889179,49778358,49882426,104068
24887593,49775186,49879243,104057
24885675,49771350,49875398,104048
24883899,49767798,49871842,104044
24882971,49765942,49869982,104040
24882439,49764878,49868914,104036
24880799,49761598,49865624,104026
24876585,49753170,49857191,104021
24876359,49752718,49856732,104014
24875899,49751798,49855804,104006
24874633,49749266,49853272,104006
24874281,49748562,49852559,103997
24873127,49746254,49850248,103994
24871913,49743826,49847815,103989
24871423,49742846,49846832,103986
24869275,49738550,49842530,103980
24868217,49736434,49840409,103975
24868123,49736246,49840217,103971
24866209,49732418,49836389,103971
24863231,49726462,49830412,103950
24862831,49725662,49829609,103947
24860233,49720466,49824412,103946
24858793,49717586,49821532,103946
24857047,49714094,49818037,103943
24856929,49713858,49817794,103936
24856615,49713230,49817155,103925
24854463,49708926,49812844,103918
24853447,49706894,49810804,103910
24851695,49703390,49807292,103902
24848659,49697318,49801220,103902
24847671,49695342,49799236,103894
24846895,49693790,49797683,103893
24845295,49690590,49794478,103888
24844135,49688270,49792151,103881
24842447,49684894,49788764,103870
24841209,49682418,49786282,103864
24840895,49681790,49785646,103856
24840873,49681746,49785601,103855
24840103,49680206,49784060,103854
24835487,49670974,49774823,103849
24835355,49670710,49774552,103842
24834463,49668926,49772756,103830
24832359,49664718,49768537,103819
24831399,49662798,49766615,103817
24829799,49659598,49763410,103812
24827135,49654270,49758077,103807
24825583,49651166,49754969,103803
24821943,49643886,49747688,103802
24821739,49643478,49747259,103781
24819803,49639606,49743376,103770
24818791,49637582,49741349,103767
24816027,49632054,49735805,103751
24813993,49627986,49731734,103748
24812799,49625598,49729342,103744
24810217,49620434,49724170,103736
24809115,49618230,49721953,103723
24809015,49618030,49721753,103723
24808745,49617490,49721212,103722
24807751,49615502,49719220,103718
24806847,49613694,49717406,103712
24804991,49609982,49713689,103707
24801599,49603198,49706891,103693
24800619,49601238,49704931,103693
24798875,49597750,49701437,103687
24795759,49591518,49695200,103682
24794239,49588478,49692149,103671
24793807,49587614,49691284,103670
24793691,49587382,49691042,103660
24792375,49584750,49688410,103660
24792303,49584606,49688266,103660
24791721,49583442,49687100,103658
24791095,49582190,49685842,103652
24789033,49578066,49681711,103645
24785273,49570546,49674179,103633
24781801,49563602,49667215,103613
24781503,49563006,49666618,103612
24779903,49559806,49663405,103599
24778367,49556734,49660327,103593
24776431,49552862,49656454,103592
24775763,49551526,49655116,103590
24775639,49551278,49654864,103586
24772607,49545214,49648787,103573
24770937,49541874,49645444,103570
24769183,49538366,49641929,103563
24768153,49536306,49639868,103562
24767999,49535998,49639553,103555
24766177,49532354,49635908,103554
24764591,49529182,49632736,103554
24764187,49528374,49631912,103538
24763119,49526238,49629773,103535
24762459,49524918,49628452,103534
24760659,49521318,49624852,103534
24760543,49521086,49624606,103520
24759455,49518910,49622423,103513
24757631,49515262,49618774,103512
24756463,49512926,49616432,103506
24754175,49508350,49611851,103501
24752311,49504622,49608116,103494
24749671,49499342,49602823,103481
24748713,49497426,49600895,103469
24747135,49494270,49597738,103468
24746855,49493710,49597175,103465
24741175,49482350,49585810,103460
24739903,49479806,49583243,103437
24739839,49479678,49583114,103436
24738535,49477070,49580497,103427
24733927,49467854,49571266,103412
24732991,49465982,49569386,103404
24729343,49458686,49562075,103389
24725679,49451358,49554746,103388
24724777,49449554,49552936,103382
24724649,49449298,49552672,103374
24724479,49448958,49552330,103372
24720951,49441902,49545268,103366
24717543,49435086,49538446,103360
24716647,49433294,49536643,103349
24714401,49428802,49532146,103344
24712147,49424294,49527638,103344
24712057,49424114,49527448,103334
24711563,49423126,49526458,103332
24711375,49422750,49526081,103331
24711335,49422670,49525991,103321
24708415,49416830,49520140,103310
24707743,49415486,49518790,103304
24705705,49411410,49514701,103291
24704463,49408926,49512217,103291
24703303,49406606,49509893,103287
24701853,49403706,49506988,103282
24699647,49399294,49502560,103266
24693757,49387514,49490768,103254
24692991,49385982,49489226,103244
24691325,49382650,49485887,103237
24687855,49375710,49478926,103216
24686911,49373822,49477036,103214
24683783,49367566,49470775,103209
24683547,49367094,49470292,103198
24681711,49363422,49466614,103192
24677249,49354498,49457690,103192
24677127,49354254,49457434,103180
24676347,49352694,49455868,103174
24675583,49351166,49454332,103166
24672415,49344830,49447988,103158
24671799,49343598,49446749,103151
24667689,49335378,49438514,103136
24667647,49335294,49438426,103132
24666793,49333586,49436713,103127
24659071,49318142,49421249,103107
24657087,49314174,49417270,103096
24654697,49309394,49412482,103088
24653757,49307514,49410598,103084
24652519,49305038,49408108,103070
24650409,49300818,49403884,103066
24646633,49293266,49396318,103052
24645757,49291514,49394566,103052
24642943,49285886,49388920,103034
24640155,49280310,49383328,103018
24639375,49278750,49381766,103016
24637159,49274318,49377323,103005
24635551,49271102,49374101,102999
24633831,49267662,49370656,102994
24630099,49260198,49363190,102992
24629415,49258830,49361809,102979
24628207,49256414,49359382,102968
24625223,49250446,49353412,102966
24624799,49249598,49352561,102963
24624383,49248766,49351715,102949
24623999,49247998,49350946,102948
24621547,49243094,49346036,102942
24616519,49233038,49335958,102920
24615643,49231286,49334204,102918
24612331,49224662,49327580,102918
24611135,49222270,49325171,102901
24609079,49218158,49321057,102899
24607147,49214294,49317175,102881
24605423,49210846,49313717,102871
24602783,49205566,49308431,102865
24602623,49205246,49308106,102860
24600895,49201790,49304644,102854
24597881,49195762,49298615,102853
24597183,49194366,49297211,102845
24596543,49193086,49295927,102841
24595871,49191742,49294576,102834
24593311,49186622,49289456,102834
24591497,49182994,49285822,102828
24591359,49182718,49285531,102813
24588233,49176466,49279279,102813
24586633,49173266,49276078,102812
24584531,49169062,49271869,102807
24583849,49167698,49270480,102782
24580607,49161214,49263982,102768
24576681,49153362,49256122,102760
24572649,49145298,49248052,102754
24571219,49142438,49245185,102747
24571143,49142286,49245020,102734
24570335,49140670,49243393,102723
24567351,49134702,49237420,102718
24567295,49134590,49237306,102716
24565673,49131346,49234051,102705
24562843,49125686,49228384,102698
24559611,49119222,49221916,102694
24557903,49115806,49218496,102690
24556703,49113406,49216081,102675
24555561,49111122,49213793,102671
24554735,49109470,49212137,102667
24552447,49104894,49207552,102658
24551423,49102846,49205495,102649
24550377,49100754,49203400,102646
24546945,49093890,49196531,102641
24546863,49093726,49196362,102636
24545791,49091582,49194211,102629
24545335,49090670,49193297,102627
24542585,49085170,49187783,102613
24541435,49082870,49185479,102609
24540607,49081214,49183814,102600
24539881,49079762,49182362,102600
24539247,49078494,49181093,102599
24536555,49073110,49175698,102588
24535087,49070174,49172761,102587
24534731,49069462,49172048,102586
24533167,49066334,49168910,102576
24532987,49065974,49168549,102575
24531263,49062526,49165090,102564
24526969,49053938,49156486,102548
24525821,49051642,49154186,102544
24523867,49047734,49150271,102537
24523519,49047038,49149566,102528
24520127,49040254,49142780,102526
24519527,49039054,49141570,102516
24517307,49034614,49137124,102510
24516635,49033270,49135774,102504
24510841,49021682,49124161,102479
24510463,49020926,49123402,102476
24509679,49019358,49121834,102476
24508073,49016146,49118620,102474
24507719,49015438,49117909,102471
24507239,49014478,49116940,102462
24503559,49007118,49109573,102455
24502327,49004654,49107100,102446
24499965,48999930,49102366,102436
24499615,48999230,49101658,102428
24497313,48994626,49097050,102424
24495899,48991798,49094212,102414
24493739,48987478,49089890,102412
24489191,48978382,49080790,102408
24489175,48978350,49080752,102402
24489119,48978238,49080640,102402
24489063,48978126,49080518,102392
24488391,48976782,49079168,102386
24486695,48973390,49075774,102384
24486267,48972534,49074913,102379
24485735,48971470,49073849,102379
24485631,48971262,49073638,102376
24485583,48971166,49073539,102373
24480879,48961758,49064116,102358
24478567,48957134,49059484,102350
24477609,48955218,49057564,102346
24477289,48954578,49056920,102342
24474761,48949522,49051858,102336
24472575,48945150,49047484,102334
24471871,48943742,49046066,102324
24471007,48942014,49044329,102315
24468971,48937942,49040252,102310
24468457,48936914,49039222,102308
24463891,48927782,49030090,102308
24463535,48927070,49029353,102283
24463103,48926206,49028488,102282
24460991,48921982,49024264,102282
24459591,48919182,49021450,102268
24457257,48914514,49016776,102262
24457063,48914126,49016377,102251
24455223,48910446,49012694,102248
24453865,48907730,49009970,102240
24450987,48901974,49004212,102238
24450719,48901438,49003661,102223
24447145,48894290,48996500,102210
24445095,48890190,48992398,102208
24444699,48889398,48991606,102208
24443695,48887390,48989596,102206
24443623,48887246,48989440,102194
24440071,48880142,48982330,102188
24439679,48879358,48981536,102178
24438783,48877566,48979741,102175
24437787,48875574,48977747,102173
24435647,48871294,48973462,102168
24435135,48870270,48972431,102161
24430689,48861378,48963539,102161
24429501,48859002,48961150,102148
24429417,48858834,48960980,102146
24428615,48857230,48959365,102135
24428543,48857086,48959219,102133
24425697,48851394,48953524,102130
24425119,48850238,48952355,102117
24422687,48845374,48947488,102114
24420351,48840702,48942797,102095
24418479,48836958,48939052,102094
24415983,48831966,48934048,102082
24415369,48830738,48932819,102081
24414383,48828766,48930844,102078
24412863,48825726,48927797,102071
24408959,48817918,48919978,102060
24405863,48811726,48913774,102048
24404123,48808246,48910286,102040
24403903,48807806,48909835,102029
24401785,48803570,48905596,102026
24401387,48802774,48904798,102024
24400553,48801106,48903128,102022
24399719,48799438,48901454,102016
24396647,48793294,48895306,102012
24395391,48790782,48892778,101996
24393887,48787774,48889762,101988
24389857,48779714,48881698,101984
24389687,48779374,48881353,101979
24389099,48778198,48880169,101971
24386895,48773790,48875752,101962
24385513,48771026,48872980,101954
24385151,48770302,48872254,101952
24384233,48768466,48870416,101950
24379375,48758750,48860692,101942
24375591,48751182,48853115,101933
24374911,48749822,48851738,101916
24373675,48747350,48849262,101912
24370971,48741942,48843850,101908
24370815,48741630,48843526,101896
24367335,48734670,48836554,101884
24366751,48733502,48835384,101882
24366495,48732990,48834868,101878
24364799,48729598,48831464,101866
24363967,48727934,48829799,101865
24362397,48724794,48826655,101861
24359289,48718578,48820423,101845
24357735,48715470,48817307,101837
24356479,48712958,48814792,101834
24355775,48711550,48813380,101830
24351439,48702878,48804694,101816
24350971,48701942,48803755,101813
24350263,48700526,48802336,101810
24349503,48699006,48800809,101803
24346623,48693246,48795047,101801
24345279,48690558,48792347,101789
24344987,48689974,48791759,101785
24344105,48688210,48789989,101779
24341743,48683486,48785258,101772
24338395,48676790,48778549,101759
24335357,48670714,48772469,101755
24334433,48668866,48770615,101749
24334107,48668214,48769958,101744
24332343,48664686,48766421,101735
24331503,48663006,48764740,101734
24331433,48662866,48764596,101730
24328047,48656094,48757810,101716
24326255,48652510,48754223,101713
24320767,48641534,48743216,101682
24319977,48639954,48741635,101681
24316955,48633910,48735580,101670
24313967,48627934,48729598,101664
24312321,48624642,48726305,101663
24311351,48622702,48724360,101658
24310497,48620994,48722636,101642
24309999,48619998,48721637,101639
24308351,48616702,48718340,101638
24305567,48611134,48712756,101622
24304999,48609998,48711620,101622
24304111,48608222,48709840,101618
24300141,48600282,48701896,101614
24297679,48595358,48696964,101606
24297513,48595026,48696632,101606
24296825,48593650,48695254,101604
24296731,48593462,48695060,101598
24296559,48593118,48694702,101584
24293559,48587118,48688688,101570
24292047,48584094,48685657,101563
24288365,48576730,48678284,101554
24288127,48576254,48677807,101553
24287551,48575102,48676648,101546
24286015,48572030,48673568,101538
24284321,48568642,48670180,101538
24281327,48562654,48664190,101536
24281055,48562110,48663646,101536
24279663,48559326,48660841,101515
24278811,48557622,48659134,101512
24278633,48557266,48658774,101508
24278299,48556598,48658103,101505
24276735,48553470,48654967,101497
24274921,48549842,48651335,101493
24272111,48544222,48645704,101482
24270313,48540626,48642106,101480
24267871,48535742,48637205,101463
24265511,48531022,48632480,101458
24264979,48529958,48631414,101456
24264701,48529402,48630854,101452
24263323,48526646,48628088,101442
24261247,48522494,48623933,101439
24260351,48520702,48622138,101436
24260255,48520510,48621940,101430
24256319,48512638,48614053,101415
24254511,48509022,48610432,101410
24252895,48505790,48607199,101409
24248647,48497294,48598684,101390
24246949,48493898,48595282,101384
24246775,48493550,48594928,101378
24246511,48493022,48594400,101378
24244599,48489198,48590570,101372
24242529,48485058,48586426,101368
24242287,48484574,48585928,101354
24239271,48478542,48579892,101350
24238759,48477518,48578866,101348
24238305,48476610,48577954,101344
24238079,48476158,48577492,101334
24233327,48466654,48567973,101319
24232315,48464630,48565948,101318
24231551,48463102,48564412,101310
24230995,48461990,48563300,101310
24229979,48459958,48561265,101307
24227359,48454718,48556022,101304
24226919,48453838,48555136,101298
24226203,48452406,48553703,101297
24225051,48450102,48551390,101288
24223133,48446266,48547546,101280
24223033,48446066,48547345,101279
24220809,48441618,48542888,101270
24217257,48434514,48535774,101260
24216411,48432822,48534071,101249
24216043,48432086,48533330,101244
24215095,48430190,48531433,101243
24212927,48425854,48527086,101232
24212207,48424414,48525644,101230
24211951,48423902,48525131,101229
24209391,48418782,48520006,101224
24208231,48416462,48517684,101222
24207497,48414994,48516212,101218
24207329,48414658,48515869,101211
24205563,48411126,48512330,101204
24204425,48408850,48510053,101203
24202943,48405886,48507083,101197
24198825,48397650,48498830,101180
24197787,48395574,48496745,101171
24195727,48391454,48492613,101159
24192681,48385362,48486512,101150
24192239,48384478,48485623,101145
24191719,48383438,48484583,101145
24189609,48379218,48480353,101135
24186495,48372990,48474125,101135
24183463,48366926,48468037,101111
24181567,48363134,48464242,101108
24176639,48353278,48454357,101079
24175231,48350462,48451535,101073
24171519,48343038,48444101,101063
24170111,48340222,48441284,101062
24167151,48334302,48435347,101045
24166015,48332030,48433072,101042
24162991,48325982,48427024,101042
24162643,48325286,48426316,101030
24161775,48323550,48424576,101026
24161407,48322814,48423832,101018
24160127,48320254,48421270,101016
24159115,48318230,48419242,101012
24157161,48314322,48415328,101006
24155931,48311862,48412858,100996
24153831,48307662,48408647,100985
24152403,48304806,48405790,100984
24152271,48304542,48405526,100984
24149331,48298662,48399646,100984
24147851,48295702,48396676,100974
24146171,48292342,48393298,100956
24144575,48289150,48390095,100945
24142783,48285566,48386510,100944
24141935,48283870,48384814,100944
24139945,48279890,48380818,100928
24136057,48272114,48373037,100923
24135583,48271166,48372088,100922
24135527,48271054,48371975,100921
24133571,48267142,48368050,100908
24131583,48263166,48364060,100894
24129161,48258322,48359212,100890
24127599,48255198,48356075,100877
24127579,48255158,48356032,100874
24124511,48249022,48349892,100870
24122679,48245358,48346217,100859
24121375,48242750,48343601,100851
24117019,48234038,48334886,100848
24116327,48232654,48333485,100831
24114047,48228094,48328919,100825
24112391,48224782,48325594,100812
24111785,48223570,48324382,100812
24111273,48222546,48323356,100810
24110107,48220214,48321014,100800
24108479,48216958,48317750,100792
24104031,48208062,48308845,100783
24102227,48204454,48305225,100771
24098785,48197570,48298334,100764
24098463,48196926,48297688,100762
24098271,48196542,48297302,100760
24095401,48190802,48291542,100740
24091615,48183230,48283958,100728
24090815,48181630,48282358,100728
24089195,48178390,48279110,100720
24089071,48178142,48278855,100713
24086441,48172882,48273590,100708
24083503,48167006,48267704,100698
24081647,48163294,48263992,100698
24079851,48159702,48260384,100682
24076319,48152638,48253318,100680
24074399,48148798,48249454,100656
24073555,48147110,48247762,100652
24071847,48143694,48244337,100643
24070319,48140638,48241277,100639
24068079,48136158,48236786,100628
24063679,48127358,48227977,100619
24062823,48125646,48226252,100606
24062063,48124126,48224732,100606
24061949,48123898,48224503,100605
24060351,48120702,48221296,100594
24059071,48118142,48218735,100593
24056863,48113726,48214318,100592
24056859,48113718,48214304,100586
24054911,48109822,48210395,100573
24053943,48107886,48208457,100571
24053295,48106590,48207155,100565
24051391,48102782,48203338,100556
24049087,48098174,48198721,100547
24046363,48092726,48193261,100535
24044783,48089566,48190097,100531
24042153,48084306,48184834,100528
24041451,48082902,48183419,100517
24038895,48077790,48178295,100505
24035227,48070454,48170953,100499
24035175,48070350,48170848,100498
24032859,48065718,48166211,100493
24031263,48062526,48163004,100478
24029861,48059722,48160198,100476
24028607,48057214,48157690,100476
24028329,48056658,48157132,100474
24028191,48056382,48156848,100466
24028127,48056254,48156712,100458
24026249,48052498,48152956,100458
24024631,48049262,48149714,100452
24021407,48042814,48143251,100437
24020763,48041526,48141962,100436
24020155,48040310,48140740,100430
24019999,48039998,48140422,100424
24016539,48033078,48133496,100418
24016079,48032158,48132575,100417
24012911,48025822,48126217,100395
24010239,48020478,48120860,100382
24006347,48012694,48113075,100381
24005659,48011318,48111694,100376
24004303,48008606,48108976,100370
24004137,48008274,48108644,100370
24004031,48008062,48108431,100369
24002407,48004814,48105178,100364
24002255,48004510,48104861,100351
24000367,48000734,48101080,100346
23999423,47998846,48099185,100339
23995371,47990742,48091076,100334
23994535,47989070,48089389,100319
23990939,47981878,48082187,100309
23989887,47979774,48080074,100300
23988703,47977406,48077705,100299
23986173,47972346,48072634,100288
23983743,47967486,48067762,100276
23983657,47967314,48067586,100272
23980271,47960542,48060808,100266
23979247,47958494,48058757,100263
23976383,47952766,48053014,100248
23976095,47952190,48052438,100248
23973887,47947774,48048011,100237
23971327,47942654,48042877,100223
23970985,47941970,48042191,100221
23970359,47940718,48040937,100219
23970127,47940254,48040472,100218
23969279,47938558,48038771,100213
23966879,47933758,48033962,100204
23965887,47931774,48031978,100204
23962697,47925394,48025586,100192
23961721,47923442,48023633,100191
23961343,47922686,48022868,100182
23954707,47909414,48009577,100163
23954671,47909342,48009503,100161
23954159,47908318,48008467,100149
23951831,47903662,48003806,100144
23950427,47900854,48000988,100134
23948475,47896950,47997079,100129
23947711,47895422,47995544,100122
23944191,47888382,47988490,100108
23941927,47883854,47983957,100103
23939967,47879934,47980025,100091
23937663,47875326,47975404,100078
23934975,47869950,47970019,100069
23933767,47867534,47967599,100065
23931433,47862866,47962925,100059
23929833,47859666,47959717,100051
23928047,47856094,47956138,100044
23923739,47847478,47947516,100038
23923193,47846386,47946421,100035
23922111,47844222,47944237,100015
23919463,47838926,47938936,100010
23915871,47831742,47931740,99998
23914671,47829342,47929327,99985
23913503,47827006,47926984,99978
23912143,47824286,47924260,99974
23910379,47820758,47920727,99969
23908351,47816702,47916664,99962
23905051,47810102,47910062,99960
23903913,47807826,47907782,99956
23903003,47806006,47905942,99936
23898665,47797330,47897260,99930
23898071,47796142,47896072,99930
23896815,47793630,47893558,99928
23894191,47788382,47888281,99899
23890657,47781314,47881202,99888
23889875,47779750,47879638,99888
23884393,47768786,47868658,99872
23883959,47767918,47867780,99862
23883679,47767358,47867219,99861
23883111,47766222,47866072,99850
23879913,47759826,47859670,99844
23879167,47758334,47858167,99833
23872447,47744894,47844722,99828
23871655,47743310,47843120,99810
23870715,47741430,47841232,99802
23869087,47738174,47837969,99795
23868647,47737294,47837087,99793
23864361,47728722,47828497,99775
23864319,47728638,47828411,99773
23863295,47726590,47826359,99769
23862431,47724862,47824630,99768
23861967,47723934,47823697,99763
23856743,47713486,47813231,99745
23855195,47710390,47810126,99736
23851327,47702654,47802371,99717
23847803,47695606,47795312,99706
23843773,47687546,47787244,99698
23843561,47687122,47786816,99694
23842471,47684942,47784635,99693
23842031,47684062,47783753,99691
23840823,47681646,47781332,99686
23838719,47677438,47777111,99673
23835961,47671922,47771584,99662
23835483,47670966,47770624,99658
23833919,47667838,47767492,99654
23833727,47667454,47767099,99645
23831399,47662798,47762435,99637
23830271,47660542,47760172,99630
23827183,47654366,47753984,99618
23825823,47651646,47751260,99614
23825647,47651294,47750908,99614
23824623,47649246,47748856,99610
23822079,47644158,47743760,99602
23820029,47640058,47739658,99600
23819575,47639150,47738740,99590
23819503,47639006,47738596,99590
23818863,47637726,47737312,99586
23816991,47633982,47733563,99581
23816671,47633342,47732921,99579
23816351,47632702,47732276,99574
23816191,47632382,47731952,99570
23814255,47628510,47728075,99565
23813979,47627958,47727523,99565
23813375,47626750,47726314,99564
23812303,47624606,47724167,99561
23810361,47620722,47720279,99557
23809007,47618014,47717558,99544
23803873,47607746,47707276,99530
23802607,47605214,47704738,99524
23801083,47602166,47701678,99512
23800063,47600126,47699638,99512
23799019,47598038,47697550,99512
23797927,47595854,47695349,99495
23795327,47590654,47690140,99486
23794319,47588638,47688124,99486
23790271,47580542,47680012,99470
23789851,47579702,47679167,99465
23787091,47574182,47673643,99461
23785723,47571446,47670890,99444
23781071,47562142,47661568,99426
23780009,47560018,47659441,99423
23779071,47558142,47657557,99415
23776975,47553950,47653361,99411
23774079,47548158,47647565,99407
23773143,47546286,47645684,99398
23771903,47543806,47643203,99397
23769303,47538606,47637994,99388
23769159,47538318,47637695,99377
23766735,47533470,47632846,99376
23762657,47525314,47624669,99355
23761627,47523254,47622601,99347
23759643,47519286,47618630,99344
23758383,47516766,47616097,99331
23755773,47511546,47610872,99326
23754369,47508738,47608064,99326
23752607,47505214,47604527,99313
23750697,47501394,47600705,99311
23750457,47500914,47600224,99310
23748223,47496446,47595742,99296
23747583,47495166,47594452,99286
23743935,47487870,47587148,99278
23743471,47486942,47586220,99278
23742575,47485150,47584420,99270
23742519,47485038,47584304,99266
23738233,47476466,47575718,99252
23736559,47473118,47572361,99243
23736545,47473090,47572331,99241
23736167,47472334,47571574,99240
23733663,47467326,47566564,99238
23732543,47465086,47564309,99223
23728799,47457598,47556806,99208
23723727,47447454,47546642,99188
23720895,47441790,47540972,99182
23720175,47440350,47539520,99170
23715355,47430710,47529862,99152
23715327,47430654,47529802,99148
23713081,47426162,47525306,99144
23711689,47423378,47522522,99144
23711369,47422738,47521876,99138
23707975,47415950,47515069,99119
23704607,47409214,47508322,99108
23702335,47404670,47503766,99096
23700649,47401298,47500387,99089
23700137,47400274,47499362,99088
23696623,47393246,47492320,99074
23692201,47384402,47483458,99056
23688959,47377918,47476961,99043
23687167,47374334,47473370,99036
23686939,47373878,47472913,99035
23684415,47368830,47467858,99028
23683145,47366290,47465311,99021
23679815,47359630,47458636,99006
23678601,47357202,47456206,99004
23678291,47356582,47455579,98997
23677167,47354334,47453324,98990
23675449,47350898,47449888,98990
23673851,47347702,47446685,98983
23672033,47344066,47443048,98982
23669385,47338770,47437741,98971
23666911,47333822,47432780,98958
23666431,47332862,47431808,98946
23664169,47328338,47427281,98943
23663399,47326798,47425736,98938
23662319,47324638,47423569,98931
23658947,47317894,47416817,98923
23658153,47316306,47415218,98912
23656699,47313398,47412305,98907
23656167,47312334,47411237,98903
23651775,47303550,47402434,98884
23649951,47299902,47398783,98881
23649535,47299070,47397944,98874
23646463,47292926,47391794,98868
23638107,47276214,47375062,98848
23636987,47273974,47372813,98839
23635965,47271930,47370754,98824
23635387,47270774,47369596,98822
23635283,47270566,47369384,98818
23634111,47268222,47367037,98815
23633135,47266270,47365084,98814
23633023,47266046,47364856,98810
23631927,47263854,47362660,98806
23627951,47255902,47354692,98790
23623771,47247542,47346316,98774
23623343,47246686,47345458,98772
23622383,47244766,47343532,98766
23618879,47237758,47336512,98754
23615847,47231694,47330440,98746
23614803,47229606,47328340,98734
23612671,47225342,47324068,98726
23612015,47224030,47322755,98725
23611135,47222270,47320985,98715
23606943,47213886,47312585,98699
23603195,47206390,47305081,98691
23603047,47206094,47304776,98682
23600039,47200078,47298754,98676
23598215,47196430,47295100,98670
23598107,47196214,47294875,98661
23594665,47189330,47287988,98658
23593715,47187430,47286076,98646
23593287,47186574,47285218,98644
23589315,47178630,47277268,98638
23587611,47175222,47273858,98636
23586283,47172566,47271176,98610
23582009,47164018,47262619,98601
23579291,47158582,47257175,98593
23579135,47158270,47256857,98587
23578215,47156430,47255006,98576
23577447,47154894,47253466,98572
23573991,47147982,47246545,98563
23573743,47147486,47246044,98558
23573135,47146270,47244827,98557
23571303,47142606,47241154,98548
23570429,47140858,47239406,98548
23569039,47138078,47236625,98547
23568363,47136726,47235271,98545
23567465,47134930,47233475,98545
23567359,47134718,47233258,98540
23565567,47131134,47229668,98534
23563931,47127862,47226388,98526
23562157,47124314,47222840,98526
23562067,47124134,47222651,98517
23560847,47121694,47220205,98511
23558303,47116606,47215097,98491
23557359,47114718,47213206,98488
23555839,47111678,47210161,98483
23553279,47106558,47205031,98473
23551979,47103958,47202430,98472
23548927,47097854,47196310,98456
23548457,47096914,47195369,98455
23547529,47095058,47193509,98451
23545319,47090638,47189089,98451
23544409,47088818,47187265,98447
23539559,47079118,47177534,98416
23537407,47074814,47173225,98411
23535039,47070078,47168477,98399
23531847,47063694,47162081,98387
23529631,47059262,47157643,98381
23527707,47055414,47153782,98368
23524991,47049982,47148337,98355
23521883,47043766,47142118,98352
23520105,47040210,47138557,98347
23518975,47037950,47136289,98339
23517679,47035358,47133688,98330
23515803,47031606,47129926,98320
23514139,47028278,47126590,98312
23513199,47026398,47124704,98306
23512167,47024334,47122640,98306
23511721,47023442,47121743,98301
23511535,47023070,47121370,98300
23510399,47020798,47119097,98299
23510251,47020502,47118796,98294
23504969,47009938,47108216,98278
23502079,47004158,47102417,98259
23499291,46998582,47096839,98257
23497031,46994062,47092306,98244
23494863,46989726,47087962,98236
23492883,46985766,47084002,98236
23491615,46983230,47081464,98234
23490911,46981822,47080055,98233
23490557,46981114,47079328,98214
23488511,46977022,47075222,98200
23484393,46968786,47066980,98194
23479803,46959606,47057780,98174
23479679,46959358,47057527,98169
23476905,46953810,47051968,98158
23476703,46953406,47051563,98157
23476671,46953342,47051495,98153
23474943,46949886,47048035,98149
23473791,46947582,47045728,98146
23471273,46942546,47040677,98131
23470313,46940626,47038756,98130
23468713,46937426,47035552,98126
23467259,46934518,47032633,98115
23463079,46926158,47024266,98108
23461099,46922198,47020295,98097
23459375,46918750,47016845,98095
23457535,46915070,47013155,98085
23455591,46911182,47009258,98076
23454147,46908294,47006362,98068
23452671,46905342,47003399,98057
23450439,46900878,46998934,98056
23449939,46899878,46997927,98049
23449215,46898430,46996474,98044
23448759,46897518,46995560,98042
23448255,46896510,46994546,98036
23446991,46893982,46992016,98034
23446867,46893734,46991765,98031
23444219,46888438,46986466,98028
23444135,46888270,46986298,98028
23443615,46887230,46985242,98012
23438647,46877294,46975292,97998
23435455,46870910,46968902,97992
23432987,46865974,46963961,97987
23430959,46861918,46959887,97969
23430121,46860242,46958204,97962
23429183,46858366,46956320,97954
23427347,46854694,46952644,97950
23426207,46852414,46950364,97950
23423103,46846206,46944137,97931
23418793,46837586,46935497,97911
23416747,46833494,46931405,97911
23416223,46832446,46930348,97902
23415785,46831570,46929472,97902
23410857,46821714,46919602,97888
23410623,46821246,46919126,97880
23405339,46810678,46908536,97858
23403289,46806578,46904435,97857
23402367,46804734,46902580,97846
23399195,46798390,46896236,97846
23396351,46792702,46890521,97819
23396123,46792246,46890061,97815
23390803,46781606,46879409,97803
23390141,46780282,46878082,97800
23388399,46776798,46874585,97787
23388159,46776318,46874104,97786
23387855,46775710,46873493,97783
23384383,46768766,46866541,97775
23382015,46764030,46861792,97762
23379711,46759422,46857167,97745
23374695,46749390,46847123,97733
23373291,46746582,46844302,97720
23370863,46741726,46839442,97716
23370523,46741046,46838756,97710
23369271,46738542,46836247,97705
23365631,46731262,46828955,97693
23361351,46722702,46820380,97678
23356863,46713726,46811380,97654
23352603,46705206,46802843,97637
23350299,46700598,46798222,97624
23343823,46687646,46785266,97620
23343073,46686146,46783750,97604
23340903,46681806,46779394,97588
23339759,46679518,46777105,97587
23339307,46678614,46776197,97583
23338977,46677954,46775534,97580
23334889,46669778,46767340,97562
23331471,46662942,46760494,97552
23328927,46657854,46755389,97535
23325087,46650174,46747708,97534
23324841,46649682,46747201,97519
23323583,46647166,46744676,97510
23321903,46643806,46741312,97506
23319791,46639582,46737088,97506
23317535,46635070,46732570,97500
23317119,46634238,46731724,97486
23316479,46632958,46730444,97486
23313115,46626230,46723715,97485
23309113,46618226,46715687,97461
23308029,46616058,46713512,97454
23307755,46615510,46712963,97453
23305279,46610558,46708010,97452
23303101,46606202,46703648,97446
23302521,46605042,46702469,97427
23300777,46601554,46698974,97420
23299743,46599486,46696897,97411
23296679,46593358,46690762,97404
23296283,46592566,46689967,97401
23296159,46592318,46689715,97397
23294703,46589406,46686800,97394
23293439,46586878,46684271,97393
23293287,46586574,46683965,97391
23291675,46583350,46680731,97381
23290559,46581118,46678498,97380
23289625,46579250,46676630,97380
23287977,46575954,46673332,97378
23287343,46574686,46672054,97368
23287023,46574046,46671406,97360
23285039,46570078,46667434,97356
23283707,46567414,46664761,97347
23282175,46564350,46661696,97346
23281727,46563454,46660796,97342
23280297,46560594,46657925,97331
23277087,46554174,46651501,97327
23276575,46553150,46650472,97322
23274983,46549966,46647280,97314
23274537,46549074,46646387,97313
23274223,46548446,46645753,97307
23272603,46545206,46642511,97305
23270043,46540086,46637374,97288
23267483,46534966,46632251,97285
23262761,46525522,46622788,97266
23260799,46521598,46618850,97252
23256745,46513490,46610731,97241
23254939,46509878,46607116,97238
23254783,46509566,46606790,97224
23249181,46498362,46595578,97216
23246121,46492242,46589452,97210
23245403,46490806,46587998,97192
23244647,46489294,46586477,97183
23241831,46483662,46580845,97183
23240487,46480974,46578149,97175
23238079,46476158,46573316,97158
23235721,46471442,46568594,97152
23234473,46468946,46566092,97146
23231903,46463806,46560946,97140
23231835,46463670,46560803,97133
23231207,46462414,46559542,97128
23229577,46459154,46556279,97125
23228143,46456286,46553401,97115
23223295,46446590,46543685,97095
23222575,46445150,46542244,97094
23220479,46440958,46538045,97087
23217801,46435602,46532675,97073
23214823,46429646,46526717,97071
23213927,46427854,46524922,97068
23213519,46427038,46524095,97057
23209243,46418486,46515526,97040
23208927,46417854,46514893,97039
23205349,46410698,46507736,97038
23205191,46410382,46507405,97023
23204729,46409458,46506478,97020
23203743,46407486,46504505,97019
23202459,46404918,46501937,97019
23201673,46403346,46500355,97009
23198975,46397950,46494952,97002
23196903,46393806,46490800,96994
23193577,46387154,46484135,96981
23191679,46383358,46480331,96973
23191635,46383270,46480234,96964
23189755,46379510,46476466,96956
23189199,46378398,46475351,96953
23187455,46374910,46471858,96948
23186663,46373326,46470269,96943
23186031,46372062,46469002,96940
23185567,46371134,46468070,96936
23185179,46370358,46467292,96934
23180863,46361726,46458646,96920
23177287,46354574,46451488,96914
23176831,46353662,46450574,96912
23175527,46351054,46447951,96897
23173985,46347970,46444864,96894
23173371,46346742,46443628,96886
23168447,46336894,46433762,96868
23167047,46334094,46430957,96863
23164543,46329086,46425944,96858
23164143,46328286,46425136,96850
23163359,46326718,46423567,96849
23162633,46325266,46422112,96846
23162495,46324990,46421828,96838
23156943,46313886,46410722,96836
23156447,46312894,46409728,96834
23155527,46311054,46407869,96815
23154971,46309942,46406753,96811
23153279,46306558,46403368,96810
23151273,46302546,46399342,96796
23149339,46298678,46395467,96789
23146911,46293822,46390603,96781
23144895,46289790,46386556,96766
23144175,46288350,46385116,96766
23142057,46284114,46380866,96752
23138857,46277714,46374458,96744
23138345,46276690,46373434,96744
23138301,46276602,46373345,96743
23137383,46274766,46371508,96742
23136393,46272786,46369528,96742
23135951,46271902,46368638,96736
23134585,46269170,46365898,96728
23134143,46268286,46365011,96725
23130783,46261566,46358284,96718
23130153,46260306,46357019,96713
23128361,46256722,46353431,96709
23125471,46250942,46347632,96690
23122539,46245078,46341763,96685
23119339,46238678,46335361,96683
23118427,46236854,46333514,96660
23114991,46229982,46326634,96652
23114843,46229686,46326334,96648
23114399,46228798,46325441,96643
23112807,46225614,46322248,96634
23110079,46220158,46316782,96624
23108479,46216958,46313576,96618
23107835,46215670,46312283,96613
23104253,46208506,46305110,96604
23103401,46206802,46303406,96604
23101423,46202846,46299437,96591
23099135,46198270,46294846,96576
23097897,46195794,46292366,96572
23097071,46194142,46290707,96565
23095807,46191614,46288178,96564
23093391,46186782,46283344,96562
23092639,46185278,46281832,96554
23088831,46177662,46274194,96532
23087615,46175230,46271762,96532
23085927,46171854,46268374,96520
23084585,46169170,46265686,96516
23084191,46168382,46264894,96512
23079593,46159186,46255678,96492
23077887,46155774,46252264,96490
23076975,46153950,46250437,96487
23075611,46151222,46247708,96486
23074431,46148862,46245334,96472
23067067,46134134,46230593,96459
23066139,46132278,46228718,96440
23065911,46131822,46228261,96439
23063209,46126418,46222852,96434
23062697,46125394,46221820,96426
23062107,46124214,46220639,96425
23061087,46122174,46218595,96421
23060705,46121410,46217830,96420
23059711,46119422,46215836,96414
23058015,46116030,46212443,96413
23056723,46113446,46209851,96405
23053481,46106962,46203353,96391
23052927,46105854,46202237,96383
23051575,46103150,46199531,96381
23050983,46101966,46198343,96377
23048795,46097590,46193956,96366
23045735,46091470,46187824,96354
23043391,46086782,46183127,96345
23041817,46083634,46179974,96340
23040967,46081934,46178269,96335
23038783,46077566,46173889,96323
23035131,46070262,46166578,96316
23033385,46066770,46163074,96304
23030011,46060022,46156313,96291
23027559,46055118,46151396,96278
23024879,46049758,46146023,96265
23024639,46049278,46145542,96264
23022695,46045390,46141649,96259
23021503,46043006,46139264,96258
23021439,46042878,46139128,96250
23019479,46038958,46135208,96250
23019455,46038910,46135151,96241
23018495,46036990,46133228,96238
23016551,46033102,46129336,96234
23012393,46024786,46121005,96219
23012159,46024318,46120534,96216
23009563,46019126,46115338,96212
23007079,46014158,46110350,96192
23004607,46009214,46105396,96182
23002729,46005458,46101635,96177
23001769,46003538,46099712,96174
23000841,46001682,46097854,96172
23000061,46000122,46096288,96166
22999743,45999486,46095646,96160
22998279,45996558,46092716,96158
22996419,45992838,46088992,96154
22994559,45989118,46085272,96154
22993055,45986110,46082248,96138
22992009,45984018,46080148,96130
22991007,45982014,46078144,96130
22990271,45980542,46076668,96126
22989311,45978622,46074734,96112
22986727,45973454,46069564,96110
22984911,45969822,46065926,96104
22982753,45965506,46061608,96102
22982655,45965310,46061396,96086
22980223,45960446,46056529,96083
22978985,45957970,46054052,96082
22978049,45956098,46052176,96078
22977495,45954990,46051060,96070
22975215,45950430,46046495,96065
22973211,45946422,46042478,96056
22971551,45943102,46039156,96054
22969759,45939518,46035560,96042
22969287,45938574,46034612,96038
22969063,45938126,46034158,96032
22966649,45933298,46029323,96025
22964735,45929470,46025480,96010
22962843,45925686,46021696,96010
22961691,45923382,46019384,96002
22961129,45922258,46018258,96000
22959823,45919646,46015640,95994
22956031,45912062,46008040,95978
22955103,45910206,46006180,95974
22949403,45898806,45994760,95954
22947561,45895122,45991070,95948
22944767,45889534,45985481,95947
22944681,45889362,45985303,95941
22943883,45887766,45983704,95938
22943209,45886418,45982354,95936
22941865,45883730,45979655,95925
22937597,45875194,45971098,95904
22936229,45872458,45968359,95901
22935465,45870930,45966827,95897
22934735,45869470,45965363,95893
22932201,45864402,45960290,95888
22930383,45860766,45956641,95875
22929407,45858814,45954677,95863
22927327,45854654,45950516,95862
22925915,45851830,45947686,95856
22924937,45849874,45945722,95848
22923439,45846878,45942725,95847
22922751,45845502,45941347,95845
22922427,45844854,45940699,95845
22921063,45842126,45937957,95831
22920295,45840590,45936416,95826
22917535,45835070,45930896,95826
22915483,45830966,45926774,95808
22914463,45828926,45924734,95808
22913915,45827830,45923638,95808
22913663,45827326,45923132,95806
22912167,45824334,45920128,95794
22911643,45823286,45919079,95793
22908527,45817054,45912838,95784
22904375,45808750,45904514,95764
22902943,45805886,45901640,95754
22898687,45797374,45893122,95748
22896043,45792086,45887822,95736
22894207,45788414,45884150,95736
22893519,45787038,45882760,95722
22890343,45780686,45876388,95702
22888767,45777534,45873232,95698
22888127,45776254,45871948,95694
22887433,45774866,45870560,95694
22885513,45771026,45866716,95690
22885479,45770958,45866644,95686
22883755,45767510,45863189,95679
22883287,45766574,45862249,95675
22882431,45764862,45860536,95674
22881307,45762614,45858278,95664
22879543,45759086,45854746,95660
22877737,45755474,45851125,95651
22875003,45750006,45845656,95650
22874847,45749694,45845342,95648
22874111,45748222,45843862,95640
22873647,45747294,45842926,95632
22872135,45744270,45839902,95632
22869181,45738362,45833990,95628
22867453,45734906,45830522,95616
22867303,45734606,45830213,95607
22865983,45731966,45827572,95606
22865919,45731838,45827441,95603
22864039,45728078,45823672,95594
22858843,45717686,45813275,95589
22858543,45717086,45812668,95582
22858105,45716210,45811777,95567
22856317,45712634,45808199,95565
22854299,45708598,45804163,95565
22851151,45702302,45797866,95564
22851113,45702226,45797768,95542
22850687,45701374,45796909,95535
22849003,45698006,45793538,95532
22847999,45695998,45791527,95529
22845547,45691094,45786620,95526
22843361,45686722,45782248,95526
22839539,45679078,45774578,95500
22839023,45678046,45773533,95487
22837567,45675134,45770620,95486
22835247,45670494,45765976,95482
22833151,45666302,45761770,95468
22832591,45665182,45760648,95466
22832455,45664910,45760373,95463
22831177,45662354,45757813,95459
22829307,45658614,45754064,95450
22826943,45653886,45749326,95440
22826703,45653406,45748843,95437
22824351,45648702,45744128,95426
22821531,45643062,45738476,95414
22819067,45638134,45733538,95404
22817583,45635166,45730565,95399
22816839,45633678,45729077,95399
22814689,45629378,45724774,95396
22814633,45629266,45724660,95394
22813983,45627966,45723359,95393
22813673,45627346,45722728,95382
22810537,45621074,45716444,95370
22810367,45620734,45716102,95368
22807199,45614398,45709762,95364
22804607,45609214,45704564,95350
22803871,45607742,45703084,95342
22802175,45604350,45699686,95336
22801871,45603742,45699076,95334
22792247,45584494,45679792,95298
22788891,45577782,45673064,95282
22788859,45577718,45672997,95279
22783535,45567070,45662344,95274
22783391,45566782,45662039,95257
22780143,45560286,45655528,95242
22779135,45558270,45653506,95236
22776863,45553726,45648955,95229
22775911,45551822,45647047,95225
22774463,45548926,45644143,95217
22772923,45545846,45641060,95214
22768937,45537874,45633068,95194
22764847,45529694,45624874,95180
22763375,45526750,45621922,95172
22762343,45524686,45619853,95167
22759479,45518958,45614119,95161
22758537,45517074,45612233,95159
22756543,45513086,45608236,95150
22756527,45513054,45608200,95146
22751457,45502914,45598037,95123
22750719,45501438,45596560,95122
22749065,45498130,45593248,95118
22746451,45492902,45588008,95106
22745843,45491686,45586790,95104
22744375,45488750,45583852,95102
22744041,45488082,45583175,95093
22742887,45485774,45580859,95085
22738259,45476518,45571592,95074
22734527,45469054,45564110,95056
22733927,45467854,45562910,95056
22730729,45461458,45556504,95046
22728607,45457214,45552241,95027
22723609,45447218,45542240,95022
22723109,45446218,45541238,95020
22722139,45444278,45539293,95015
22720551,45441102,45536104,95002
22720543,45441086,45536080,94994
22718875,45437750,45532744,94994
22717407,45434814,45529793,94979
22712937,45425874,45520846,94972
22709503,45419006,45513949,94943
22707711,45415422,45510362,94940
22707263,45414526,45509465,94939
22705711,45411422,45506356,94934
22702823,45405646,45500566,94920
22701609,45403218,45498136,94918
22697895,45395790,45490693,94903
22697343,45394686,45489583,94897
22696361,45392722,45487619,94897
22694367,45388734,45483616,94882
22691721,45383442,45478319,94877
22690111,45380222,45475087,94865
22689951,45379902,45474767,94865
22686895,45373790,45468649,94859
22686823,45373646,45468496,94850
22685439,45370878,45465722,94844
22682935,45365870,45460714,94844
22680943,45361886,45456727,94841
22680295,45360590,45455422,94832
22679583,45359166,45453994,94828
22679407,45358814,45453641,94827
22678527,45357054,45451871,94817
22676719,45353438,45448253,94815
22674075,45348150,45442961,94811
22673819,45347638,45442441,94803
22672383,45344766,45439558,94792
22671855,45343710,45438496,94786
22670207,45340414,45435200,94786
22667263,45334526,45429299,94773
22666863,45333726,45428498,94772
22666687,45333374,45428140,94766
22664863,45329726,45424486,94760
22662635,45325270,45420020,94750
22661279,45322558,45417299,94741
22657263,45314526,45409258,94732
22656033,45312066,45406798,94732
22653951,45307902,45402616,94714
22653153,45306306,45401020,94714
22652287,45304574,45399284,94710
22651935,45303870,45398578,94708
22651215,45302430,45397138,94708
22648767,45297534,45392242,94708
22648543,45297086,45391792,94706
22647785,45295570,45390274,94704
22647743,45295486,45390184,94698
22643995,45287990,45382679,94689
22642023,45284046,45378713,94667
22641661,45283322,45377987,94665
22639855,45279710,45374363,94653
22636187,45272374,45367022,94648
22633849,45267698,45362344,94646
22631721,45263442,45358073,94631
22630547,45261094,45355717,94623
22629583,45259166,45353789,94623
22628591,45257182,45351790,94608
22626943,45253886,45348488,94602
22625161,45250322,45344920,94598
22621675,45243350,45337948,94598
22621415,45242830,45337411,94581
22618863,45237726,45332297,94571
22617769,45235538,45330104,94566
22614881,45229762,45324319,94557
22614463,45228926,45323482,94556
22613743,45227486,45322042,94556
22613075,45226150,45320705,94555
22611689,45223378,45317933,94555
22610143,45220286,45314818,94532
22606939,45213878,45308404,94526
22605865,45211730,45306254,94524
22605823,45211646,45306160,94514
22603775,45207550,45302056,94506
22601535,45203070,45297574,94504
22601371,45202742,45297239,94497
22599935,45199870,45294362,94492
22595571,45191142,45285622,94480
22594039,45188078,45282550,94472
22590945,45181890,45276358,94468
22589439,45178878,45273328,94450
22589287,45178574,45273016,94442
22586015,45172030,45266465,94435
22585371,45170742,45265174,94432
22584429,45168858,45263290,94432
22579369,45158738,45253160,94422
22579255,45158510,45252913,94403
22575871,45151742,45246143,94401
22575131,45150262,45244658,94396
22574747,45149494,45243889,94395
22574185,45148370,45242759,94389
22573927,45147854,45242231,94377
22568575,45137150,45231524,94374
22568447,45136894,45231248,94354
22566655,45133310,45227662,94352
22563055,45126110,45220441,94331
22560255,45120510,45214834,94324
22558843,45117686,45212008,94322
22554983,45109966,45204268,94302
22551647,45103294,45197584,94290
22550975,45101950,45196235,94285
22546999,45093998,45188278,94280
22546203,45092406,45186671,94265
22541255,45082510,45176758,94248
22539903,45079806,45174041,94235
22539135,45078270,45172502,94232
22536511,45073022,45167254,94232
22535721,45071442,45165662,94220
22532777,45065554,45159767,94213
22531175,45062350,45156550,94200
22527871,45055742,45149938,94196
22527335,45054670,45148859,94189
22526043,45052086,45146267,94181
22524321,45048642,45142820,94178
22523199,45046398,45140566,94168
22522527,45045054,45139220,94166
22520489,45040978,45135134,94156
22516783,45033566,45127709,94143
22512319,45024638,45118768,94130
22507583,45015166,45109276,94110
22507561,45015122,45109228,94106
22505273,45010546,45104651,94105
22504703,45009406,45103498,94092
22500689,45001378,45095456,94078
22500489,45000978,45095051,94073
22496127,44992254,45086314,94060
22493495,44986990,45081038,94048
22490559,44981118,45075163,94045
22489499,44978998,45073043,94045
22488553,44977106,45071144,94038
22488383,44976766,45070787,94021
22486711,44973422,45067439,94017
22483995,44967990,45062000,94010
22481491,44962982,45056986,94004
22481375,44962750,45056740,93990
22480487,44960974,45054964,93990
22477705,44955410,45049393,93983
22477311,44954622,45048595,93973
22474361,44948722,45042691,93969
22474281,44948562,45042527,93965
22474047,44948094,45042058,93964
22472863,44945726,45039683,93957
22467561,44935122,45029074,93952
22467425,44934850,45028798,93948
22465021,44930042,45023974,93932
22462791,44925582,45019502,93920
22459675,44919350,45013250,93900
22456595,44913190,45007082,93892
22455787,44911574,45005462,93888
22453225,44906450,45000328,93878
22452861,44905722,44999600,93878
22450615,44901230,44995108,93878
22450287,44900574,44994437,93863
22447343,44894686,44988544,93858
22446825,44893650,44987501,93851
22443649,44887298,44981138,93840
22441831,44883662,44977498,93836
22441627,44883254,44977088,93834
22440105,44880210,44974042,93832
22437735,44875470,44969300,93830
22437447,44874894,44968715,93821
22435999,44871998,44965811,93813
22435611,44871222,44965022,93800
22429871,44859742,44953540,93798
22428091,44856182,44949961,93779
22426623,44853246,44947012,93766
22423911,44847822,44941573,93751
22420617,44841234,44934982,93748
22420199,44840398,44934133,93735
22417135,44834270,44927995,93725
22415467,44830934,44924656,93722
22411005,44822010,44915714,93704
22408751,44817502,44911190,93688
22405679,44811358,44905034,93676
22401389,44802778,44896448,93670
22399871,44799742,44893399,93657
22398747,44797494,44891140,93646
22395847,44791694,44885330,93636
22395599,44791198,44884834,93636
22394087,44788174,44881805,93631
22391741,44783482,44877112,93630
22389863,44779726,44873350,93624
22387947,44775894,44869499,93605
22382817,44765634,44859215,93581
22379391,44758782,44852357,93575
22378267,44756534,44850109,93575
22377849,44755698,44849266,93568
22377631,44755262,44848822,93560
22376875,44753750,44847310,93560
22376091,44752182,44845738,93556
22375527,44751054,44844604,93550
22375295,44750590,44844139,93549
22373935,44747870,44841418,93548
22371483,44742966,44836507,93541
22370681,44741362,44834903,93541
22369619,44739238,44832763,93525
22369051,44738102,44831626,93524
22366347,44732694,44826214,93520
22364399,44728798,44822308,93510
22362281,44724562,44818057,93495
22359291,44718582,44812063,93481
22356763,44713526,44807003,93477
22355995,44711990,44805457,93467
22352711,44705422,44798884,93462
22352411,44704822,44798282,93460
22352039,44704078,44797531,93453
22350825,44701650,44795095,93445
22347883,44695766,44789206,93440
22345407,44690814,44784250,93436
22344107,44688214,44781650,93436
22343223,44686446,44779876,93430
22342047,44684094,44777506,93412
22341739,44683478,44776888,93410
22341075,44682150,44775560,93410
22339583,44679166,44772574,93408
22337435,44674870,44768261,93391
22335655,44671310,44764694,93384
22335323,44670646,44764030,93384
22334591,44669182,44762564,93382
22333779,44667558,44760934,93376
22332191,44664382,44757755,93373
22331615,44663230,44756603,93373
22330063,44660126,44753489,93363
22327673,44655346,44748700,93354
22325279,44650558,44743912,93354
22324251,44648502,44741837,93335
22322175,44644350,44737684,93334
22318729,44637458,44730782,93324
22316343,44632686,44726003,93317
22315007,44630014,44723308,93294
22312415,44624830,44718118,93288
22309919,44619838,44713120,93282
22306473,44612946,44706208,93262
22303387,44606774,44700023,93249
22300627,44601254,44694502,93248
22297835,44595670,44688899,93229
22296111,44592222,44685442,93220
22294013,44588026,44681242,93216
22292991,44585982,44679194,93212
22291947,44583894,44677096,93202
22289663,44579326,44672516,93190
22286587,44573174,44666356,93182
22286063,44572126,44665301,93175
22284527,44569054,44662228,93174
22281983,44563966,44657122,93156
22276473,44552946,44646086,93140
22275563,44551126,44644259,93133
22275007,44550014,44643140,93126
22273191,44546382,44639506,93124
22271529,44543058,44636177,93119
22266107,44532214,44625316,93102
22266055,44532110,44625212,93102
22263199,44526398,44619496,93098
22262975,44525950,44619038,93088
22259327,44518654,44611717,93063
22256599,44513198,44606258,93060
22255935,44511870,44604928,93058
22254335,44508670,44601712,93042
22252705,44505410,44598449,93039
22250551,44501102,44594138,93036
22249535,44499070,44592095,93025
22247835,44495670,44588693,93023
22245943,44491886,44584906,93020
22243041,44486082,44579081,92999
22239145,44478290,44571275,92985
22238845,44477690,44570675,92985
22238023,44476046,44569028,92982
22237423,44474846,44567825,92979
22237351,44474702,44567674,92972
22236263,44472526,44565493,92967
22231367,44462734,44555681,92947
22225565,44451130,44544062,92932
22224865,44449730,44542660,92930
22222875,44445750,44538676,92926
22221803,44443606,44536517,92911
22220745,44441490,44534398,92908
22220443,44440886,44533793,92907
22218655,44437310,44530216,92906
22216863,44433726,44526622,92896
22216361,44432722,44525612,92890
22216319,44432638,44525528,92890
22214843,44429686,44522572,92886
22213063,44426126,44519008,92882
22212255,44424510,44517382,92872
22210919,44421838,44514701,92863
22209513,44419026,44511889,92863
22208539,44417078,44509934,92856
22207561,44415122,44507974,92852
22205993,44411986,44504834,92848
22204743,44409486,44502328,92842
22203687,44407374,44500214,92840
22203643,44407286,44500120,92834
22198127,44396254,44489068,92814
22196895,44393790,44486603,92813
22196361,44392722,44485528,92806
22194687,44389374,44482169,92795
22192071,44384142,44476937,92795
22191871,44383742,44476532,92790
22189927,44379854,44472644,92790
22189147,44378294,44471069,92775
22186311,44372622,44465381,92759
22186223,44372446,44465204,92758
22181671,44363342,44456083,92741
22179567,44359134,44451875,92741
22179243,44358486,44451220,92734
22179067,44358134,44450866,92732
22178047,44356094,44448821,92727
22175679,44351358,44444074,92716
22173467,44346934,44439640,92706
22171987,44343974,44436676,92702
22169683,44339366,44432062,92696
22167497,44334994,44427683,92689
22167323,44334646,44427328,92682
22165151,44330302,44422972,92670
22163183,44326366,44419030,92664
22161887,44323774,44416433,92659
22158775,44317550,44410202,92652
22157639,44315278,44407919,92641
22156031,44312062,44404702,92640
22156019,44312038,44404673,92635
22154111,44308222,44400850,92628
22152575,44305150,44397766,92616
22150379,44300758,44393372,92614
22148435,44296870,44389484,92614
22145901,44291802,44384416,92614
22145895,44291790,44384378,92588
22143657,44287314,44379895,92581
22139625,44279250,44371820,92570
22137455,44274910,44367464,92554
22135679,44271358,44363906,92548
22134905,44269810,44362358,92548
22133723,44267446,44359991,92545
22132713,44265426,44357969,92543
22128207,44256414,44348948,92534
22127785,44255570,44348087,92517
22127643,44255286,44347799,92513
22125449,44250898,44343407,92509
22122039,44244078,44336572,92494
22119763,44239526,44332010,92484
22116265,44232530,44324998,92468
22113695,44227390,44319851,92461
22113263,44226526,44318987,92461
22112233,44224466,44316922,92456
22110767,44221534,44313986,92452
22109287,44218574,44311018,92444
22107931,44215862,44308294,92432
22103911,44207822,44300248,92426
22101863,44203726,44296129,92403
22100649,44201298,44293699,92401
22098159,44196318,44288707,92389
22093759,44187518,44279890,92372
22092713,44185426,44277797,92371
22091753,44183506,44275876,92370
22089063,44178126,44270489,92363
22086817,44173634,44265986,92352
22085631,44171262,44263600,92338
22080863,44161726,44254048,92322
22080795,44161590,44253907,92317
22080091,44160182,44252497,92315
22079967,44159934,44252248,92314
22076727,44153454,44245768,92314
22074555,44149110,44241416,92306
22073071,44146142,44238433,92291
22072255,44144510,44236799,92289
22070719,44141438,44233721,92283
22069675,44139350,44231632,92282
22068563,44137126,44229401,92275
22067111,44134222,44226487,92265
22064255,44128510,44220761,92251
22062047,44124094,44216333,92239
22058431,44116862,44209084,92222
22055783,44111566,44203786,92220
22051231,44102462,44194661,92199
22049505,44099010,44191204,92194
22045865,44091730,44183902,92172
22043305,44086610,44178776,92166
22043303,44086606,44178766,92160
22041327,44082654,44174807,92153
22039323,44078646,44170798,92152
22039039,44078078,44170222,92144
22038767,44077534,44169677,92143
22035951,44071902,44164039,92137
22032575,44065150,44157280,92130
22032111,44064222,44156339,92117
22029993,44059986,44152096,92110
22029311,44058622,44150725,92103
22028267,44056534,44148635,92101
22026551,44053102,44145202,92100
22025325,44050650,44142745,92095
22024169,44048338,44140427,92089
22021359,44042718,44134792,92074
22020799,44041598,44133664,92066
22020095,44040190,44132254,92064
22017051,44034102,44126158,92056
22015999,44031998,44124052,92054
22015997,44031994,44124046,92052
22014379,44028758,44120806,92048
22014121,44028242,44120279,92037
22010823,44021646,44113679,92033
22010183,44020366,44112388,92022
22009599,44019198,44111218,92020
22008147,44016294,44108309,92015
22003711,44007422,44099422,92000
22000411,44000822,44092822,92000
22000297,44000594,44092576,91982
21998547,43997094,44089072,91978
21997567,43995134,44087102,91968
21992155,43984310,44076275,91965
21991935,43983870,44075819,91949
21990399,43980798,44072738,91940
21987327,43974654,44066591,91937
21986857,43973714,44065642,91928
21986047,43972094,44064020,91926
21984703,43969406,44061322,91916
21983415,43966830,44058740,91910
21980537,43961074,44052976,91902
21978665,43957330,44049220,91890
21977465,43954930,44046818,91888
21977313,43954626,44046514,91888
21975879,43951758,44043644,91886
21973959,43947918,44039792,91874
21972459,43944918,44036792,91874
21969231,43938462,44030324,91862
21968489,43936978,44028836,91858
21967593,43935186,44027044,91858
21965833,43931666,44023516,91850
21965631,43931262,44023102,91840
21965255,43930510,44022349,91839
21964391,43928782,44020615,91833
21964335,43928670,44020502,91832
21963035,43926070,44017901,91831
21959521,43919042,44010859,91817
21955241,43910482,44002274,91792
21954559,43909118,44000906,91788
21950377,43900754,43992538,91784
21949543,43899086,43990864,91778
21947775,43895550,43987318,91768
21943327,43886654,43978414,91760
21942175,43884350,43976105,91755
21941993,43883986,43975736,91750
21941403,43882806,43974556,91750
21939231,43878462,43970188,91726
21937455,43874910,43966631,91721
21934847,43869694,43961401,91707
21934271,43868542,43960249,91707
21933851,43867702,43959404,91702
21931291,43862582,43954276,91694
21930495,43860990,43952684,91694
21929527,43859054,43950740,91686
21924065,43848130,43939798,91668
21918335,43836670,43928324,91654
21917313,43834626,43926275,91649
21916703,43833406,43925038,91632
21913257,43826514,43918139,91625
21913215,43826430,43918051,91621
21912319,43824638,43916255,91617
21909711,43819422,43911029,91607
21909023,43818046,43909645,91599
21908059,43816118,43907716,91598
21903315,43806630,43898218,91588
21902079,43804158,43895734,91576
21900287,43800574,43892144,91570
21899431,43798862,43890430,91568
21897631,43795262,43886819,91557
21892079,43784158,43875715,91557
21891837,43783674,43875220,91546
21891739,43783478,43875005,91527
21889087,43778174,43869698,91524
21887657,43775314,43866836,91522
21885819,43771638,43863142,91504
21884927,43769854,43861354,91500
21881599,43763198,43854686,91488
21878783,43757566,43849054,91488
21877871,43755742,43847230,91488
21877223,43754446,43845928,91482
21876203,43752406,43843876,91470
21875967,43751934,43843396,91462
21875815,43751630,43843090,91460
21873737,43747474,43838932,91458
21872639,43745278,43836734,91456
21872575,43745150,43836605,91455
21872487,43744974,43836424,91450
21871487,43742974,43834414,91440
21868585,43737170,43828604,91434
21868371,43736742,43828175,91433
21867849,43735698,43827130,91432
21865961,43731922,43823354,91432
21865831,43731662,43823092,91430
21864783,43729566,43820990,91424
21860519,43721038,43812440,91402
21859625,43719250,43810645,91395
21857383,43714766,43806152,91386
21855353,43710706,43802090,91384
21854719,43709438,43800809,91371
21851817,43703634,43794998,91364
21850343,43700686,43792046,91360
21849727,43699454,43790804,91350
21845119,43690238,43781570,91332
21841641,43683282,43774613,91331
21841083,43682166,43773497,91331
21839771,43679542,43770868,91326
21837595,43675190,43766492,91302
21836127,43672254,43763554,91300
21832831,43665662,43756949,91287
21830399,43660798,43752076,91278
21829279,43658558,43749823,91265
21827431,43654862,43746122,91260
21826431,43652862,43744121,91259
21824479,43648958,43740208,91250
21823487,43646974,43738217,91243
21820143,43640286,43731523,91237
21819433,43638866,43730098,91232
21818075,43636150,43727374,91224
21817839,43635678,43726898,91220
21816063,43632126,43723336,91210
21813967,43627934,43719142,91208
21813759,43627518,43718723,91205
21813227,43626454,43717654,91200
21810271,43620542,43711730,91188
21809243,43618486,43709669,91183
21806399,43612798,43703975,91177
21805565,43611130,43702301,91171
21803751,43607502,43698670,91168
21802855,43605710,43696864,91154
21799903,43599806,43690954,91148
21797961,43595922,43687066,91144
21797023,43594046,43685176,91130
21795135,43590270,43681394,91124
21793247,43586494,43677616,91122
21789415,43578830,43669934,91104
21787295,43574590,43665686,91096
21785339,43570678,43661770,91092
21784639,43569278,43660363,91085
21784575,43569150,43660228,91078
21783721,43567442,43658519,91077
21780735,43561470,43652536,91066
21778203,43556406,43647460,91054
21777747,43555494,43646546,91052
21774427,43548854,43639904,91050
21774275,43548550,43639592,91042
21773951,43547902,43638938,91036
21773423,43546846,43637879,91033
21771823,43543646,43634675,91029
21770081,43540162,43631188,91026
21768105,43536210,43627234,91024
21766887,43533774,43624784,91010
21766143,43532286,43623286,91000
21761963,43523926,43614922,90996
21758935,43517870,43608856,90986
21758399,43516798,43607774,90976
21756871,43513742,43604710,90968
21756159,43512318,43603285,90967
21755343,43510686,43601650,90964
21755119,43510238,43601192,90954
21752319,43504638,43595584,90946
21751807,43503614,43594558,90944
21749739,43499478,43590419,90941
21743463,43486926,43577855,90929
21743103,43486206,43577122,90916
21739759,43479518,43570426,90908
21739739,43479478,43570385,90907
21739519,43479038,43569938,90900
21738889,43477778,43568675,90897
21737975,43475950,43566838,90888
21733473,43466946,43557821,90875
21733355,43466710,43557583,90873
21729771,43459542,43550396,90854
21728411,43456822,43547672,90850
21725839,43451678,43542520,90842
21724157,43448314,43539142,90828
21724103,43448206,43539034,90828
21723227,43446454,43537277,90823
21721855,43443710,43534526,90816
21721247,43442494,43533308,90814
21720575,43441150,43531964,90814
21720303,43440606,43531418,90812
21719551,43439102,43529912,90810
21719151,43438302,43529110,90808
21715109,43430218,43521020,90802
21714799,43429598,43520389,90791
21713235,43426470,43517260,90790
21710511,43421022,43511806,90784
21710191,43420382,43511156,90774
21709961,43419922,43510694,90772
21709311,43418622,43509386,90764
21708079,43416158,43506922,90764
21707263,43414526,43505282,90756
21706873,43413746,43504502,90756
21704247,43408494,43499248,90754
21703771,43407542,43498294,90752
21702847,43405694,43496446,90752
21701673,43403346,43494082,90736
21700351,43400702,43491428,90726
21698223,43396446,43487167,90721
21696207,43392414,43483124,90710
21694751,43389502,43480208,90706
21693055,43386110,43476808,90698
21690121,43380242,43470931,90689
21688937,43377874,43468562,90688
21688639,43377278,43467958,90680
21683615,43367230,43457908,90678
21683455,43366910,43457564,90654
21682023,43364046,43454699,90653
21679721,43359442,43450091,90649
21679199,43358398,43449038,90640
21676031,43352062,43442686,90624
21675199,43350398,43441022,90624
21673407,43346814,43437436,90622
21672539,43345078,43435690,90612
21667887,43335774,43426372,90598
21666587,43333174,43423766,90592
21666239,43332478,43423067,90589
21666031,43332062,43422644,90582
21663853,43327706,43418288,90582
21662521,43325042,43415621,90579
21661759,43323518,43414084,90566
21660287,43320574,43411138,90564
21656859,43313718,43404265,90547
21655711,43311422,43401962,90540
21652457,43304914,43395448,90534
21652063,43304126,43394656,90530
21651707,43303414,43393940,90526
21651567,43303134,43393657,90523
21650203,43300406,43390924,90518
21649577,43299154,43389670,90516
21648543,43297086,43387598,90512
21647103,43294206,43384714,90508
21646975,43293950,43384451,90501
21645307,43290614,43381115,90501
21643359,43286718,43377214,90496
21641959,43283918,43374413,90495
21641441,43282882,43373374,90492
21637247,43274494,43364960,90466
21636587,43273174,43363637,90463
21632959,43265918,43356370,90452
21631427,43262854,43353305,90451
21630655,43261310,43351751,90441
21629097,43258194,43348624,90430
21627631,43255262,43345690,90428
21624511,43249022,43339445,90423
21623999,43247998,43338412,90414
21623337,43246674,43337086,90412
21622223,43244446,43334858,90412
21618759,43237518,43327909,90391
21616201,43232402,43322786,90384
21612427,43224854,43315234,90380
21610155,43220310,43310680,90370
21610089,43220178,43310540,90362
21607515,43215030,43305380,90350
21607423,43214846,43305190,90344
21605735,43211470,43301800,90330
21602195,43204390,43294720,90330
21601307,43202614,43292932,90318
21598719,43197438,43287748,90310
21595071,43190142,43280428,90286
21593655,43187310,43277596,90286
21593055,43186110,43276396,90286
21592929,43185858,43276139,90281
21588937,43177874,43268152,90278
21588847,43177694,43267958,90264
21587583,43175166,43265428,90262
21586063,43172126,43262380,90254
21583207,43166414,43256663,90249
21582575,43165150,43255384,90234
21581007,43162014,43252243,90229
21576895,43153790,43244014,90224
21576487,43152974,43243190,90216
21576353,43152706,43242920,90214
21575209,43150418,43240625,90207
21573611,43147222,43237426,90204
21569695,43139390,43229578,90188
21569343,43138686,43228870,90184
21568679,43137358,43227538,90180
21567935,43135870,43226048,90178
21564651,43129302,43219474,90172
21563325,43126650,43216820,90170
21562087,43124174,43214336,90162
21561171,43122342,43212491,90149
21559707,43119414,43209556,90142
21556991,43113982,43204108,90126
21556031,43112062,43202186,90124
21552843,43105686,43195805,90119
21552487,43104974,43195088,90114
21551899,43103798,43193911,90113
21551263,43102526,43192636,90110
21550383,43100766,43190872,90106
21548479,43096958,43187050,90092
21546361,43092722,43182808,90086
21545563,43091126,43181212,90086
21542127,43084254,43174318,90064
21538463,43076926,43166986,90060
21536959,43073918,43163965,90047
21533159,43066318,43156354,90036
21531673,43063346,43153373,90027
21529177,43058354,43148380,90026
21527727,43055454,43145470,90016
21527719,43055438,43145450,90012
21525743,43051486,43141490,90004
21522601,43045202,43135186,89984
21522079,43044158,43134142,89984
21521961,43043922,43133905,89983
21520457,43040914,43130896,89982
21518427,43036854,43126829,89975
21517479,43034958,43124930,89972
21516783,43033566,43123523,89957
21512687,43025374,43115318,89944
21508279,43016558,43106498,89940
21507721,43015442,43105372,89930
21506879,43013758,43103687,89929
21506729,43013458,43103378,89920
21505535,43011070,43100986,89916
21502399,43004798,43094704,89906
21500959,43001918,43091818,89900
21498023,42996046,43085926,89880
21496511,42993022,43082896,89874
21495487,42990974,43080844,89870
21491711,42983422,43073284,89862
21491007,42982014,43071871,89857
21490345,42980690,43070539,89849
21488119,42976238,43066084,89846
21485793,42971586,43061422,89836
21484543,42969086,43058918,89832
21483859,42967718,43057541,89823
21480425,42960850,43050670,89820
21479751,42959502,43049312,89810
21479039,42958078,43047880,89802
21474763,42949526,43039325,89799
21474431,42948862,43038647,89785
21471913,42943826,43033606,89780
21469851,42939702,43029472,89770
21469275,42938550,43028320,89770
21468519,42937038,43026797,89759
21463999,42927998,43017743,89745
21463095,42926190,43015931,89741
21462767,42925534,43015268,89734
21461439,42922878,43012604,89726
21458183,42916366,43006085,89719
21456425,42912850,43002566,89716
21455047,42910094,42999802,89708
21453801,42907602,42997310,89708
21452061,42904122,42993820,89698
21450495,42900990,42990679,89689
21450295,42900590,42990275,89685
21448417,42896834,42986516,89682
21448143,42896286,42985964,89678
21446687,42893374,42983048,89674
21444859,42889718,42979390,89672
21443305,42886610,42976271,89661
21442027,42884054,42973708,89654
21440959,42881918,42971566,89648
21439707,42879414,42969062,89648
21437531,42875062,42964708,89646
21436743,42873486,42963110,89624
21434707,42869414,42959038,89624
21432697,42865394,42955004,89610
21431743,42863486,42953092,89606
21429587,42859174,42948772,89598
21426043,42852086,42941674,89588
21425511,42851022,42940601,89579
21424367,42848734,42938306,89572
21421535,42843070,42932639,89569
21421415,42842830,42932392,89562
21419679,42839358,42928910,89552
21417831,42835662,42925214,89552
21415935,42831870,42921409,89539
21414057,42828114,42917651,89537
21412507,42825014,42914537,89523
21410169,42820338,42909857,89519
21405993,42811986,42901492,89506
21405693,42811386,42900887,89501
21404649,42809298,42898792,89494
21403071,42806142,42895636,89494
21401135,42802270,42891754,89484
21399891,42799782,42889258,89476
21399465,42798930,42888403,89473
21398715,42797430,42886898,89468
21397097,42794194,42883658,89464
21396583,42793166,42882628,89462
21395839,42791678,42881134,89456
21394569,42789138,42878591,89453
21393025,42786050,42875500,89450
21391871,42783742,42873176,89434
21388735,42777470,42866894,89424
21386127,42772254,42861676,89422
21384831,42769662,42859070,89408
21383279,42766558,42855964,89406
21379687,42759374,42848762,89388
21378689,42757378,42846766,89388
21377791,42755582,42844970,89388
21377769,42755538,42844925,89387
21376603,42753206,42842591,89385
21376495,42752990,42842374,89384
21373089,42746178,42835544,89366
21371931,42743862,42833216,89354
21366697,42733394,42822736,89342
21366591,42733182,42822520,89338
21364873,42729746,42819082,89336
21364015,42728030,42817351,89321
21362875,42725750,42815071,89321
21360297,42720594,42809903,89309
21359103,42718206,42807508,89302
21357311,42714622,42803920,89298
21356665,42713330,42802627,89297
21355227,42710454,42799745,89291
21354095,42708190,42797479,89289
21352447,42704894,42794168,89274
21351417,42702834,42792106,89272
21350567,42701134,42790400,89266
21349867,42699734,42788996,89262
21347967,42695934,42785191,89257
21346395,42692790,42782039,89249
21344809,42689618,42778859,89241
21343457,42686914,42776152,89238
21340967,42681934,42771166,89232
21338911,42677822,42767054,89232
21335471,42670942,42760156,89214
21335199,42670398,42759610,89212
21333659,42667318,42756514,89196
21331711,42663422,42752609,89187
21328475,42656950,42746123,89173
21325279,42650558,42739721,89163
21325083,42650166,42739327,89161
21324001,42648002,42737159,89157
21323823,42647646,42736801,89155
21323291,42646582,42735737,89155
21322729,42645458,42734608,89150
21321041,42642082,42731228,89146
21320943,42641886,42731027,89141
21315071,42630142,42719264,89122
21312927,42625854,42714962,89108
21312159,42624318,42713422,89104
21311647,42623294,42712394,89100
21310121,42620242,42709342,89100
21309543,42619086,42708181,89095
21308727,42617454,42706549,89095
21306985,42613970,42703054,89084
21306779,42613558,42702641,89083
21306367,42612734,42701813,89079
21302367,42604734,42693806,89072
21300791,42601582,42690640,89058
21298971,42597942,42686993,89051
21292523,42585046,42674068,89022
21290515,42581030,42670049,89019
21289755,42579510,42668522,89012
21288831,42577662,42666670,89008
21286527,42573054,42662057,89003
21284833,42569666,42658661,88995
21282847,42565694,42654680,88986
21279969,42559938,42648910,88972
21278335,42556670,42645637,88967
21275583,42551166,42640121,88955
21273307,42546614,42635564,88950
21271929,42543858,42632804,88946
21269375,42538750,42627676,88926
21267163,42534326,42623252,88926
21264609,42529218,42618136,88918
21262377,42524754,42613658,88904
21261951,42523902,42612799,88897
21258551,42517102,42605990,88888
21256819,42513638,42602521,88883
21256447,42512894,42601763,88869
21251867,42503734,42592588,88854
21249903,42499806,42588656,88850
21248479,42496958,42585802,88844
21248447,42496894,42585736,88842
21246191,42492382,42581209,88827
21242729,42485458,42574285,88827
21241599,42483198,42572024,88826
21238921,42477842,42566644,88802
21233829,42467658,42556448,88790
21232875,42465750,42554536,88786
21230571,42461142,42549917,88775
21229807,42459614,42548380,88766
21227999,42455998,42544754,88756
21225407,42450814,42539555,88741
21222727,42445454,42534193,88739
21218751,42437502,42526217,88715
21216575,42433150,42521854,88704
21213031,42426062,42514757,88695
21211647,42423294,42511985,88691
21209129,42418258,42506942,88684
21208063,42416126,42504794,88668
21206431,42412862,42501524,88662
21202335,42404670,42493328,88658
21198055,42396110,42484750,88640
21198047,42396094,42484721,88627
21196967,42393934,42482557,88623
21196415,42392830,42481450,88620
21194815,42389630,42478244,88614
21192127,42384254,42472862,88608
21190171,42380342,42468943,88601
21186847,42373694,42462292,88598
21186687,42373374,42461972,88598
21186331,42372662,42461242,88580
21185535,42371070,42459643,88573
21183465,42366930,42455497,88567
21182463,42364926,42453485,88559
21180031,42360062,42448619,88557
21177023,42354046,42442586,88540
21175535,42351070,42439607,88537
21173357,42346714,42435250,88536
21172955,42345910,42434435,88525
21172891,42345782,42434306,88524
21169895,42339790,42428306,88516
21168871,42337742,42426251,88509
21167743,42335486,42423988,88502
21165743,42331486,42419983,88497
21165039,42330078,42418574,88496
21164143,42328286,42416777,88491
21163975,42327950,42416440,88490
21163561,42327122,42415606,88484
21160009,42320018,42408488,88470
21158911,42317822,42406283,88461
21155839,42311678,42400132,88454
21154683,42309366,42397820,88454
21151723,42303446,42391888,88442
21151401,42302802,42391235,88433
21150831,42301662,42390094,88432
21148319,42296638,42385066,88428
21147719,42295438,42383855,88417
21146783,42293566,42381980,88414
21144079,42288158,42376571,88413
21144043,42288086,42376490,88404
21143295,42286590,42374990,88400
21141831,42283662,42372053,88391
21138729,42277458,42365837,88379
21137785,42275570,42363947,88377
21135839,42271678,42360047,88369
21135785,42271570,42359936,88366
21132513,42265026,42353390,88364
21131681,42263362,42351718,88356
21130399,42260798,42349144,88346
21129319,42258638,42346984,88346
21127999,42255998,42344336,88338
21126683,42253366,42341696,88330
21125227,42250454,42338783,88329
21122361,42244722,42333038,88316
21121183,42242366,42330676,88310
21117983,42235966,42324272,88306
21116775,42233550,42321850,88300
21116243,42232486,42320774,88288
21114991,42229982,42318263,88281
21113513,42227026,42315301,88275
21110559,42221118,42309385,88267
21109531,42219062,42307324,88262
21108783,42217566,42305825,88259
21108591,42217182,42305437,88255
21107015,42214030,42302279,88249
21105307,42210614,42298861,88247
21103993,42207986,42296228,88242
21101111,42202222,42290464,88242
21100651,42201302,42289526,88224
21097449,42194898,42283108,88210
21095593,42191186,42279385,88199
21091667,42183334,42271522,88188
21089247,42178494,42266680,88186
21088027,42176054,42264224,88170
21084047,42168094,42256258,88164
21083389,42166778,42254936,88158
21080315,42160630,42248764,88134
21078887,42157774,42245902,88128
21076157,42152314,42240440,88126
21072249,42144498,42232607,88109
21071743,42143486,42231584,88098
21070761,42141522,42229619,88097
21066983,42133966,42222055,88089
21065799,42131598,42219677,88079
21065499,42130998,42219076,88078
21064863,42129726,42217798,88072
21063215,42126430,42214498,88068
21061679,42123358,42211424,88066
21060335,42120670,42208733,88063
21058079,42116158,42204206,88048
21056751,42113502,42201542,88040
21055999,42111998,42200030,88032
21055259,42110518,42198550,88032
21052623,42105246,42193277,88031
21051617,42103234,42191261,88027
21050459,42100918,42188938,88020
21048959,42097918,42185933,88015
21048231,42096462,42184475,88013
21047423,42094846,42182855,88009
21045999,42091998,42179992,87994
21045407,42090814,42178805,87991
21044843,42089686,42177677,87991
21043881,42087762,42175748,87986
21043423,42086846,42174830,87984
21041261,42082522,42170506,87984
21041115,42082230,42170213,87983
21040671,42081342,42169313,87971
21040559,42081118,42169088,87970
21038799,42077598,42165562,87964
21038639,42077278,42165241,87963
21036671,42073342,42161294,87952
21033509,42067018,42154970,87952
21031871,42063742,42151691,87949
21031071,42062142,42150076,87934
21030911,42061822,42149752,87930
21030215,42060430,42148357,87927
21028511,42057022,42144940,87918
21023711,42047422,42135335,87913
21022817,42045634,42133538,87904
21021979,42043958,42131848,87890
21017119,42034238,42122122,87884
21016667,42033334,42121210,87876
21012735,42025470,42113344,87874
21010655,42021310,42109166,87856
21008127,42016254,42104090,87836
21007131,42014262,42102092,87830
21006439,42012878,42100708,87830
21004015,42008030,42095860,87830
21003641,42007282,42095104,87822
21003455,42006910,42094732,87822
21002623,42005246,42093058,87812
21000039,42000078,42087880,87802
20998907,41997814,42085612,87798
20998527,41997054,42084851,87797
20998383,41996766,42084557,87791
20996599,41993198,42080986,87788
20995311,41990622,42078404,87782
20990935,41981870,42069635,87765
20988955,41977910,42065669,87759
20988457,41976914,42064670,87756
20987219,41974438,42062186,87748
20984223,41968446,42056192,87746
20983663,41967326,42055060,87734
20982559,41965118,42052846,87728
20980865,41961730,42049456,87726
20977641,41955282,42042991,87709
20976487,41952974,42040676,87702
20976383,41952766,42040466,87700
20973035,41946070,42033766,87696
20973007,41946014,42033706,87692
20972769,41945538,42033226,87688
20972575,41945150,42032837,87687
20970799,41941598,42029278,87680
20968091,41936182,42023860,87678
20967017,41934034,42021703,87669
20963897,41927794,42015451,87657
20963465,41926930,42014581,87651
20962847,41925694,42013340,87646
20960815,41921630,42009272,87642
20959369,41918738,42006377,87639
20959231,41918462,42006094,87632
20956095,41912190,41999816,87626
20954431,41908862,41996483,87621
20953257,41906514,41994124,87610
20952303,41904606,41992204,87598
20950143,41900286,41987879,87593
20948727,41897454,41985047,87593
20948415,41896830,41984411,87581
20945897,41891794,41979367,87573
20943263,41886526,41974087,87561
20939803,41879606,41967163,87557
20939391,41878782,41966336,87554
20938523,41877046,41964587,87541
20938031,41876062,41963602,87540
20936807,41873614,41961152,87538
20936247,41872494,41960027,87533
20932607,41865214,41952730,87516
20931961,41863922,41951438,87516
20930407,41860814,41948324,87510
20929007,41858014,41945516,87502
20927727,41855454,41942951,87497
20926207,41852414,41939902,87488
20924591,41849182,41936666,87484
20923391,41846782,41934266,87484
20923119,41846238,41933720,87482
20922139,41844278,41931755,87477
20919735,41839470,41926940,87470
20918015,41836030,41923493,87463
20917487,41834974,41922431,87457
20917095,41834190,41921642,87452
20914879,41829758,41917202,87444
20912575,41825150,41912590,87440
20911207,41822414,41909845,87431
20907679,41815358,41902784,87426
20906855,41813710,41901124,87414
20905983,41811966,41899369,87403
20903151,41806302,41893696,87394
20901887,41803774,41891165,87391
20900967,41801934,41889322,87388
20899307,41798614,41885993,87379
20899263,41798526,41885905,87379
20898131,41796262,41883641,87379
20897023,41794046,41881412,87366
20895487,41790974,41878334,87360
20893305,41786610,41873969,87359
20890591,41781182,41868532,87350
20889191,41778382,41865722,87340
20886249,41772498,41859826,87328
20884639,41769278,41856601,87323
20880809,41761618,41848937,87319
20880521,41761042,41848360,87318
20880159,41760318,41847617,87299
20877967,41755934,41843233,87299
20876223,41752446,41839739,87293
20873215,41746430,41833696,87266
20868179,41736358,41823611,87253
20863831,41727662,41814904,87242
20862311,41724622,41811856,87234
20861343,41722686,41809912,87226
20860543,41721086,41808302,87216
20857191,41714382,41801597,87215
20855451,41710902,41798095,87193
20853631,41707262,41794447,87185
20852583,41705166,41792348,87182
20848487,41696974,41784154,87180
20848447,41696894,41784064,87170
20848297,41696594,41783759,87165
20845039,41690078,41777236,87158
20844391,41688782,41775934,87152
20844159,41688318,41775463,87145
20842191,41684382,41771524,87142
20841659,41683318,41770457,87139
20840445,41680890,41768024,87134
20839231,41678462,41765596,87134
20838559,41677118,41764252,87134
20837735,41675470,41762603,87133
20836349,41672698,41759818,87120
20831915,41663830,41750936,87106
20831515,41663030,41750134,87104
20829543,41659086,41746178,87092
20828319,41656638,41743726,87088
20826943,41653886,41740967,87081
20825939,41651878,41738950,87072
20824631,41649262,41736334,87072
20823911,41647822,41734883,87061
20820217,41640434,41727493,87059
20819815,41639630,41726684,87054
20819127,41638254,41725304,87050
20816831,41633662,41720696,87034
20814031,41628062,41715085,87023
20810735,41621470,41708483,87013
20809127,41618254,41705260,87006
20805351,41610702,41697706,87004
20804327,41608654,41695648,86994
20804251,41608502,41695489,86987
20803527,41607054,41694041,86987
20803497,41606994,41693980,86986
20802401,41604802,41691784,86982
20802103,41604206,41691181,86975
20796755,41593510,41680462,86952
20793583,41587166,41674102,86936
20791235,41582470,41669404,86934
20790269,41580538,41667466,86928
20787967,41575934,41662852,86918
20787271,41574542,41661454,86912
20786489,41572978,41659888,86910
20784687,41569374,41656277,86903
20781647,41563294,41650193,86899
20779847,41559694,41646575,86881
20778527,41557054,41643929,86875
20777337,41554674,41641543,86869
20772955,41545910,41632775,86865
20772647,41545294,41632157,86863
20770815,41541630,41628478,86848
20769449,41538898,41625737,86839
20768487,41536974,41623807,86833
20763911,41527822,41614643,86821
20762281,41524562,41611367,86805
20760571,41521142,41607944,86802
20760043,41520086,41606885,86799
20756023,41512046,41598845,86799
20754463,41508926,41595707,86781
20752671,41505342,41592113,86771
20749467,41498934,41585704,86770
20749345,41498690,41585453,86763
20745087,41490174,41576921,86747
20743327,41486654,41573387,86733
20743295,41486590,41573321,86731
20742847,41485694,41572420,86726
20739931,41479862,41566580,86718
20738779,41477558,41564272,86714
20735003,41470006,41556706,86700
20734399,41468798,41555486,86688
20731903,41463806,41550488,86682
20731369,41462738,41549417,86679
20730459,41460918,41547593,86675
20728703,41457406,41544076,86670
20726697,41453394,41540060,86666
20724839,41449678,41536334,86656
20722647,41445294,41531950,86656
20721087,41442174,41528821,86647
20719711,41439422,41526058,86636
20718245,41436490,41523121,86631
20715263,41430526,41517137,86611
20712609,41425218,41511818,86600
20711801,41423602,41510198,86596
20710127,41420254,41506846,86592
20708799,41417598,41504183,86585
20708159,41416318,41502898,86580
20705279,41410558,41497130,86572
20703609,41407218,41493788,86570
20703079,41406158,41492722,86564
20702719,41405438,41491997,86559
20697927,41395854,41482408,86554
20697839,41395678,41482232,86554
20694921,41389842,41476373,86531
20693319,41386638,41473156,86518
20688039,41376078,41462590,86512
20687753,41375506,41462008,86502
20686479,41372958,41459452,86494
20684223,41368446,41454935,86489
20681023,41362046,41448512,86466
20678687,41357374,41443838,86464
20676647,41353294,41439755,86461
20676127,41352254,41438708,86454
20674671,41349342,41435786,86444
20674111,41348222,41434663,86441
20673839,41347678,41434118,86440
20669053,41338106,41424544,86438
20668287,41336574,41423005,86431
20666223,41332446,41418854,86408
20663451,41326902,41413295,86393
20662185,41324370,41410757,86387
20661863,41323726,41410111,86385
20659839,41319678,41406061,86383
20659711,41319422,41405800,86378
20656351,41312702,41399072,86370
20654751,41309502,41395862,86360
20653951,41307902,41394256,86354
20652199,41304398,41390741,86343
20649961,41299922,41386259,86337
20647763,41295526,41381855,86329
20645695,41291390,41377715,86325
20644799,41289598,41375914,86316
20642813,41285626,41371936,86310
20639067,41278134,41364436,86302
20638495,41276990,41363288,86298
20637163,41274326,41360617,86291
20634879,41269758,41356048,86290
20634601,41269202,41355484,86282
20634127,41268254,41354528,86274
20634095,41268190,41354462,86272
20632297,41264594,41350864,86270
20631399,41262798,41349053,86255
20628383,41256766,41343014,86248
20627453,41254906,41341151,86245
20626425,41252850,41339090,86240
20624495,41248990,41335222,86232
20622619,41245238,41331460,86222
20621311,41242622,41328844,86222
20620627,41241254,41327476,86222
20620539,41241078,41327296,86218
20617263,41234526,41320732,86206
20615167,41230334,41316532,86198
20613395,41226790,41312987,86197
20613115,41226230,41312413,86183
20611143,41222286,41308466,86180
20611071,41222142,41308316,86174
20610367,41220734,41306905,86171
20608239,41216478,41302649,86171
20606823,41213646,41299810,86164
20604223,41208446,41294596,86150
20603839,41207678,41293820,86142
20601279,41202558,41288690,86132
20598399,41196798,41282918,86120
20595199,41190398,41276506,86108
20594687,41189374,41275477,86103
20589007,41178014,41264099,86085
20588599,41177198,41263280,86082
20587263,41174526,41260603,86077
20586663,41173326,41259397,86071
20584687,41169374,41255441,86067
20582431,41164862,41250919,86057
20578975,41157950,41243993,86043
20578301,41156602,41242639,86037
20574447,41148894,41234920,86026
20571003,41142006,41228027,86021
20568223,41136446,41222447,86001
20567417,41134834,41220829,85995
20566975,41133950,41219945,85995
20565695,41131390,41217373,85983
20564295,41128590,41214572,85982
20564075,41128150,41214130,85980
20562247,41124494,41210462,85968
20557759,41115518,41201471,85953
20552487,41104974,41190916,85942
20552475,41104950,41190880,85930
20552007,41104014,41189941,85927
20549175,41098350,41184268,85918
20546795,41093590,41179508,85918
20546527,41093054,41178962,85908
20546287,41092574,41178482,85908
20543935,41087870,41173762,85892
20542183,41084366,41170258,85892
20540297,41080594,41166473,85879
20537113,41074226,41160097,85871
20532179,41064358,41150207,85849
20531903,41063806,41149654,85848
20531367,41062734,41148580,85846
20530791,41061582,41147428,85846
20529263,41058526,41144365,85839
20527457,41054914,41140748,85834
20524001,41048002,41133824,85822
20522721,41045442,41131255,85813
20518623,41037246,41123056,85810
20517031,41034062,41119841,85779
20514943,41029886,41115656,85770
20509807,41019614,41105384,85770
20507631,41015262,41101018,85756
20506015,41012030,41097778,85748
20503495,41006990,41092717,85727
20503031,41006062,41091787,85725
20500457,41000914,41086636,85722
20500175,41000350,41086060,85710
20498743,40997486,41083195,85709
20496531,40993062,41078771,85709
20496415,40992830,41078524,85694
20494783,40989566,41075252,85686
20492539,40985078,41070760,85682
20489897,40979794,41065468,85674
20487817,40975634,41061292,85658
20485807,40971614,41057270,85656
20485459,40970918,41056568,85650
20485097,40970194,41055842,85648
20481895,40963790,41049430,85640
20481663,40963326,41048963,85637
20480807,40961614,41047249,85635
20479231,40958462,41044087,85625
20478043,40956086,41041708,85622
20476713,40953426,41039048,85622
20473577,40947154,41032757,85603
20468671,40937342,41022926,85584
20468511,40937022,41022599,85577
20466559,40933118,41018686,85568
20466345,40932690,41018258,85568
20465903,40931806,41017373,85567
20464617,40929234,41014798,85564
20463359,40926718,41012278,85560
20462079,40924158,41009708,85550
20460769,40921538,41007086,85548
20458623,40917246,41002787,85541
20458367,40916734,41002271,85537
20455251,40910502,40996028,85526
20454377,40908754,40994272,85518
20453703,40907406,40992923,85517
20451783,40903566,40989077,85511
20449947,40899894,40985396,85502
20448539,40897078,40982573,85495
20447343,40894686,40980181,85495
20444903,40889806,40975288,85482
20443257,40886514,40971991,85477
20443091,40886182,40971656,85474
20440057,40880114,40965578,85464
20438185,40876370,40961824,85454
20436439,40872878,40958327,85449
20435103,40870206,40955645,85439
20432287,40864574,40949999,85425
20429113,40858226,40943651,85425
20427809,40855618,40941035,85417
20425705,40851410,40936823,85413
20424935,40849870,40935266,85396
20421631,40843262,40928642,85380
20417743,40835486,40920856,85370
20415335,40830670,40916027,85357
20414799,40829598,40914953,85355
20411561,40823122,40908472,85350
20409983,40819966,40905299,85333
20408731,40817462,40902790,85328
20405215,40810430,40895744,85314
20404791,40809582,40894895,85313
20404535,40809070,40894381,85311
20404479,40808958,40894268,85310
20398505,40797010,40882318,85308
20398303,40796606,40881910,85304
20397737,40795474,40880771,85297
20397671,40795342,40880639,85297
20396031,40792062,40877335,85273
20394735,40789470,40874740,85270
20392095,40784190,40869448,85258
20390727,40781454,40866712,85258
20388973,40777946,40863197,85251
20387757,40775514,40860763,85249
20387003,40774006,40859248,85242
20382561,40765122,40850347,85225
20380327,40760654,40845878,85224
20378863,40757726,40842926,85200
20373729,40747458,40832657,85199
20373047,40746094,40831283,85189
20372591,40745182,40830370,85188
20370809,40741618,40826798,85180
20370591,40741182,40826351,85169
20368411,40736822,40821985,85163
20366799,40733598,40818761,85163
20365535,40731070,40816223,85153
20365159,40730318,40815466,85148
20363135,40726270,40811410,85140
20362703,40725406,40810544,85138
20362331,40724662,40809800,85138
20360703,40721406,40806533,85127
20358171,40716342,40801457,85115
20356649,40713298,40798408,85110
20356335,40712670,40797778,85108
20352649,40705298,40790405,85107
20352111,40704222,40789327,85105
20350973,40701946,40787044,85098
20346971,40693942,40779010,85068
20345569,40691138,40776205,85067
20343351,40686702,40771760,85058
20342427,40684854,40769912,85058
20341227,40682454,40767511,85057
20340975,40681950,40767002,85052
20340563,40681126,40766176,85050
20337903,40675806,40760846,85040
20337371,40674742,40759772,85030
20332719,40665438,40750451,85013
20331119,40662238,40747246,85008
20327049,40654098,40739098,85000
20326621,40653242,40738241,84999
20321353,40642706,40727690,84984
20320751,40641502,40726469,84967
20318315,40636630,40721579,84949
20316727,40633454,40718398,84944
20315133,40630266,40715207,84941
20312247,40624494,40709423,84929
20312063,40624126,40709051,84925
20311721,40623442,40708363,84921
20309231,40618462,40703381,84919
20306663,40613326,40698233,84907
20302783,40605566,40690457,84891
20302567,40605134,40690025,84891
20302271,40604542,40689425,84883
20300115,40600230,40685111,84881
20300059,40600118,40684994,84876
20295905,40591810,40676681,84871
20295635,40591270,40676131,84861
20294895,40589790,40674641,84851
20291209,40582418,40667258,84840
20289705,40579410,40664248,84838
20289545,40579090,40663928,84838
20285567,40571134,40655956,84822
20282303,40564606,40649416,84810
20281569,40563138,40647946,84808
20280767,40561534,40646324,84790
20278911,40557822,40642604,84782
20276671,40553342,40638118,84776
20275881,40551762,40636534,84772
20273065,40546130,40630898,84768
20271899,40543798,40628560,84762
20270783,40541566,40626323,84757
20270761,40541522,40626278,84756
20267945,40535890,40620634,84744
20265129,40530258,40614986,84728
20265119,40530238,40614964,84726
20262201,40524402,40609127,84725
20259773,40519546,40604258,84712
20258217,40516434,40601144,84710
20257151,40514302,40599002,84700
20256763,40513526,40598219,84693
20251903,40503806,40588478,84672
20248091,40496182,40580840,84658
20247423,40494846,40579498,84652
20246695,40493390,40578040,84650
20243967,40487934,40572571,84637
20239913,40479826,40564462,84636
20238335,40476670,40561288,84618
20235495,40470990,40555606,84616
20235419,40470838,40555442,84604
20233711,40467422,40552022,84600
20230647,40461294,40545883,84589
20229687,40459374,40543951,84577
20222441,40444882,40529450,84568
20222377,40444754,40529320,84566
20222271,40444542,40529092,84550
20219371,40438742,40523285,84543
20219067,40438134,40522673,84539
20217703,40435406,40519942,84536
20215899,40431798,40516318,84520
20211433,40422866,40507378,84512
20208851,40417702,40502212,84510
20208097,40416194,40500695,84501
20207007,40414014,40498501,84487
20206525,40413050,40497536,84486
20202343,40404686,40489162,84476
20202111,40404222,40488694,84472
20201583,40403166,40487627,84461
20199613,40399226,40483685,84459
20197223,40394446,40478890,84444
20196073,40392146,40476584,84438
20194555,40389110,40473548,84438
20193249,40386498,40470926,84428
20192031,40384062,40468486,84424
20189295,40378590,40463003,84413
20186671,40373342,40457740,84398
20184631,40369262,40453654,84392
20183679,40367358,40451750,84392
20182047,40364094,40448482,84388
20181695,40363390,40447775,84385
20180287,40360574,40444946,84372
20177375,40354750,40439114,84364
20175871,40351742,40436098,84356
20174543,40349086,40433438,84352
20174383,40348766,40433114,84348
20171391,40342782,40427114,84332
20168987,40337974,40422299,84325
20165995,40331990,40416313,84323
20165479,40330958,40415269,84311
20164455,40328910,40413215,84305
20161215,40322430,40406726,84296
20157743,40315486,40399766,84280
20157083,40314166,40398446,84280
20154015,40308030,40392310,84280
20153799,40307598,40391878,84280
20152671,40305342,40389607,84265
20151455,40302910,40387160,84250
20147559,40295118,40379368,84250
20145833,40291666,40375906,84240
20145087,40290174,40374400,84226
20143099,40286198,40370420,84222
20141295,40282590,40366799,84209
20138695,40277390,40361597,84207
20137407,40274814,40359019,84205
20135359,40270718,40354903,84185
20134113,40268226,40352408,84182
20133535,40267070,40351246,84176
20128311,40256622,40340794,84172
20127995,40255990,40340158,84168
20125817,40251634,40335781,84147
20124315,40248630,40332766,84136
20122983,40245966,40330102,84136
20120559,40241118,40325242,84124
20119039,40238078,40322200,84122
20118185,40236370,40320490,84120
20115113,40230226,40314328,84102
20114303,40228606,40312700,84094
20113023,40226046,40310138,84092
20108155,40216310,40300396,84086
20106335,40212670,40296742,84072
20105727,40211454,40295519,84065
20104683,40209366,40293425,84059
20103679,40207358,40291409,84051
20103279,40206558,40290608,84050
20103039,40206078,40290128,84050
20100039,40200078,40284116,84038
20095487,40190974,40275008,84034
20093455,40186910,40270931,84021
20092463,40184926,40268935,84009
20089993,40179986,40263986,84000
20088895,40177790,40261781,83991
20084951,40169902,40253885,83983
20084125,40168250,40252228,83978
20082223,40164446,40248418,83972
20080839,40161678,40245650,83972
20080423,40160846,40244809,83963
20077225,40154450,40238410,83960
20077053,40154106,40238059,83953
20076457,40152914,40236857,83943
20073129,40146258,40230184,83926
20070359,40140718,40224637,83919
20066783,40133566,40217473,83907
20063723,40127446,40211332,83886
20059923,40119846,40203719,83873
20058983,40117966,40201834,83868
20057583,40115166,40199023,83857
20055835,40111670,40195523,83853
20053559,40107118,40190962,83844
20052127,40104254,40188088,83834
20049743,40099486,40183316,83830
20048671,40097342,40181164,83822
20043935,40087870,40171678,83808
20040887,40081774,40165577,83803
20040807,40081614,40165402,83788
20039551,40079102,40162888,83786
20038539,40077078,40160863,83785
20036921,40073842,40157626,83784
20036671,40073342,40157117,83775
20035327,40070654,40154420,83766
20029551,40059102,40142864,83762
20029135,40058270,40142014,83744
20027711,40055422,40139155,83733
20024297,40048594,40132318,83724
20023039,40046078,40129793,83715
20017755,40035510,40119218,83708
20016895,40033790,40117481,83691
20014719,40029438,40113119,83681
20009601,40019202,40102883,83681
20008359,40016718,40100386,83668
20007913,40015826,40099480,83654
20006379,40012758,40096405,83647
20004179,40008358,40091996,83638
20003559,40007118,40090754,83636
20001513,40003026,40086656,83630
19999175,39998350,40081967,83617
19994217,39988434,40072033,83599
19992545,39985090,40068682,83592
19989147,39978294,40061878,83584
19986859,39973718,40057298,83580
19985855,39971710,40055272,83562
19983547,39967094,40050652,83558
19981983,39963966,40047524,83558
19979775,39959550,40043105,83555
19977377,39954754,40038298,83544
19976531,39953062,40036598,83536
19975519,39951038,40034569,83531
19973351,39946702,40030226,83524
19973275,39946550,40030072,83522
19973151,39946302,40029812,83510
19970919,39941838,40025348,83510
19970665,39941330,40024840,83510
19968907,39937814,40021309,83495
19968751,39937502,40020988,83486
19964415,39928830,40012306,83476
19961417,39922834,40006294,83460
19960699,39921398,40004854,83456
19959721,39919442,40002896,83454
19957431,39914862,39998314,83452
19956351,39912702,39996139,83437
19952295,39904590,39988019,83429
19949627,39899254,39982681,83427
19949415,39898830,39982247,83417
19947519,39895038,39978436,83398
19945191,39890382,39973772,83390
19943199,39886398,39969782,83384
19942847,39885694,39969076,83382
19942399,39884798,39968176,83378
19940489,39880978,39964352,83374
19939439,39878878,39962248,83370
19935791,39871582,39954950,83368
19934201,39868402,39951749,83347
19931135,39862270,39945616,83346
19930551,39861102,39944447,83345
19930367,39860734,39944068,83334
19926177,39852354,39935668,83314
19925319,39850638,39933952,83314
19924859,39849718,39933026,83308
19921725,39843450,39926756,83306
19921023,39842046,39925351,83305
19920893,39841786,39925078,83292
19920873,39841746,39925034,83288
19916969,39833938,39917210,83272
19910995,39821990,39905243,83253
19909995,39819990,39903235,83245
19908079,39816158,39899398,83240
19907419,39814838,39898070,83232
19906217,39812434,39895664,83230
19905855,39811710,39894937,83227
19903769,39807538,39890765,83227
19902443,39804886,39888101,83215
19901767,39803534,39886745,83211
19899807,39799614,39882820,83206
19899327,39798654,39881855,83201
19894783,39789566,39872762,83196
19894305,39788610,39871804,83194
19891337,39782674,39865858,83184
19891227,39782454,39865619,83165
19890555,39781110,39864274,83164
19888287,39776574,39859726,83152
19887551,39775102,39858250,83148
19885049,39770098,39853246,83148
19883367,39766734,39849877,83143
19880573,39761146,39844276,83130
19879465,39758930,39842050,83120
19878799,39757598,39840718,83120
19877601,39755202,39838322,83120
19877481,39754962,39838073,83111
19876635,39753270,39836375,83105
19875839,39751678,39834778,83100
19871969,39743938,39827038,83100
19871273,39742546,39825631,83085
19868923,39737846,39820922,83076
19868809,39737618,39820694,83076
19868479,39736958,39820027,83069
19867039,39734078,39817145,83067
19865597,39731194,39814256,83062
19864231,39728462,39811514,83052
19859623,39719246,39802279,83033
19857405,39714810,39797842,83032
19857065,39714130,39797162,83032
19856297,39712594,39795623,83029
19855215,39710430,39793457,83027
19853915,39707830,39790838,83008
19853419,39706838,39789845,83007
19852927,39705854,39788860,83006
19851503,39703006,39786005,82999
19849583,39699166,39782159,82993
19845089,39690178,39773159,82981
19844223,39688446,39771413,82967
19842207,39684414,39767375,82961
19837885,39675770,39758728,82958
19836399,39672798,39755740,82942
19835561,39671122,39754051,82929
19833257,39666514,39749437,82923
19831039,39662078,39744994,82916
19828903,39657806,39740722,82916
19822779,39645558,39728444,82886
19818599,39637198,39720061,82863
19818111,39636222,39719084,82862
19816899,39633798,39716659,82861
19816447,39632894,39715744,82850
19813791,39627582,39710425,82843
19813311,39626622,39709460,82838
19813033,39626066,39708902,82836
19810299,39620598,39703426,82828
19809311,39618622,39701441,82819
19806951,39613902,39696713,82811
19803887,39607774,39690574,82800
19800307,39600614,39683414,82800
19799719,39599438,39682225,82787
19797785,39595570,39678349,82779
19794923,39589846,39672623,82777
19794283,39588566,39671338,82772
19792095,39584190,39666946,82756
19790183,39580366,39663110,82744
19789311,39578622,39661366,82744
19788319,39576638,39659375,82737
19787311,39574622,39657359,82737
19785897,39571794,39654521,82727
19783643,39567286,39650006,82720
19780329,39560658,39643360,82702
19778267,39556534,39639233,82699
19777363,39554726,39637417,82691
19776359,39552718,39635405,82687
19774441,39548882,39631562,82680
19771729,39543458,39626135,82677
19771591,39543182,39625849,82667
19770607,39541214,39623872,82658
19768287,39536574,39619232,82658
19768223,39536446,39619096,82650
19766555,39533110,39615754,82644
19765567,39531134,39613771,82637
19764639,39529278,39611915,82637
19762431,39524862,39607492,82630
19759215,39518430,39601048,82618
19758153,39516306,39598919,82613
19755435,39510870,39593474,82604
19753825,39507650,39590248,82598
19753407,39506814,39589399,82585
19750015,39500030,39582611,82581
19749871,39499742,39582322,82580
19748255,39496510,39579082,82572
19747571,39495142,39577714,82572
19747231,39494462,39577031,82569
19746527,39493054,39575618,82564
19743997,39487994,39570556,82562
19743591,39487182,39569732,82550
19740831,39481662,39564200,82538
19738783,39477566,39560102,82536
19738351,39476702,39559225,82523
19736191,39472382,39554902,82520
19735433,39470866,39553384,82518
19730927,39461854,39544360,82506
19728743,39457486,39539974,82488
19726107,39452214,39534694,82480
19725415,39450830,39533303,82473
19722399,39444798,39527261,82463
19721247,39442494,39524948,82454
19721215,39442430,39524881,82451
19719103,39438206,39520655,82449
19717823,39435646,39518084,82438
19715399,39430798,39513227,82429
19712489,39424978,39507406,82428
19711617,39423234,39505652,82418
19709951,39419902,39502313,82411
19709163,39418326,39500728,82402
19705627,39411254,39493642,82388
19701625,39403250,39485627,82377
19701503,39403006,39485380,82374
19700607,39401214,39483580,82366
19695679,39391358,39473705,82347
19693993,39387986,39470332,82346
19692263,39384526,39466858,82332
19691679,39383358,39465686,82328
19690911,39381822,39464147,82325
19689225,39378450,39460774,82324
19687515,39375030,39457354,82324
19687497,39374994,39457318,82324
19685929,39371858,39454168,82310
19681111,39362222,39444527,82305
19679615,39359230,39441518,82288
19677279,39354558,39436834,82276
19675931,39351862,39434129,82267
19672073,39344146,39426412,82266
19670441,39340882,39423136,82254
19670255,39340510,39422752,82242
19667391,39334782,39417020,82238
19665919,39331838,39414064,82226
19664033,39328066,39410284,82218
19663007,39326014,39408227,82213
19661933,39323866,39406078,82212
19660903,39321806,39404009,82203
19658991,39317982,39400180,82198
19656617,39313234,39395422,82188
19656233,39312466,39394654,82188
19654767,39309534,39391720,82186
19654383,39308766,39390940,82174
19654191,39308382,39390556,82174
19653095,39306190,39388361,82171
19651881,39303762,39385927,82165
19650623,39301246,39383408,82162
19647145,39294290,39376448,82158
19646377,39292754,39374896,82142
19642215,39284430,39366566,82136
19640135,39280270,39362398,82128
19639579,39279158,39361268,82110
19637113,39274226,39356333,82107
19635625,39271250,39353348,82098
19634927,39269854,39351946,82092
19631671,39263342,39345421,82079
19630591,39261182,39343258,82076
19629727,39259454,39341522,82068
19627433,39254866,39336931,82065
19626815,39253630,39335690,82060
19625535,39251070,39333125,82055
19624255,39248510,39330560,82050
19622995,39245990,39328037,82047
19620507,39241014,39323051,82037
19617277,39234554,39316585,82031
19616499,39232998,39315022,82024
19615881,39231762,39313786,82024
19613167,39226334,39308341,82007
19612671,39225342,39307342,82000
19610707,39221414,39303406,81992
19606377,39212754,39294740,81986
19605161,39210322,39292303,81981
19605119,39210238,39292208,81970
19603623,39207246,39289210,81964
19601193,39202386,39284344,81958
19598463,39196926,39278870,81944
19593871,39187742,39269681,81939
19593711,39187422,39269342,81920
19590375,39180750,39262660,81910
19590015,39180030,39261934,81904
19588519,39177038,39258940,81902
19588089,39176178,39258080,81902
19586003,39172006,39253904,81898
19585983,39171966,39253855,81889
19584543,39169086,39250972,81886
19583775,39167550,39249436,81886
19582107,39164214,39246092,81878
19580681,39161362,39243230,81868
19579155,39158310,39240178,81868
19578991,39157982,39239842,81860
19577039,39154078,39235934,81856
19574043,39148086,39229922,81836
19573417,39146834,39228668,81834
19569897,39139794,39221623,81829
19567295,39134590,39216419,81829
19567083,39134166,39215987,81821
19566623,39133246,39215063,81817
19565887,39131774,39213578,81804
19564783,39129566,39211363,81797
19564607,39129214,39211010,81796
19562495,39124990,39206780,81790
19559167,39118334,39200113,81779
19558247,39116494,39198269,81775
19556905,39113810,39195578,81768
19556607,39113214,39194981,81767
19555007,39110014,39191776,81762
19554263,39108526,39190285,81759
19552559,39105118,39186872,81754
19546311,39092622,39174358,81736
19544289,39088578,39170302,81724
19544007,39088014,39169732,81718
19541275,39082550,39164254,81704
19540127,39080254,39161950,81696
19538145,39076290,39157985,81695
19537007,39074014,39155699,81685
19535827,39071654,39153338,81684
19532601,39065202,39146872,81670
19530783,39061566,39143236,81670
19529263,39058526,39140192,81666
19528107,39056214,39137861,81647
19527327,39054654,39136300,81646
19525575,39051150,39132794,81644
19523579,39047158,39128788,81630
19522943,39045886,39127511,81625
19522095,39044190,39125810,81620
19521471,39042942,39124561,81619
19515431,39030862,39112469,81607
19514555,39029110,39110708,81598
19511517,39023034,39104623,81589
19509887,39019774,39101348,81574
19509193,39018386,39099959,81573
19505179,39010358,39091922,81564
19504155,39008310,39089870,81560
19503993,39007986,39089542,81556
19502547,39005094,39086644,81550
19498909,38997818,39079358,81540
19496957,38993914,39075446,81532
19496187,38992374,39073900,81526
19496043,38992086,39073610,81524
19494215,38988430,39069938,81508
19493615,38987230,39068732,81502
19489639,38979278,39060778,81500
19488057,38976114,39057596,81482
19485823,38971646,39053123,81477
19482271,38964542,39045997,81455
19481513,38963026,39044476,81450
19479511,38959022,39040471,81449
19476551,38953102,39034547,81445
19475967,38951934,39033377,81443
19475247,38950494,39031921,81427
19472875,38945750,39027176,81426
19471689,38943378,39024794,81416
19470841,38941682,39023098,81416
19467423,38934846,39016240,81394
19466751,38933502,39014896,81394
19462839,38925678,39007064,81386
19462303,38924606,39005981,81375
19462055,38924110,39005482,81372
19461863,38923726,39005098,81372
19459411,38918822,39000194,81372
19457471,38914942,38996296,81354
19456959,38913918,38995264,81346
19454463,38908926,38990267,81341
19453799,38907598,38988938,81340
19453267,38906534,38987869,81335
19451375,38902750,38984080,81330
19449767,38899534,38980855,81321
19448511,38897022,38978335,81313
19445513,38891026,38972333,81307
19445303,38890606,38971906,81300
19442345,38884690,38965985,81295
19441991,38883982,38965271,81289
19440767,38881534,38962822,81288
19436191,38872382,38953657,81275
19435519,38871038,38952304,81266
19433711,38867422,38948687,81265
19433171,38866342,38947600,81258
19433087,38866174,38947429,81255
19431527,38863054,38944304,81250
19430777,38861554,38942795,81241
19429503,38859006,38940244,81238
19429095,38858190,38939422,81232
19426567,38853134,38934364,81230
19425791,38851582,38932810,81228
19425449,38850898,38932120,81222
19425383,38850766,38931983,81217
19424615,38849230,38930444,81214
19423719,38847438,38928646,81208
19423231,38846462,38927668,81206
19422463,38844926,38926132,81206
19422311,38844622,38925827,81205
19421979,38843958,38925158,81200
19416705,38833410,38914600,81190
19416575,38833150,38914330,81180
19416095,38832190,38913365,81175
19413119,38826238,38907412,81174
19412763,38825526,38906687,81161
19411239,38822478,38903638,81160
19409711,38819422,38900582,81160
19408667,38817334,38898488,81154
19408553,38817106,38898256,81150
19407295,38814590,38895740,81150
19404799,38809598,38890732,81134
19403803,38807606,38888731,81125
19401271,38802542,38883662,81120
19400423,38800846,38881966,81120
19399615,38799230,38880350,81120
19399463,38798926,38880038,81112
19398653,38797306,38878414,81108
19395455,38790910,38872012,81102
19395297,38790594,38871685,81091
19391727,38783454,38864543,81089
19389979,38779958,38861036,81078
19388983,38777966,38859032,81066
19386907,38773814,38854870,81056
19385993,38771986,38853038,81052
19380393,38760786,38841832,81046
19379049,38758098,38839133,81035
19378111,38756222,38837242,81020
19377691,38755382,38836402,81020
19375785,38751570,38832590,81020
19374761,38749522,38830535,81013
19373927,38747854,38828860,81006
19372991,38745982,38826982,81000
19371773,38743546,38824546,81000
19370975,38741950,38822944,80994
19369831,38739662,38820643,80981
19368959,38737918,38818898,80980
19365631,38731262,38812229,80967
19364123,38728246,38809211,80965
19363999,38727998,38808955,80957
19357995,38715990,38796929,80939
19357689,38715378,38796317,80939
19356443,38712886,38793812,80926
19355261,38710522,38791448,80926
19354623,38709246,38790166,80920
19353783,38707566,38788484,80918
19352731,38705462,38786377,80915
19351183,38702366,38783276,80910
19349247,38698494,38779397,80903
19347511,38695022,38775917,80895
19347175,38694350,38775239,80889
19346671,38693342,38774230,80888
19344265,38688530,38769412,80882
19341275,38682550,38763427,80877
19340079,38680158,38761021,80863
19338807,38677614,38758475,80861
19337883,38675766,38756614,80848
19334939,38669878,38750717,80839
19331499,38662998,38743829,80831
19330287,38660574,38741399,80825
19328671,38657342,38738164,80822
19328511,38657022,38737844,80822
19327201,38654402,38735219,80817
19326823,38653646,38734453,80807
19325567,38651134,38731936,80802
19321983,38643966,38724754,80788
19320475,38640950,38721728,80778
19319935,38639870,38720648,80778
19318537,38637074,38717851,80777
19318527,38637054,38717821,80767
19317019,38634038,38714800,80762
19311295,38622590,38703334,80744
19310313,38620626,38701363,80737
19309951,38619902,38700638,80736
19307177,38614354,38695078,80724
19306267,38612534,38693254,80720
19304943,38609886,38690602,80716
19302317,38604634,38685350,80716
19302255,38604510,38685217,80707
19301289,38602578,38683282,80704
19300799,38601598,38682299,80701
19300031,38600062,38680760,80698
19298715,38597430,38678128,80698
19298431,38596862,38677558,80696
19298087,38596174,38676865,80691
19295595,38591190,38671870,80680
19294415,38588830,38669506,80676
19293567,38587134,38667802,80668
19290615,38581230,38661893,80663
19290319,38580638,38661299,80661
19290287,38580574,38661226,80652
19286527,38573054,38653688,80634
19284223,38568446,38649073,80627
19282715,38565430,38646050,80620
19280107,38560214,38640827,80613
19279055,38558110,38638721,80611
19278847,38557694,38638300,80606
19278183,38556366,38636968,80602
19275935,38551870,38632468,80598
19275165,38550330,38630927,80597
19274943,38549886,38630482,80596
19274523,38549046,38629631,80585
19271535,38543070,38623642,80572
19269679,38539358,38619926,80568
19267279,38534558,38615113,80555
19267199,38534398,38614951,80553
19265449,38530898,38611448,80550
19261871,38523742,38604287,80545
19261599,38523198,38603740,80542
19260031,38520062,38600587,80525
19255579,38511158,38591680,80522
19255527,38511054,38591569,80515
19253407,38506814,38587318,80504
19252783,38505566,38586064,80498
19249895,38499790,38580280,80490
19247999,38495998,38576483,80485
19246719,38493438,38573914,80476
19245961,38491922,38572390,80468
19245147,38490294,38570762,80468
19241451,38482902,38563370,80468
19240295,38480590,38561048,80458
19239059,38478118,38558572,80454
19238753,38477506,38557955,80449
19237551,38475102,38555543,80441
19236479,38472958,38553394,80436
19234207,38468414,38548835,80421
19232667,38465334,38545750,80416
19232521,38465042,38545454,80412
19229695,38459390,38539790,80400
19227935,38455870,38536270,80400
19226527,38453054,38533445,80391
19225213,38450426,38530814,80388
19224475,38448950,38529335,80385
19224289,38448578,38528960,80382
19221787,38443574,38523950,80376
19221743,38443486,38523850,80364
19219303,38438606,38518964,80358
19218543,38437086,38517443,80357
19216623,38433246,38513588,80342
19214655,38429310,38509648,80338
19213993,38427986,38508320,80334
19211291,38422582,38502904,80322
19207963,38415926,38496239,80313
19207303,38414606,38494916,80310
19206471,38412942,38493251,80309
19204473,38408946,38489255,80309
19204187,38408374,38488679,80305
19203967,38407934,38488229,80295
19201161,38402322,38482604,80282
19197439,38394878,38475160,80282
19194359,38388718,38468972,80254
19191807,38383614,38463856,80242
19190055,38380110,38460352,80242
19187465,38374930,38455162,80232
19183785,38367570,38447794,80224
19182247,38364494,38444708,80214
19182087,38364174,38444386,80212
19181907,38363814,38444021,80207
19181819,38363638,38443834,80196
19179099,38358198,38438390,80192
19177963,38355926,38436110,80184
19177513,38355026,38435210,80184
19176543,38353086,38433266,80180
19174031,38348062,38428240,80178
19173279,38346558,38426729,80171
19172627,38345254,38425421,80167
19172159,38344318,38424476,80158
19169391,38338782,38418938,80156
19167397,38334794,38414950,80156
19166299,38332598,38412742,80144
19166023,38332046,38412182,80136
19165225,38330450,38410580,80130
19163135,38326270,38406386,80116
19161769,38323538,38403650,80112
19160915,38321830,38401942,80112
19157243,38314486,38394587,80101
19155175,38310350,38390450,80100
19155111,38310222,38390317,80095
19153919,38307838,38387924,80086
19153399,38306798,38386882,80084
19152511,38305022,38385103,80081
19151611,38303222,38383298,80076
19151231,38302462,38382536,80074
19150495,38300990,38381056,80066
19149039,38298078,38378144,80066
19148799,38297598,38377660,80062
19147177,38294354,38374412,80058
19144735,38289470,38369524,80054
19142683,38285366,38365414,80048
19141943,38283886,38363924,80038
19140585,38281170,38361202,80032
19139399,38278798,38358826,80028
19138259,38276518,38356546,80028
19137983,38275966,38355986,80020
19136487,38272974,38352989,80015
19134689,38269378,38349386,80008
19133993,38267986,38347990,80004
19132243,38264486,38344484,79998
19130783,38261566,38341559,79993
19130537,38261074,38341060,79986
19127935,38255870,38335840,79970
19124991,38249982,38329943,79961
19118889,38237778,38317727,79949
19117599,38235198,38315146,79948
19117159,38234318,38314259,79941
19116029,38232058,38311987,79929
19114855,38229710,38309627,79917
19113599,38227198,38307113,79915
19111963,38223926,38303837,79911
19109615,38219230,38299138,79908
19108591,38217182,38297074,79892
19107099,38214198,38294083,79885
19103903,38207806,38287678,79872
19102319,38204638,38284502,79864
19101343,38202686,38282548,79862
19097775,38195550,38275406,79856
19096511,38193022,38272877,79855
19096319,38192638,38272480,79842
19093711,38187422,38267261,79839
19092479,38184958,38264780,79822
19089463,38178926,38258740,79814
19088383,38176766,38256574,79808
19086817,38173634,38253442,79808
19085563,38171126,38250922,79796
19079783,38159566,38239346,79780
19078455,38156910,38236679,79769
19072447,38144894,38224634,79740
19069671,38139342,38219074,79732
19069095,38138190,38217922,79732
19068543,38137086,38216809,79723
19065015,38130030,38209745,79715
19063721,38127442,38207153,79711
19060715,38121430,38201129,79699
19058159,38116318,38195999,79681
19055615,38111230,38190904,79674
19051163,38102326,38181982,79656
19049225,38098450,38178104,79654
19048521,38097042,38176684,79642
19046143,38092286,38171918,79632
19044863,38089726,38169358,79632
19042813,38085626,38165251,79625
19041363,38082726,38162345,79619
19041257,38082514,38162125,79611
19038491,38076982,38156588,79606
19037127,38074254,38153855,79601
19036155,38072310,38151911,79601
19035551,38071102,38150696,79594
19034857,38069714,38149307,79593
19034279,38068558,38148149,79591
19033247,38066494,38146069,79575
19030767,38061534,38141104,79570
19030575,38061150,38140720,79570
19028495,38056990,38136554,79564
19024031,38048062,38127611,79549
19023231,38046462,38126002,79540
19021439,38042878,38122417,79539
19020959,38041918,38121445,79527
19019641,38039282,38118806,79524
19017471,38034942,38114459,79517
19016703,38033406,38112911,79505
19015147,38030294,38109797,79503
19013799,38027598,38107093,79495
19012031,38024062,38103554,79492
19009839,38019678,38099158,79480
19006495,38012990,38092462,79472
19005951,38011902,38091374,79472
19005097,38010194,38089664,79470
19004897,38009794,38089258,79464
19003279,38006558,38086013,79455
19000943,38001886,38081330,79444
18999343,37998686,38078129,79443
18998535,37997070,38076506,79436
18998119,37996238,38075672,79434
18995111,37990222,38069648,79426
18994345,37988690,38068112,79422
18993367,37986734,38066149,79415
18992619,37985238,38064653,79415
18992363,37984726,38064136,79410
18990567,37981134,38060543,79409
18990235,37980470,38059867,79397
18987081,37974162,38053556,79394
18984427,37968854,38048242,79388
18983167,37966334,38045716,79382
18981541,37963082,38042453,79371
18981375,37962750,38042116,79366
18978887,37957774,38037127,79353
18978281,37956562,38035910,79348
18975049,37950098,38029445,79347
18975047,37950094,38029432,79338
18974567,37949134,38028464,79330
18972351,37944702,38024026,79324
18968575,37937150,38016458,79308
18965863,37931726,38011030,79304
18964863,37929726,38009027,79301
18963439,37926878,38006171,79293
18963433,37926866,38006152,79286
18962743,37925486,38004772,79286
18959855,37919710,37998989,79279
18958335,37916670,37995946,79276
18958183,37916366,37995641,79275
18954863,37909726,37988980,79254
18954667,37909334,37988585,79251
18950959,37901918,37981168,79250
18950899,37901798,37981042,79244
18949875,37899750,37978990,79240
18947071,37894142,37973360,79218
18944027,37888054,37967272,79218
18943225,37886450,37965658,79208
18942329,37884658,37963858,79200
18942089,37884178,37963376,79198
18941419,37882838,37962034,79196
18936831,37873662,37952837,79175
18933339,37866678,37945840,79162
18930631,37861262,37940410,79148
18928639,37857278,37936421,79143
18924015,37848030,37927150,79120
18921919,37843838,37922956,79118
18920841,37841682,37920800,79118
18919495,37838990,37918108,79118
18919271,37838542,37917641,79099
18912393,37824786,37903864,79078
18910079,37820158,37899232,79074
18909287,37818574,37897636,79062
18909097,37818194,37897255,79061
18908955,37817910,37896970,79060
18907119,37814238,37893298,79060
18906879,37813758,37892806,79048
18906751,37813502,37892549,79047
18902375,37804750,37883791,79041
18901351,37802702,37881736,79034
18900527,37801054,37880081,79027
18899177,37798354,37877375,79021
18896489,37792978,37871990,79012
18893367,37786734,37865740,79006
18893033,37786066,37865068,79002
18892297,37784594,37863590,78996
18888959,37777918,37856890,78972
18884051,37768102,37847068,78966
18882953,37765906,37844869,78963
18882663,37765326,37844278,78952
18882331,37764662,37843610,78948
18881311,37762622,37841570,78948
18880489,37760978,37839919,78941
18877399,37754798,37833733,78935
18877097,37754194,37833119,78925
18875263,37750526,37829450,78924
18874515,37749030,37827953,78923
18872927,37745854,37824772,78918
18871607,37743214,37822120,78906
18871323,37742646,37821551,78905
18871275,37742550,37821455,78905
18870939,37741878,37820780,78902
18869607,37739214,37818107,78893
18864859,37729718,37808602,78884
18862847,37725694,37804573,78879
18861287,37722574,37801433,78859
18860105,37720210,37799068,78858
18859177,37718354,37797203,78849
18856027,37712054,37790894,78840
18854559,37709118,37787957,78839
18852841,37705682,37784519,78837
18852095,37704190,37783024,78834
18851911,37703822,37782652,78830
18851611,37703222,37782038,78816
18849487,37698974,37777790,78816
18844839,37689678,37768468,78790
18844127,37688254,37767040,78786
18841559,37683118,37761902,78784
18840991,37681982,37760758,78776
18839777,37679554,37758325,78771
18838975,37677950,37756718,78768
18836719,37673438,37752196,78758
18835707,37671414,37750171,78757
18832743,37665486,37744228,78742
18830439,37660878,37739614,78736
18829479,37658958,37737685,78727
18827503,37655006,37733722,78716
18823679,37647358,37726057,78699
18820761,37641522,37720220,78698
18820347,37640694,37719382,78688
18817583,37635166,37713850,78684
18816155,37632310,37710988,78678
18814745,37629490,37708163,78673
18813993,37627986,37706651,78665
18813799,37627598,37706260,78662
18810415,37620830,37699486,78656
18808351,37616702,37695346,78644
18807807,37615614,37694254,78640
18804679,37609358,37687997,78639
18803151,37606302,37684930,78628
18801531,37603062,37681676,78614
18801391,37602782,37681394,78612
18798751,37597502,37676099,78597
18795375,37590750,37669337,78587
18793441,37586882,37665466,78584
18792671,37585342,37663922,78580
18791327,37582654,37661230,78576
18789103,37578206,37656772,78566
18787567,37575134,37653682,78548
18783545,37567090,37645636,78546
18783191,37566382,37644920,78538
18783003,37566006,37644536,78530
18780443,37560886,37639409,78523
18779273,37558546,37637062,78516
18777979,37555958,37634473,78515
18777371,37554742,37633252,78510
18775807,37551614,37630115,78501
18771183,37542366,37620848,78482
18770623,37541246,37619726,78480
18770431,37540862,37619338,78476
18765791,37531582,37610050,78468
18764027,37528054,37606508,78454
18763611,37527222,37605671,78449
18762855,37525710,37604158,78448
18761791,37523582,37602025,78443
18760105,37520210,37598645,78435
18755961,37511922,37590340,78418
18751467,37502934,37581340,78406
18749599,37499198,37577591,78393
18745039,37490078,37568453,78375
18743295,37486590,37564954,78364
18742271,37484542,37562903,78361
18737603,37475206,37553561,78355
18735871,37471742,37550092,78350
18735615,37471230,37549574,78344
18734361,37468722,37547057,78335
18727771,37455542,37533860,78318
18726207,37452414,37530715,78301
18722017,37444034,37522325,78291
18721599,37443198,37521472,78274
18718271,37436542,37514812,78270
18717415,37434830,37513088,78258
18716443,37432886,37511137,78251
18715785,37431570,37509821,78251
18712745,37425490,37503728,78238
18711999,37423998,37502230,78232
18708927,37417854,37496074,78220
18705151,37410302,37488518,78216
18704723,37409446,37487662,78216
18704383,37408766,37486966,78200
18702031,37404062,37482262,78200
18701153,37402306,37480499,78193
18699401,37398802,37476983,78181
18697535,37395070,37473242,78172
18694143,37388286,37466444,78158
18693631,37387262,37465418,78156
18691743,37383486,37461640,78154
18691611,37383222,37461376,78154
18689383,37378766,37456910,78144
18687743,37375486,37453630,78144
18686203,37372406,37450531,78125
18685599,37371198,37449322,78124
18681883,37363766,37441885,78119
18681481,37362962,37441075,78113
18680259,37360518,37438631,78113
18679167,37358334,37436432,78098
18678631,37357262,37435360,78098
18676327,37352654,37430741,78087
18675329,37350658,37428743,78085
18674623,37349246,37427326,78080
18672353,37344706,37422776,78070
18670589,37341178,37419248,78070
18670319,37340638,37418699,78061
18667769,37335538,37413595,78057
18665471,37330942,37408985,78043
18663419,37326838,37404880,78042
18662891,37325782,37403818,78036
18661827,37323654,37401686,78032
18660199,37320398,37398428,78030
18656403,37312806,37390832,78026
18656359,37312718,37390724,78006
18655305,37310610,37388609,77999
18652399,37304798,37382780,77982
18651163,37302326,37380307,77981
18649657,37299314,37377292,77978
18648223,37296446,37374424,77978
18645501,37291002,37368967,77965
18645175,37290350,37368310,77960
18644095,37288190,37366150,77960
18642785,37285570,37363528,77958
18642697,37285394,37363346,77952
18638409,37276818,37354760,77942
18638303,37276606,37354540,77934
18636495,37272990,37350916,77926
18635753,37271506,37349428,77922
18634575,37269150,37347067,77917
18633641,37267282,37345190,77908
18631839,37263678,37341575,77897
18630655,37261310,37339201,77891
18626279,37252558,37330445,77887
18624353,37248706,37326581,77875
18621993,37243986,37321852,77866
18621089,37242178,37320041,77863
18620351,37240702,37318558,77856
18617479,37234958,37312814,77856
18616289,37232578,37310416,77838
18613385,37226770,37304602,77832
18612223,37224446,37302260,77814
18611583,37223166,37300979,77813
18610495,37220990,37298801,77811
18609823,37219646,37297450,77804
18607663,37215326,37293128,77802
18606761,37213522,37291315,77793
18606559,37213118,37290910,77792
18606187,37212374,37290166,77792
18604271,37208542,37286332,77790
18602143,37204286,37282072,77786
18599143,37198286,37276060,77774
18598569,37197138,37274902,77764
18598127,37196254,37274015,77761
18596351,37192702,37270463,77761
18595355,37190710,37268464,77754
18595319,37190638,37268390,77752
18594281,37188562,37266308,77746
18593791,37187582,37265326,77744
18593321,37186642,37264382,77740
18592383,37184766,37262500,77734
18591785,37183570,37261303,77733
18591003,37182006,37259734,77728
18587739,37175478,37253195,77717
18585759,37171518,37249222,77704
18583871,37167742,37245442,77700
18581823,37163646,37241338,77692
18578431,37156862,37234547,77685
18578203,37156406,37234084,77678
18577161,37154322,37231993,77671
18575999,37151998,37229665,77667
18574633,37149266,37226932,77666
18573531,37147062,37224724,77662
18573495,37146990,37224650,77660
18572457,37144914,37222573,77659
18572319,37144638,37222294,77656
18570495,37140990,37218640,77650
18570407,37140814,37218455,77641
18568223,37136446,37214081,77635
18565259,37130518,37208150,77632
18565119,37130238,37207856,77618
18562239,37124478,37202092,77614
18559707,37119414,37197022,77608
18558063,37116126,37193722,77596
18556959,37113918,37191514,77596
18555881,37111762,37189358,77596
18554879,37109758,37187336,77578
18551271,37102542,37180109,77567
18549743,37099486,37177040,77554
18545313,37090626,37168168,77542
18543359,37086718,37164248,77530
18540713,37081426,37158952,77526
18539263,37078526,37156048,77522
18536499,37072998,37150516,77518
18535913,37071826,37149334,77508
18535801,37071602,37149110,77508
18534567,37069134,37146629,77495
18531311,37062622,37140106,77484
18530815,37061630,37139104,77474
18529279,37058558,37136026,77468
18526391,37052782,37130242,77460
18523163,37046326,37123778,77452
18522431,37044862,37122313,77451
18521197,37042394,37119836,77442
18519807,37039614,37117052,77438
18519743,37039486,37116920,77434
18517257,37034514,37111942,77428
18515195,37030390,37107808,77418
18515183,37030366,37107778,77412
18513087,37026174,37103579,77405
18512615,37025230,37102630,77400
18510781,37021562,37098962,77400
18510447,37020894,37098286,77392
18506687,37013374,37090750,77376
18503849,37007698,37085062,77364
18501247,37002494,37079854,77360
18500767,37001534,37078886,77352
18500735,37001470,37078820,77350
18500095,37000190,37077535,77345
18499119,36998238,37075583,77345
18498431,36996862,37074206,77344
18497001,36994002,37071341,77339
18493083,36986166,37063498,77332
18492735,36985470,37062796,77326
18491647,36983294,37060612,77318
18491023,36982046,37059362,77316
18490319,36980638,37057949,77311
18487807,36975614,37052914,77300
18484975,36969950,37047239,77289
18484319,36968638,37045925,77287
18483903,36967806,37045085,77279
18481097,36962194,37039469,77275
18480237,36960474,37037747,77273
18479531,36959062,37036325,77263
18479343,36958686,37035949,77263
18475335,36950670,37027930,77260
18474843,36949686,37026934,77248
18474537,36949074,37026320,77246
18472575,36945150,37022381,77231
18470975,36941950,37019177,77227
18469801,36939602,37016825,77223
18467999,36935998,37013210,77212
18464575,36929150,37006361,77211
18464103,36928206,37005407,77201
18461729,36923458,37000654,77196
18461439,36922878,37000064,77186
18458047,36916094,36993274,77180
18456809,36913618,36990793,77175
18453371,36906742,36983897,77155
18450999,36901998,36979144,77146
18450671,36901342,36978484,77142
18446077,36892154,36969290,77136
18445671,36891342,36968476,77134
18443623,36887246,36964367,77121
18443367,36886734,36963854,77120
18439975,36879950,36957059,77109
18438399,36876798,36953902,77104
18436377,36872754,36949858,77104
18435199,36870398,36947477,77079
18435055,36870110,36947188,77078
18432511,36865022,36942092,77070
18431113,36862226,36939292,77066
18429487,36858974,36936040,77066
18428827,36857654,36934715,77061
18427751,36855502,36932545,77043
18425513,36851026,36928066,77040
18425471,36850942,36927980,77038
18422079,36844158,36921185,77027
18419871,36839742,36916756,77014
18417519,36835038,36912050,77012
18416671,36833342,36910345,77003
18414079,36828158,36905156,76998
18413565,36827130,36904126,76996
18412983,36825966,36902960,76994
18412327,36824654,36901646,76992
18409001,36818002,36894973,76971
18406931,36813862,36890827,76965
18405535,36811070,36888028,76958
18404911,36809822,36886772,76950
18403667,36807334,36884282,76948
18400539,36801078,36878008,76930
18399231,36798462,36875387,76925
18398447,36796894,36873818,76924
18395227,36790454,36867365,76911
18394367,36788734,36865640,76906
18392703,36785406,36862303,76897
18391367,36782734,36859628,76894
18389319,36778638,36855526,76888
18386383,36772766,36849652,76886
18384549,36769098,36845978,76880
18383131,36766262,36843121,76859
18382847,36765694,36842552,76858
18381055,36762110,36838966,76856
18380015,36760030,36836876,76846
18376815,36753630,36830470,76840
18376745,36753490,36830326,76836
18375359,36750718,36827548,76830
18374975,36749950,36826775,76825
18372985,36745970,36822788,76818
18371823,36743646,36820456,76810
18368763,36737526,36814336,76810
18366505,36733010,36809806,76796
18365419,36730838,36807629,76791
18363503,36727006,36803794,76788
18363007,36726014,36802802,76788
18362687,36725374,36802148,76774
18362527,36725054,36801826,76772
18359067,36718134,36794893,76759
18358299,36716598,36793354,76756
18356991,36713982,36790738,76756
18356071,36712142,36788894,76752
18353903,36707806,36784550,76744
18353255,36706510,36783247,76737
18351343,36702686,36779417,76731
18351017,36702034,36778762,76728
18350247,36700494,36777220,76726
18347751,36695502,36772213,76711
18343137,36686274,36762976,76702
18341867,36683734,36760429,76695
18341417,36682834,36759521,76687
18340399,36680798,36757478,76680
18337619,36675238,36751913,76675
18335359,36670718,36747376,76658
18331177,36662354,36739006,76652
18330239,36660478,36737128,76650
18330051,36660102,36736748,76646
18328807,36657614,36734246,76632
18325601,36651202,36727834,76632
18323645,36647290,36723922,76632
18322127,36644254,36720863,76609
18319273,36638546,36715144,76598
18318107,36636214,36712808,76594
18318015,36636030,36712618,76588
18315175,36630350,36706925,76575
18309083,36618166,36694732,76566
18308639,36617278,36693836,76558
18308271,36616542,36693094,76552
18306843,36613686,36690227,76541
18303423,36606846,36683374,76528
18301339,36602678,36679198,76520
18300041,36600082,36676601,76519
18297075,36594150,36670660,76510
18296351,36592702,36669202,76500
18294207,36588414,36664903,76489
18292393,36584786,36661274,76488
18292265,36584530,36661015,76485
18291007,36582014,36658492,76478
18289135,36578270,36654736,76466
18287745,36575490,36651956,76466
18283347,36566694,36643156,76462
18282943,36565886,36642346,76460
18281755,36563510,36639950,76440
18280315,36560630,36637069,76439
18279783,36559566,36635993,76427
18279177,36558354,36634781,76427
18275079,36550158,36626579,76421
18271167,36542334,36618736,76402
18270377,36540754,36617146,76392
18268147,36536294,36612682,76388
18268031,36536062,36612445,76383
18267135,36534270,36610642,76372
18263817,36527634,36604006,76372
18263579,36527158,36603521,76363
18262127,36524254,36600607,76353
18261275,36522550,36598898,76348
18259815,36519630,36595975,76345
18258079,36516158,36592492,76334
18256009,36512018,36588352,76334
18251517,36503034,36579352,76318
18249257,36498514,36574816,76302
18248575,36497150,36573448,76298
18244143,36488286,36564574,76288
18241657,36483314,36559601,76287
18241071,36482142,36558418,76276
18238775,36477550,36553826,76276
18236265,36472530,36548795,76265
18234335,36468670,36544912,76242
18233967,36467934,36544174,76240
18232873,36465746,36541978,76232
18227627,36455254,36531484,76230
18225511,36451022,36527249,76227
18224895,36449790,36525989,76199
18222377,36444754,36520940,76186
18219647,36439294,36515474,76180
18219035,36438070,36514243,76173
18216275,36432550,36508714,76164
18213831,36427662,36503821,76159
18213241,36426482,36502636,76154
18210927,36421854,36498004,76150
18209295,36418590,36494726,76136
18208975,36417950,36494081,76131
18208159,36416318,36492449,76131
18205607,36411214,36487336,76122
18205161,36410322,36486443,76121
18202735,36405470,36481580,76110
18200903,36401806,36477904,76098
18199019,36398038,36474136,76098
18198735,36397470,36473561,76091
18198525,36397050,36473141,76091
18195611,36391222,36467311,76089
18195175,36390350,36466433,76083
18194127,36388254,36464327,76073
18192239,36384478,36460540,76062
18191913,36383826,36459886,76060
18186239,36372478,36448522,76044
18185213,36370426,36446462,76036
18183975,36367950,36443981,76031
18183449,36366898,36442928,76030
18181897,36363794,36439820,76026
18180767,36361534,36437552,76018
18179631,36359262,36435271,76009
18178729,36357458,36433466,76008
18178559,36357118,36433120,76002
18175847,36351694,36427696,76002
18175571,36351142,36427142,76000
18175303,36350606,36426602,75996
18173247,36346494,36422476,75982
18172281,36344562,36420544,75982
18171635,36343270,36419249,75979
18168603,36337206,36413176,75970
18167351,36334702,36410660,75958
18165723,36331446,36407401,75955
18162943,36325886,36401831,75945
18162729,36325458,36401402,75944
18161321,36322642,36398575,75933
18157895,36315790,36391720,75930
18155623,36311246,36387160,75914
18155497,36310994,36386902,75908
18153639,36307278,36383182,75904
18153319,36306638,36382540,75902
18149535,36299070,36374951,75881
18146795,36293590,36369460,75870
18142207,36284414,36360265,75851
18137199,36274398,36350230,75832
18136175,36272350,36348182,75832
18133241,36266482,36342304,75822
18133207,36266414,36342232,75818
18132199,36264398,36340216,75818
18130601,36261202,36337012,75810
18129343,36258686,36334493,75807
18128639,36257278,36333076,75798
18124711,36249422,36325219,75797
18123903,36247806,36323587,75781
18122095,36244190,36319966,75776
18121983,36243966,36319738,75772
18120095,36240190,36315953,75763
18116223,36232446,36308209,75763
18114329,36228658,36304406,75748
18114301,36228602,36304343,75741
18114203,36228406,36304145,75739
18111999,36223998,36299735,75737
18111801,36223602,36299335,75733
18110889,36221778,36297508,75730
18109373,36218746,36294473,75727
18108969,36217938,36293660,75722
18108415,36216830,36292552,75722
18107385,36214770,36290486,75716
18104959,36209918,36285614,75696
18102697,36205394,36281086,75692
18102363,36204726,36280412,75686
18100743,36201486,36277172,75686
18100179,36200358,36276038,75680
18099849,36199698,36275377,75679
18098687,36197374,36273046,75672
18097179,36194358,36270028,75670
18096871,36193742,36269410,75668
18094799,36189598,36265250,75652
18093807,36187614,36263263,75649
18092009,36184018,36259663,75645
18090463,36180926,36256565,75639
18089215,36178430,36254068,75638
18084291,36168582,36244196,75614
18083839,36167678,36243287,75609
18083455,36166910,36242518,75608
18081725,36163450,36239056,75606
18081215,36162430,36238030,75600
18078023,36156046,36231634,75588
18077439,36154878,36230458,75580
18076671,36153342,36228919,75577
18074089,36148178,36223751,75573
18073703,36147406,36222977,75571
18073071,36146142,36221708,75566
18072105,36144210,36219773,75563
18071551,36143102,36218657,75555
18068711,36137422,36212969,75547
18065023,36130046,36205582,75536
18064831,36129662,36205193,75531
18063007,36126014,36201535,75521
18061055,36122110,36197624,75514
18059335,36118670,36194182,75512
18057893,36115786,36191294,75508
18057375,36114750,36190252,75502
18055167,36110334,36185822,75488
18053479,36106958,36182441,75483
18050367,36100734,36176206,75472
18045433,36090866,36166337,75471
18045407,36090814,36166274,75460
18044545,36089090,36164542,75452
18040457,36080914,36156343,75429
18039111,36078222,36153646,75424
18038375,36076750,36152174,75424
18038271,36076542,36151960,75418
18036039,36072078,36147490,75412
18034983,36069966,36145372,75406
18031615,36063230,36138626,75396
18030683,36061366,36136756,75390
18030287,36060574,36135962,75388
18028863,36057726,36133108,75382
18026665,36053330,36128698,75368
18026031,36052062,36127430,75368
18023069,36046138,36121504,75366
18022397,36044794,36120149,75355
18020959,36041918,36117272,75354
18019687,36039374,36114718,75344
18018543,36037086,36112429,75343
18018473,36036946,36112286,75340
18015951,36031902,36107228,75326
18013181,36026362,36101680,75318
18011163,36022326,36097631,75305
18008911,36017822,36093125,75303
18007679,36015358,36090646,75288
18003103,36006206,36081484,75278
18001691,36003382,36078646,75264
17998303,35996606,36071857,75251
17995515,35991030,36066280,75250
17995111,35990222,36065464,75242
17993001,35986002,36061240,75238
17991527,35983054,36058279,75225
17989629,35979258,36054476,75218
17987743,35975486,36050690,75204
17983935,35967870,36043060,75190
17980111,35960222,36035405,75183
17978943,35957886,36033068,75182
17978495,35956990,36032158,75168
17977769,35955538,36030703,75165
17975131,35950262,36025418,75156
17974719,35949438,36024589,75151
17973279,35946558,36021704,75146
17972023,35944046,36019190,75144
17971291,35942582,36017725,75143
17970079,35940158,36015292,75134
17968999,35937998,36013124,75126
17967195,35934390,36009512,75122
17966875,35933750,36008872,75122
17966031,35932062,36007183,75121
17963873,35927746,36002855,75109
17962323,35924646,35999752,75106
17960903,35921806,35996912,75106
17960731,35921462,35996554,75092
17959079,35918158,35993248,75090
17956031,35912062,35987146,75084
17954975,35909950,35985019,75069
17949977,35899954,35975020,75066
17949353,35898706,35973760,75054
17948575,35897150,35972194,75044
17947375,35894750,35969788,75038
17943915,35887830,35962864,75034
17942803,35885606,35960638,75032
17942395,35884790,35959816,75026
17939869,35879738,35954759,75021
17939059,35878118,35953132,75014
17936903,35873806,35948806,75000
17935443,35870886,35945878,74992
17934107,35868214,35943196,74982
17932703,35865406,35940388,74982
17930991,35861982,35936951,74969
17927935,35855870,35930837,74967
17924055,35848110,35923066,74956
17923999,35847998,35922946,74948
17922945,35845890,35920834,74944
17922495,35844990,35919934,74944
17920655,35841310,35916248,74938
17920491,35840982,35915912,74930
17919743,35839486,35914414,74928
17917993,35835986,35910902,74916
17917407,35834814,35909729,74915
17914983,35829966,35904872,74906
17913295,35826590,35901494,74904
17912969,35825938,35900836,74898
17911967,35823934,35898823,74889
17909935,35819870,35894753,74883
17902473,35804946,35879800,74854
17902367,35804734,35879588,74854
17901225,35802450,35877304,74854
17899783,35799566,35874418,74852
17898271,35796542,35871373,74831
17897255,35794510,35869340,74830
17896475,35792950,35867773,74823
17892591,35785182,35859995,74813
17889767,35779534,35854336,74802
17885927,35771854,35846636,74782
17884879,35769758,35844538,74780
17882831,35765662,35840434,74772
17882559,35765118,35839888,74770
17880617,35761234,35836000,74766
17878887,35757774,35832527,74753
17875439,35750878,35825620,74742
17873915,35747830,35822572,74742
17873235,35746470,35821207,74737
17872297,35744594,35819324,74730
17870783,35741566,35816296,74730
17870463,35740926,35815642,74716
17869367,35738734,35813446,74712
17866751,35733502,35808208,74706
17865023,35730046,35804744,74698
17864681,35729362,35804056,74694
17862503,35725006,35799691,74685
17860777,35721554,35796239,74685
17860031,35720062,35794736,74674
17854631,35709262,35783927,74665
17853289,35706578,35781230,74652
17852905,35705810,35780458,74648
17852079,35704158,35778802,74644
17850047,35700094,35774729,74635
17846269,35692538,35767163,74625
17845739,35691478,35766094,74616
17840115,35680230,35754838,74608
17839899,35679798,35754398,74600
17838729,35677458,35752054,74596
17835751,35671502,35746076,74574
17835007,35670014,35744581,74567
17832731,35665462,35740021,74559
17830559,35661118,35735674,74556
17829857,35659714,35734264,74550
17826977,35653954,35728496,74542
17825385,35650770,35725298,74528
17821993,35643986,35718502,74516
17817769,35635538,35710037,74499
17814327,35628654,35703143,74489
17813023,35626046,35700529,74483
17810535,35621070,35695541,74471
17810367,35620734,35695196,74462
17809179,35618358,35692817,74459
17806495,35612990,35687446,74456
17803675,35607350,35681789,74439
17799407,35598814,35673232,74418
17796257,35592514,35666932,74418
17794941,35589882,35664298,74416
17794151,35588302,35662718,74416
17792795,35585590,35659982,74392
17789665,35579330,35653720,74390
17788831,35577662,35652046,74384
17788399,35576798,35651182,74384
17787901,35575802,35650186,74384
17786495,35572990,35647352,74362
17784811,35569622,35643980,74358
17783767,35567534,35641892,74358
17783527,35567054,35641408,74354
17779947,35559894,35634248,74354
17776863,35553726,35628064,74338
17776751,35553502,35627825,74323
17775103,35550206,35624522,74316
17771151,35542302,35616605,74303
17769151,35538302,35612594,74292
17765403,35530806,35605088,74282
17763311,35526622,35600894,74272
17762303,35524606,35598878,74272
17759799,35519598,35593870,74272
17759391,35518782,35593042,74260
17758951,35517902,35592155,74253
17756797,35513594,35587840,74246
17754543,35509086,35583326,74240
17753441,35506882,35581120,74238
17752039,35504078,35578306,74228
17751487,35502974,35577196,74222
17750183,35500366,35574586,74220
17748463,35496926,35571145,74219
17748127,35496254,35570461,74207
17744211,35488422,35562613,74191
17743615,35487230,35561414,74184
17742843,35485686,35559868,74182
17739807,35479614,35553796,74182
17737387,35474774,35548954,74180
17735931,35471862,35546020,74158
17734847,35469694,35543846,74152
17731815,35463630,35537773,74143
17729703,35459406,35533546,74140
17728959,35457918,35532041,74123
17726975,35453950,35528066,74116
17725159,35450318,35524432,74114
17723945,35447890,35521996,74106
17723007,35446014,35520118,74104
17721435,35442870,35516968,74098
17719799,35439598,35513687,74089
17719407,35438814,35512901,74087
17717159,35434318,35508403,74085
17711103,35422206,35496256,74050
17709503,35419006,35493052,74046
17707459,35414918,35488957,74039
17705563,35411126,35485162,74036
17703593,35407186,35481220,74034
17703163,35406326,35480351,74025
17700987,35401974,35475995,74021
17699867,35399734,35473735,74001
17698351,35396702,35470703,74001
17696859,35393718,35467712,73994
17695999,35391998,35465992,73994
17695287,35390574,35464558,73984
17693349,35386698,35460680,73982
17692239,35384478,35458457,73979
17691987,35383974,35457952,73978
17689727,35379454,35453423,73969
17688303,35376606,35450566,73960
17684251,35368502,35442454,73952
17683707,35367414,35441366,73952
17681263,35362526,35436454,73928
17679225,35358450,35432372,73922
17677823,35355646,35429555,73909
17675489,35350978,35424884,73906
17674175,35348350,35422252,73902
17670635,35341270,35415154,73884
17666425,35332850,35406733,73883
17665307,35330614,35404492,73878
17663647,35327294,35401157,73863
17662911,35325822,35399672,73850
17661695,35323390,35397233,73843
17661343,35322686,35396527,73841
17660647,35321294,35395132,73838
17658307,35316614,35390449,73835
17657499,35314998,35388833,73835
17653903,35307806,35381626,73820
17653183,35306366,35380186,73820
17652215,35304430,35378248,73818
17651027,35302054,35375858,73804
17650041,35300082,35373886,73804
17648967,35297934,35371730,73796
17648667,35297334,35371127,73793
17648639,35297278,35371064,73786
17644033,35288066,35361851,73785
17642633,35285266,35359051,73785
17640659,35281318,35355100,73782
17640079,35280158,35353918,73760
17638739,35277478,35351234,73756
17638215,35276430,35350181,73751
17635069,35270138,35343880,73742
17633675,35267350,35341090,73740
17632799,35265598,35339323,73725
17632567,35265134,35338856,73722
17626559,35253118,35326813,73695
17621331,35242662,35316352,73690
17621217,35242434,35316112,73678
17621147,35242294,35315972,73678
17619663,35239326,35313002,73676
17619303,35238606,35312278,73672
17617633,35235266,35308928,73662
17615785,35231570,35305229,73659
17615359,35230718,35304376,73658
17615007,35230014,35303668,73654
17614619,35229238,35302883,73645
17609851,35219702,35293336,73634
17607311,35214622,35288248,73626
17606655,35213310,35286926,73616
17603859,35207718,35281330,73612
17603455,35206910,35280508,73598
17602735,35205470,35279068,73598
17598255,35196510,35270099,73589
17595831,35191662,35265250,73588
17595583,35191166,35264740,73574
17594863,35189726,35263294,73568
17591273,35182546,35256097,73551
17590611,35181222,35254772,73550
17589215,35178430,35251976,73546
17587177,35174354,35247892,73538
17585179,35170358,35243891,73533
17585151,35170302,35243824,73522
17582701,35165402,35238920,73518
17581695,35163390,35236898,73508
17578985,35157970,35231470,73500
17576591,35153182,35226677,73495
17575983,35151966,35225455,73489
17574015,35148030,35221513,73483
17572591,35145182,35218654,73472
17571871,35143742,35217214,73472
17570783,35141566,35215033,73467
17570511,35141022,35214484,73462
17566719,35133438,35206892,73454
17566139,35132278,35205730,73452
17565799,35131598,35205050,73452
17565759,35131518,35204969,73451
17564095,35128190,35201623,73433
17558955,35117910,35191331,73421
17558143,35116286,35189702,73416
17557967,35115934,35189345,73411
17555103,35110206,35183602,73396
17552951,35105902,35179298,73396
17551775,35103550,35176936,73386
17551359,35102718,35176103,73385
17547263,35094526,35167891,73365
17545663,35091326,35164691,73365
17543101,35086202,35159557,73355
17542607,35085214,35158562,73348
17541289,35082578,35155919,73341
17540891,35081782,35155120,73338
17540587,35081174,35154512,73338
17538287,35076574,35149906,73332
17534515,35069030,35142352,73322
17533945,35067890,35141212,73322
17530043,35060086,35133406,73320
17529833,35059666,35132980,73314
17528221,35056442,35129740,73298
17528121,35056242,35129537,73295
17528091,35056182,35129470,73288
17527327,35054654,35127938,73284
17522003,35044006,35117269,73263
17519549,35039098,35112356,73258
17516477,35032954,35106208,73254
17516287,35032574,35105812,73238
17512895,35025790,35099027,73237
17512555,35025110,35098334,73224
17512447,35024894,35098114,73220
17507943,35015886,35089094,73208
17507305,35014610,35087813,73203
17505771,35011542,35084738,73196
17504481,35008962,35082148,73186
17504233,35008466,35081651,73185
17501167,35002334,35075506,73172
17501161,35002322,35075492,73170
17498603,34997206,35070371,73165
17498111,34996222,35069378,73156
17497215,34994430,35067583,73153
17493631,34987262,35060401,73139
17490913,34981826,35054963,73137
17489343,34978686,35051812,73126
17487743,34975486,35048612,73126
17486287,34972574,35045698,73124
17484735,34969470,35042573,73103
17482281,34964562,35037664,73102
17480703,34961406,35034497,73091
17478959,34957918,35031008,73090
17478939,34957878,35030960,73082
17476891,34953782,35026852,73070
17475583,34951166,35024231,73065
17472207,34944414,35017468,73054
17469855,34939710,35012762,73052
17469267,34938534,35011582,73048
17468671,34937342,35010386,73044
17467219,34934438,35007473,73035
17465983,34931966,35005000,73034
17465767,34931534,35004568,73034
17462649,34925298,34998316,73018
17461295,34922590,34995598,73008
17460223,34920446,34993444,72998
17455487,34910974,34983971,72997
17455211,34910422,34983406,72984
17454217,34908434,34981415,72981
17453307,34906614,34979588,72974
17451519,34903038,34976002,72964
17448447,34896894,34969858,72964
17447071,34894142,34967092,72950
17446335,34892670,34965620,72950
17443041,34886082,34959028,72946
17441423,34882846,34955792,72946
17440495,34880990,34953934,72944
17437577,34875154,34948096,72942
17437339,34874678,34947592,72914
17437167,34874334,34947238,72904
17432575,34865150,34938040,72890
17432423,34864846,34937735,72889
17426809,34853618,34926491,72873
17426791,34853582,34926446,72864
17425855,34851710,34924570,72860
17423943,34847886,34920746,72860
17423359,34846718,34919572,72854
17420319,34840638,34913482,72844
17417471,34834942,34907764,72822
17415935,34831870,34904687,72817
17415359,34830718,34903534,72816
17412255,34824510,34897325,72815
17410751,34821502,34894312,72810
17409663,34819326,34892126,72800
17409051,34818102,34890892,72790
17407743,34815486,34888265,72779
17405481,34810962,34883732,72770
17403547,34807094,34879859,72765
17401575,34803150,34875910,72760
17400475,34800950,34873700,72750
17397455,34794910,34867660,72750
17397073,34794146,34866893,72747
17396329,34792658,34865405,72747
17394559,34789118,34861859,72741
17393727,34787454,34860176,72722
17390591,34781182,34853894,72712
17388201,34776402,34849111,72709
17386911,34773822,34846522,72700
17385647,34771294,34843985,72691
17382537,34765074,34837756,72682
17381535,34763070,34835750,72680
17378847,34757694,34830368,72674
17375467,34750934,34823600,72666
17373639,34747278,34819922,72644
17370215,34740430,34813061,72631
17369883,34739766,34812391,72625
17369001,34738002,34810621,72619
17365463,34730926,34803544,72618
17365179,34730358,34802966,72608
17363455,34726910,34799507,72597
17360155,34720310,34792901,72591
17357817,34715634,34788214,72580
17356543,34713086,34785650,72564
17355559,34711118,34783682,72564
17354143,34708286,34780844,72558
17353759,34707518,34780076,72558
17351963,34703926,34776479,72553
17350939,34701878,34774424,72546
17347049,34694098,34766638,72540
17343935,34687870,34760383,72513
17342367,34684734,34757245,72511
17337641,34675282,34747780,72498
17333545,34667090,34739584,72494
17332363,34664726,34737206,72480
17330627,34661254,34733729,72475
17329785,34659570,34732042,72472
17329471,34658942,34731413,72471
17328191,34656382,34728833,72451
17327791,34655582,34728031,72449
17327657,34655314,34727761,72447
17324123,34648246,34720690,72444
17323455,34646910,34719347,72437
17323423,34646846,34719275,72429
17320731,34641462,34713886,72424
17320175,34640350,34712762,72412
17316047,34632094,34704497,72403
17315695,34631390,34703786,72396
17313439,34626878,34699265,72387
17311003,34622006,34694392,72386
17309695,34619390,34691759,72369
17309439,34618878,34691246,72368
17303929,34607858,34680211,72353
17302495,34604990,34677340,72350
17301351,34602702,34675039,72337
17299433,34598866,34671196,72330
17297407,34594814,34667140,72326
17297023,34594046,34666366,72320
17295529,34591058,34663373,72315
17294783,34589566,34661878,72312
17293537,34587074,34659380,72306
17292265,34584530,34656833,72303
17290111,34580222,34652515,72293
17288351,34576702,34648991,72289
17286759,34573518,34645804,72286
17284607,34569214,34641484,72270
17281363,34562726,34634981,72255
17279647,34559294,34631549,72255
17279087,34558174,34630417,72243
17275039,34550078,34622306,72228
17271801,34543602,34615817,72215
17270207,34540414,34612624,72210
17268479,34536958,34609157,72199
17264943,34529886,34602080,72194
17263775,34527550,34599730,72180
17262207,34524414,34596586,72172
17260287,34520574,34592737,72163
17259119,34518238,34590401,72163
17256105,34512210,34584364,72154
17254847,34509694,34581839,72145
17254215,34508430,34580570,72140
17252463,34504926,34577063,72137
17250631,34501262,34573391,72129
17249787,34499574,34571701,72127
17248999,34497998,34570118,72120
17247099,34494198,34566313,72115
17245215,34490430,34562537,72107
17245031,34490062,34562165,72103
17244007,34488014,34560112,72098
17240403,34480806,34552898,72092
17238751,34477502,34549586,72084
17238683,34477366,34549445,72079
17235965,34471930,34543999,72069
17234239,34468478,34540540,72062
17233121,34466242,34538296,72054
17231871,34463742,34535788,72046
17228743,34457486,34529530,72044
17227423,34454846,34526888,72042
17226055,34452110,34524143,72033
17225023,34450046,34522072,72026
17223079,34446158,34518172,72014
17222009,34444018,34516030,72012
17220847,34441694,34513694,72000
17219695,34439390,34511386,71996
17216327,34432654,34504636,71982
17213817,34427634,34499608,71974
17210671,34421342,34493303,71961
17207407,34414814,34486766,71952
17205415,34410830,34482779,71949
17205369,34410738,34482682,71944
17203869,34407738,34479682,71944
17203691,34407382,34479311,71929
17202427,34404854,34476779,71925
17201151,34402302,34474216,71914
17197787,34395574,34467481,71907
17197055,34394110,34466008,71898
17195495,34390990,34462888,71898
17193703,34387406,34459292,71886
17190335,34380670,34452556,71886
17189759,34379518,34451396,71878
17187871,34375742,34447612,71870
17186847,34373694,34445560,71866
17180897,34361794,34433638,71844
17179297,34358594,34430434,71840
17178281,34356562,34428386,71824
17175579,34351158,34422968,71810
17173755,34347510,34419313,71803
17173275,34346550,34418353,71803
17171487,34342974,34414769,71795
17170683,34341366,34413155,71789
17166335,34332670,34404448,71778
17165595,34331190,34402963,71773
17164135,34328270,34400038,71768
17164029,34328058,34399823,71765
17162465,34324930,34396687,71757
17161983,34323966,34395718,71752
17159657,34319314,34391060,71746
17158303,34316606,34388344,71738
17156265,34312530,34384265,71735
17155583,34311166,34382897,71731
17154047,34308094,34379812,71718
17150589,34301178,34372892,71714
17149993,34299986,34371700,71714
17149487,34298974,34370680,71706
17145385,34290770,34362466,71696
17143579,34287158,34358833,71675
17138367,34276734,34348400,71666
17136937,34273874,34345529,71655
17135743,34271486,34343129,71643
17133183,34266366,34337999,71633
17130987,34261974,34333600,71626
17130855,34261710,34333336,71626
17129775,34259550,34331174,71624
17129655,34259310,34330934,71624
17129241,34258482,34330103,71621
17128223,34256446,34328063,71617
17128175,34256350,34327966,71616
17124843,34249686,34321286,71600
17123383,34246766,34318360,71594
17119305,34238610,34310194,71584
17119145,34238290,34309870,71580
17118767,34237534,34309114,71580
17116607,34233214,34304789,71575
17115815,34231630,34303198,71568
17113993,34227986,34299541,71555
17112231,34224462,34296011,71549
17111017,34222034,34293581,71547
17110975,34221950,34293496,71546
17109331,34218662,34290206,71544
17107903,34215806,34287334,71528
17105535,34211070,34282592,71522
17103007,34206014,34277518,71504
17101403,34202806,34274308,71502
17095847,34191694,34263182,71488
17093565,34187130,34258612,71482
17092871,34185742,34257220,71478
17091497,34182994,34254461,71467
17090119,34180238,34251698,71460
17088543,34177086,34248536,71450
17085993,34171986,34243421,71435
17084351,34168702,34240130,71428
17081159,34162318,34233745,71427
17077671,34155342,34226764,71422
17077215,34154430,34225846,71416
17076703,34153406,34224802,71396
17072225,34144450,34215844,71394
17071975,34143950,34215335,71385
17069619,34139238,34210619,71381
17068903,34137806,34209175,71369
17063593,34127186,34198528,71342
17061177,34122354,34193692,71338
17059383,34118766,34190093,71327
17057511,34115022,34186342,71320
17051647,34103294,34174586,71292
17049023,34098046,34169324,71278
17043581,34087162,34158434,71272
17043425,34086850,34158112,71262
17041917,34083834,34155089,71255
17040063,34080126,34151372,71246
17038055,34076110,34147345,71235
17036841,34073682,34144912,71230
17035755,34071510,34142737,71227
17032127,34064254,34135462,71208
17030783,34061566,34132772,71206
17030447,34060894,34132099,71205
17029863,34059726,34130927,71201
17025705,34051410,34122598,71188
17023815,34047630,34118810,71180
17022591,34045182,34116353,71171
17019039,34038078,34109242,71164
17015059,34030118,34101265,71147
17012799,34025598,34096733,71135
17012201,34024402,34095536,71134
17011667,34023334,34094468,71134
17009775,34019550,34090672,71122
17007855,34015710,34086832,71122
17007529,34015058,34086170,71112
17004921,34009842,34080940,71098
17004287,34008574,34079669,71095
16998527,33997054,34068148,71094
16996287,33992574,34063658,71084
16995321,33990642,34061717,71075
16994971,33989942,34061012,71070
16994799,33989598,34060652,71054
16993151,33986302,34057348,71046
16992255,33984510,34055554,71044
16989865,33979730,34050766,71036
16989215,33978430,34049464,71034
16988411,33976822,34047854,71032
16986857,33973714,34044740,71026
16983263,33966526,34037548,71022
16982107,33964214,34035233,71019
16981159,33962318,34033318,71000
16978971,33957942,34028930,70988
16974505,33949010,34019981,70971
16972909,33945818,34016788,70970
16972187,33944374,34015342,70968
16971247,33942494,34013459,70965
16966335,33932670,34003606,70936
16963911,33927822,33998747,70925
16959807,33919614,33990529,70915
16959483,33918966,33989876,70910
16957607,33915214,33986114,70900
16956393,33912786,33983684,70898
16954399,33908798,33979691,70893
16953855,33907710,33978599,70889
16952039,33904078,33974963,70885
16951743,33903486,33974363,70877
16949951,33899902,33970772,70870
16949499,33898998,33969866,70868
16946679,33893358,33964217,70859
16945529,33891058,33961913,70855
16943209,33886418,33957269,70851
16941151,33882302,33953141,70839
16940751,33881502,33952336,70834
16940585,33881170,33951998,70828
16938323,33876646,33947468,70822
16934441,33868882,33939685,70803
16930031,33860062,33930850,70788
16928303,33856606,33927394,70788
16925065,33850130,33920912,70782
16923807,33847614,33918389,70775
16923151,33846302,33917072,70770
16923103,33846206,33916966,70760
16922271,33844542,33915298,70756
16920489,33840978,33911729,70751
16920191,33840382,33911126,70744
16919199,33838398,33909139,70741
16918185,33836370,33907106,70736
16914943,33829886,33900619,70733
16914217,33828434,33899158,70724
16911999,33823998,33894706,70708
16909537,33819074,33889778,70704
16906347,33812694,33883382,70688
16904863,33809726,33880408,70682
16904679,33809358,33880037,70679
16904351,33808702,33879377,70675
16902383,33804766,33875441,70675
16901791,33803582,33874247,70665
16896823,33793646,33864308,70662
16895903,33791806,33862454,70648
16895389,33790778,33861424,70646
16894111,33788222,33858857,70635
16893241,33786482,33857116,70634
16892399,33784798,33855425,70627
16890367,33780734,33851351,70617
16884745,33769490,33840101,70611
16884543,33769086,33839686,70600
16881129,33762258,33832840,70582
16880671,33761342,33831922,70580
16880127,33760254,33830827,70573
16878527,33757054,33827624,70570
16877793,33755586,33826154,70568
16874815,33749630,33820186,70556
16872481,33744962,33815513,70551
16872095,33744190,33814736,70546
16871663,33743326,33813866,70540
16870215,33740430,33810970,70540
16870121,33740242,33810779,70537
16867271,33734542,33805078,70536
16867209,33734418,33804952,70534
16867071,33734142,33804665,70523
16864303,33728606,33799120,70514
16861119,33722238,33792740,70502
16861031,33722062,33792556,70494
16859111,33718222,33788716,70494
16858279,33716558,33787045,70487
16855707,33711414,33781900,70486
16855535,33711070,33781544,70474
16854463,33708926,33779398,70472
16852947,33705894,33776362,70468
16850671,33701342,33771806,70464
16850569,33701138,33771599,70461
16848807,33697614,33768070,70456
16848767,33697534,33767981,70447
16845243,33690486,33760925,70439
16844335,33688670,33759101,70431
16842447,33684894,33755312,70418
16840473,33680946,33751364,70418
16839135,33678270,33748684,70414
16838511,33677022,33747430,70408
16837723,33675446,33745847,70401
16835119,33670238,33740626,70388
16832737,33665474,33735854,70380
16830079,33660158,33730532,70374
16827207,33654414,33724775,70361
16823775,33647550,33717904,70354
16822119,33644238,33714569,70331
16819967,33639934,33710260,70326
16819759,33639518,33709844,70326
16817129,33634258,33704569,70311
16815463,33630926,33701237,70311
16814527,33629054,33699365,70311
16809831,33619662,33689945,70283
16809599,33619198,33689476,70278
16808255,33616510,33686786,70276
16806441,33612882,33683152,70270
16805615,33611230,33681500,70270
16803135,33606270,33676540,70270
16799059,33598118,33668356,70238
16796699,33593398,33663626,70228
16793935,33587870,33658090,70220
16792687,33585374,33655588,70214
16785821,33571642,33641837,70195
16785407,33570814,33640990,70176
16783387,33566774,33636950,70176
16781823,33563646,33633812,70166
16779641,33559282,33629438,70156
16775935,33551870,33622018,70148
16774761,33549522,33619661,70139
16772737,33545474,33615607,70133
16771727,33543454,33613586,70132
16771711,33543422,33613543,70121
16767675,33535350,33605470,70120
16767201,33534402,33604522,70120
16764537,33529074,33599171,70097
16763039,33526078,33596170,70092
16760311,33520622,33590705,70083
16757417,33514834,33584908,70074
16756987,33513974,33584033,70059
16754687,33509374,33579431,70057
16754409,33508818,33578872,70054
16752737,33505474,33575527,70053
16752731,33505462,33575512,70050
16751083,33502166,33572212,70046
16750333,33500666,33570701,70035
16750059,33500118,33570152,70034
16748051,33496102,33566134,70032
16747817,33495634,33565666,70032
16747547,33495094,33565117,70023
16745755,33491510,33561526,70016
16743023,33486046,33556058,70012
16742063,33484126,33554135,70009
16739047,33478094,33548087,69993
16735999,33471998,33541969,69971
16734951,33469902,33539872,69970
16734311,33468622,33538589,69967
16733031,33466062,33536026,69964
16731327,33462654,33532618,69964
16730505,33461010,33530974,69964
16729835,33459670,33529634,69964
16729327,33458654,33528601,69947
16725471,33450942,33520877,69935
16724217,33448434,33518366,69932
16723071,33446142,33516070,69928
16723047,33446094,33516013,69919
16720509,33441018,33510932,69914
16717247,33434494,33504388,69894
16711963,33423926,33493807,69881
16708991,33417982,33487850,69868
16708847,33417694,33487558,69864
16707355,33414710,33484565,69855
16704595,33409190,33479041,69851
16703647,33407294,33477133,69839
16700059,33400118,33469939,69821
16699711,33399422,33469243,69821
16695623,33391246,33461051,69805
16692449,33384898,33454694,69796
16690671,33381342,33451130,69788
16689529,33379058,33448837,69779
16687913,33375826,33445604,69778
16685153,33370306,33440080,69774
16684457,33368914,33438680,69766
16682397,33364794,33434552,69758
16682281,33364562,33434311,69749
16675523,33351046,33420782,69736
16673919,33347838,33417556,69718
16672767,33345534,33415252,69718
16671771,33343542,33413248,69706
16669175,33338350,33408047,69697
16667583,33335166,33404854,69688
16665559,33331118,33400799,69681
16665019,33330038,33399716,69678
16662271,33324542,33394210,69668
16662015,33324030,33393698,69668
16659239,33318478,33388145,69667
16658999,33317998,33387659,69661
16658143,33316286,33385945,69659
16657467,33314934,33384593,69659
16657135,33314270,33383917,69647
16655671,33311342,33380981,69639
16654495,33308990,33378626,69636
16647759,33295518,33365140,69622
16646907,33293814,33363430,69616
16646639,33293278,33362891,69613
16646143,33292286,33361880,69594
16642785,33285570,33355156,69586
16642539,33285078,33354661,69583
16640111,33280222,33349805,69583
16639259,33278518,33348098,69580
16638461,33276922,33346498,69576
16637999,33275998,33345574,69576
16636623,33273246,33342806,69560
16635521,33271042,33340600,69558
16635207,33270414,33339967,69553
16633551,33267102,33336646,69544
16631275,33262550,33332092,69542
16629887,33259774,33329312,69538
16629607,33259214,33328744,69530
16628991,33257982,33327508,69526
16627263,33254526,33324047,69521
16622319,33244638,33314146,69508
16621735,33243470,33312977,69507
16621415,33242830,33312325,69495
16619999,33239998,33309487,69489
16619839,33239678,33309164,69486
16617545,33235090,33304576,69486
16617015,33234030,33303505,69475
16615583,33231166,33300638,69472
16615071,33230142,33299612,69470
16614431,33228862,33298325,69463
16611839,33223678,33293129,69451
16605313,33210626,33280066,69440
16604799,33209598,33279032,69434
16604777,33209554,33278981,69427
16601759,33203518,33272930,69412
16601179,33202358,33271769,69411
16599535,33199070,33268477,69407
16596351,33192702,33262108,69406
16596155,33192310,33261712,69402
16595321,33190642,33260033,69391
16595103,33190206,33259589,69383
16591529,33183058,33252430,69372
16589823,33179646,33249008,69362
16587199,33174398,33243749,69351
16584239,33168478,33237821,69343
16584175,33168350,33237692,69342
16580075,33160150,33229492,69342
16578811,33157622,33226939,69317
16573779,33147558,33216859,69301
16573323,33146646,33215944,69298
16572907,33145814,33215108,69294
16572159,33144318,33213604,69286
16569535,33139070,33208348,69278
16568815,33137630,33206908,69278
16567379,33134758,33204035,69277
16565113,33130226,33199490,69264
16562919,33125838,33195100,69262
16561631,33123262,33192509,69247
16559999,33119998,33189244,69246
16556991,33113982,33183215,69233
16556903,33113806,33183034,69228
16556031,33112062,33181285,69223
16553199,33106398,33175606,69208
16551423,33102846,33172051,69205
16547961,33095922,33165125,69203
16547531,33095062,33164257,69195
16546535,33093070,33162250,69180
16543059,33086118,33155297,69179
16541865,33083730,33152894,69164
16539343,33078686,33147835,69149
16537129,33074258,33143404,69146
16534399,33068798,33137927,69129
16532583,33065166,33134291,69125
16530985,33061970,33131092,69122
16529127,33058254,33127361,69107
16526463,33052926,33122033,69107
16525615,33051230,33120335,69105
16525367,33050734,33119837,69103
16521983,33043966,33113044,69078
16520169,33040338,33109415,69077
16519913,33039826,33108902,69076
16519083,33038166,33107242,69076
16519071,33038142,33107213,69071
16518995,33037990,33107059,69069
16518591,33037182,33106249,69067
16515071,33030142,33099191,69049
16511999,33023998,33093035,69037
16509727,33019454,33088490,69036
16507935,33015870,33084895,69025
16506111,33012222,33081232,69010
16502783,33005566,33074567,69001
16499483,32998966,33067966,69000
16497529,32995058,33064058,69000
16494235,32988470,33057467,68997
16493479,32986958,33055937,68979
16493225,32986450,33055409,68959
16491007,32982014,33050968,68954
16490143,32980286,33049232,68946
16488435,32976870,33045814,68944
16487561,32975122,33044056,68934
16485311,32970622,33039551,68929
16483999,32967998,33036916,68918
16483099,32966198,33035114,68916
16482985,32965970,33034886,68916
16480633,32961266,33030178,68912
16476923,32953846,33022744,68898
16476367,32952734,33021628,68894
16475695,32951390,33020284,68894
16474375,32948750,33017638,68888
16474223,32948446,33017327,68881
16469227,32938454,33007330,68876
16468201,32936402,33005272,68870
16467901,32935802,33004658,68856
16467183,32934366,33003220,68854
16466431,32932862,33001706,68844
16462783,32925566,32994404,68838
16461993,32923986,32992817,68831
16460883,32921766,32990591,68825
16457951,32915902,32984717,68815
16456943,32913886,32982692,68806
16455657,32911314,32980115,68801
16451499,32902998,32971793,68795
16450559,32901118,32969909,68791
16449079,32898158,32966941,68783
16447999,32895998,32964772,68774
16447865,32895730,32964499,68769
16447145,32894290,32963056,68766
16443049,32886098,32954849,68751
16441323,32882646,32951392,68746
16438831,32877662,32946406,68744
16437801,32875602,32944346,68744
16437327,32874654,32943388,68734
16437019,32874038,32942764,68726
16435837,32871674,32940398,68724
16433183,32866366,32935081,68715
16432283,32864566,32933272,68706
16428523,32857046,32925742,68696
16427487,32854974,32923664,68690
16426249,32852498,32921177,68679
16425051,32850102,32918780,68678
16423611,32847222,32915896,68674
16421609,32843218,32911888,68670
16420065,32840130,32908793,68663
16418879,32837758,32906416,68658
16418643,32837286,32905934,68648
16418239,32836478,32905124,68646
16416815,32833630,32902274,68644
16416255,32832510,32901143,68633
16415999,32831998,32900630,68632
16413695,32827390,32896016,68626
16409087,32818174,32886791,68617
16406975,32813950,32882548,68598
16405303,32810606,32879200,68594
16403615,32807230,32875811,68581
16401439,32802878,32871454,68576
16400887,32801774,32870348,68574
16400475,32800950,32869520,68570
16398587,32797174,32865743,68569
16397695,32795390,32863951,68561
16394719,32789438,32857984,68546
16393455,32786910,32855456,68546
16391515,32783030,32851568,68538
16388863,32777726,32846249,68523
16387071,32774142,32842654,68512
16382717,32765434,32833943,68509
16381287,32762574,32831080,68506
16381231,32762462,32830960,68498
16378233,32756466,32824946,68480
16377095,32754190,32822666,68476
16374585,32749170,32817644,68474
16371935,32743870,32812330,68460
16370681,32741362,32809819,68457
16369823,32739646,32808091,68445
16368297,32736594,32805034,68440
16367615,32735230,32803663,68433
16366079,32732158,32800588,68430
16364575,32729150,32797574,68424
16363455,32726910,32795332,68422
16363355,32726710,32795131,68421
16363135,32726270,32794684,68414
16360475,32720950,32789357,68407
16357703,32715406,32783798,68392
16356487,32712974,32781365,68391
16354175,32708350,32776726,68376
16351073,32702146,32770520,68374
16350547,32701094,32769457,68363
16349927,32699854,32768216,68362
16348471,32696942,32765300,68358
16347903,32695806,32764156,68350
16346351,32692702,32761046,68344
16344871,32689742,32758082,68340
16344423,32688846,32757182,68336
16339359,32678718,32747044,68326
16338715,32677430,32745746,68316
16338159,32676318,32744626,68308
16337071,32674142,32742448,68306
16335903,32671806,32740112,68306
16334075,32668150,32736454,68304
16333309,32666618,32734910,68292
16333051,32666102,32734394,68292
16331247,32662494,32730779,68285
16330599,32661198,32729474,68276
16329159,32658318,32726593,68275
16327561,32655122,32723392,68270
16326079,32652158,32720426,68268
16324463,32648926,32717182,68256
16323823,32647646,32715899,68253
16318687,32637374,32705620,68246
16317651,32635302,32703533,68231
16317119,32634238,32702464,68226
16316507,32633014,32701238,68224
16313337,32626674,32694892,68218
16313279,32626558,32694772,68214
16312647,32625294,32693501,68207
16309023,32618046,32686235,68189
16308735,32617470,32685658,68188
16307327,32614654,32682842,68188
16304639,32609278,32677454,68176
16303481,32606962,32675129,68167
16300479,32600958,32669107,68149
16297327,32594654,32662798,68144
16295527,32591054,32659184,68130
16293119,32586238,32654357,68119
16290431,32580862,32648974,68112
16286333,32572666,32640766,68100
16285695,32571390,32639479,68089
16282761,32565522,32633606,68084
16282471,32564942,32633021,68079
16281791,32563582,32631658,68076
16280155,32560310,32628377,68067
16277135,32554270,32622335,68065
16276255,32552510,32620562,68052
16274345,32548690,32616742,68052
16272231,32544462,32612500,68038
16272155,32544310,32612344,68034
16270575,32541150,32609182,68032
16269415,32538830,32606857,68027
16267035,32534070,32602085,68015
16266479,32532958,32600969,68011
16264431,32528862,32596870,68008
16262591,32525182,32593174,67992
16259399,32518798,32586779,67981
16256239,32512478,32580454,67976
16252115,32504230,32572204,67974
16251863,32503726,32571692,67966
16251391,32502782,32570746,67964
16250409,32500818,32568760,67942
16246891,32493782,32561716,67934
16246319,32492638,32560564,67926
16243785,32487570,32555495,67925
16241597,32483194,32551103,67909
16239329,32478658,32546566,67908
16238249,32476498,32544395,67897
16237183,32474366,32542253,67887
16232959,32465918,32533798,67880
16232943,32465886,32533762,67876
16232519,32465038,32532911,67873
16231687,32463374,32531240,67866
16229403,32458806,32526659,67853
16227563,32455126,32522978,67852
16225151,32450302,32518154,67852
16223571,32447142,32514979,67837
16222955,32445910,32513743,67833
16220955,32441910,32509730,67820
16217759,32435518,32503336,67818
16217535,32435070,32502887,67817
16217503,32435006,32502815,67809
16212511,32425022,32492825,67803
16212151,32424302,32492090,67788
16211303,32422606,32490386,67780
16209311,32418622,32486398,67776
16208297,32416594,32484364,67770
16206311,32412622,32480390,67768
16206303,32412606,32480368,67762
16205567,32411134,32478893,67759
16203711,32407422,32475170,67748
16200093,32400186,32467930,67744
16197883,32395766,32463502,67736
16195705,32391410,32459125,67715
16192057,32384114,32451824,67710
16192041,32384082,32451790,67708
16189547,32379094,32446786,67692
16187369,32374738,32442430,67692
16185063,32370126,32437798,67672
16181407,32362814,32430469,67655
16179297,32358594,32426248,67654
16177007,32354014,32421653,67639
16176467,32352934,32420569,67635
16173567,32347134,32414758,67624
16173503,32347006,32414626,67620
16168299,32336598,32404211,67613
16167163,32334326,32401924,67598
16167023,32334046,32401640,67594
16165545,32331090,32398684,67594
16164633,32329266,32396854,67588
16163065,32326130,32393713,67583
16160943,32321886,32389469,67583
16160681,32321362,32388934,67572
16158951,32317902,32385472,67570
16157467,32314934,32382502,67568
16156999,32313998,32381566,67568
16156207,32312414,32379968,67554
16154367,32308734,32376274,67540
16150271,32300542,32368079,67537
16148763,32297526,32365060,67534
16148755,32297510,32365030,67520
16146883,32293766,32361286,67520
16146411,32292822,32360336,67514
16144167,32288334,32355845,67511
16143827,32287654,32355164,67510
16142831,32285662,32353162,67500
16141951,32283902,32351390,67488
16141471,32282942,32350429,67487
16138809,32277618,32345104,67486
16138335,32276670,32344148,67478
16137575,32275150,32342624,67474
16136859,32273718,32341189,67471
16136551,32273102,32340572,67470
16136283,32272566,32340035,67469
16135295,32270590,32338055,67465
16131209,32262418,32329874,67456
16130791,32261582,32329030,67448
16130047,32260094,32327534,67440
16129151,32258302,32325740,67438
16125807,32251614,32319040,67426
16123977,32247954,32315380,67426
16122301,32244602,32312015,67413
16117831,32235662,32303074,67412
16117019,32234038,32301443,67405
16116863,32233726,32301125,67399
16116729,32233458,32300854,67396
16116089,32232178,32299564,67386
16115247,32230494,32297872,67378
16114345,32228690,32296067,67377
16113407,32226814,32294189,67375
16112895,32225790,32293156,67366
16110319,32220638,32288003,67365
16109183,32218366,32285729,67363
16107967,32215934,32283290,67356
16106749,32213498,32280853,67355
16106073,32212146,32279494,67348
16104503,32209006,32276344,67338
16103935,32207870,32275205,67335
16101625,32203250,32270582,67332
16100991,32201982,32269306,67324
16099553,32199106,32266430,67324
16098567,32197134,32264450,67316
16098441,32196882,32264192,67310
16097023,32194046,32261344,67298
16094623,32189246,32256542,67296
16093031,32186062,32253344,67282
16090351,32180702,32247983,67281
16089047,32178094,32245366,67272
16087511,32175022,32242288,67266
16086313,32172626,32239888,67262
16086107,32172214,32239474,67260
16083183,32166366,32233616,67250
16083035,32166070,32233312,67242
16081785,32163570,32230811,67241
16080411,32160822,32228057,67235
16078239,32156478,32223700,67222
16077551,32155102,32222323,67221
16076031,32152062,32219279,67217
16074927,32149854,32217062,67208
16074523,32149046,32216254,67208
16072319,32144638,32211833,67195
16069531,32139062,32206256,67194
16069103,32138206,32205397,67191
16068607,32137214,32204396,67182
16067375,32134750,32201932,67182
16065563,32131126,32198305,67179
16065513,32131026,32198201,67175
16065351,32130702,32197876,67174
16063727,32127454,32194624,67170
16062175,32124350,32191516,67166
16061799,32123598,32190752,67154
16058279,32116558,32183705,67147
16058183,32116366,32183512,67146
16057627,32115254,32182393,67139
16054495,32108990,32176120,67130
16051519,32103038,32170162,67124
16050879,32101758,32168878,67120
16049917,32099834,32166944,67110
16048295,32096590,32163688,67098
16047823,32095646,32162744,67098
16046879,32093758,32160851,67093
16044769,32089538,32156626,67088
16044031,32088062,32155144,67082
16040361,32080722,32147798,67076
16039595,32079190,32146258,67068
16036605,32073210,32140276,67066
16035079,32070158,32137222,67064
16034017,32068034,32135075,67041
16033327,32066654,32133694,67040
16029551,32059102,32126138,67036
16027319,32054638,32121664,67026
16026921,32053842,32120854,67012
16025655,32051310,32118316,67006
16024233,32048466,32115464,66998
16023279,32046558,32113552,66994
16020505,32041010,32108002,66992
16020327,32040654,32107643,66989
16019503,32039006,32105992,66986
16019071,32038142,32105126,66984
16018751,32037502,32104474,66972
16014875,32029750,32096722,66972
16014063,32028126,32095096,66970
16013991,32027982,32094940,66958
16013563,32027126,32094080,66954
16011715,32023430,32090380,66950
16010719,32021438,32088383,66945
16008169,32016338,32083280,66942
16007289,32014578,32081512,66934
16007163,32014326,32081258,66932
16005625,32011250,32078182,66932
16005075,32010150,32077072,66922
16002687,32005374,32072287,66913
16000251,32000502,32067412,66910
15999815,31999630,32066530,66900
15999615,31999230,32066123,66893
15996015,31992030,32058914,66884
15994623,31989246,32056126,66880
15993959,31987918,32054791,66873
15990781,31981562,32048422,66860
15989823,31979646,32046506,66860
15988959,31977918,32044774,66856
15986923,31973846,32040695,66849
15986847,31973694,32040538,66844
15984255,31968510,32035342,66832
15984063,31968126,32034958,66832
15982683,31965366,32032192,66826
15982591,31965182,32032007,66825
15981823,31963646,32030468,66822
15981545,31963090,32029912,66822
15980239,31960478,32027291,66813
15977919,31955838,32022641,66803
15973535,31947070,32013863,66793
15970555,31941110,32007884,66774
15969519,31939038,32005804,66766
15967887,31935774,32002537,66763
15966875,31933750,32000512,66762
15966623,31933246,32000003,66757
15963931,31927862,31994614,66752
15963625,31927250,31993996,66746
15959977,31919954,31986683,66729
15958299,31916598,31983319,66721
15953947,31907894,31974604,66710
15952031,31904062,31970758,66696
15949215,31898430,31965124,66694
15949159,31898318,31965010,66692
15946783,31893566,31960244,66678
15943913,31887826,31954493,66667
15943071,31886142,31952804,66662
15942615,31885230,31951891,66661
15940377,31880754,31947406,66652
15936775,31873550,31940200,66650
15936505,31873010,31939648,66638
15936359,31872718,31939352,66634
15935335,31870670,31937294,66624
15932443,31864886,31931506,66620
15932047,31864094,31930714,66620
15929191,31858382,31924984,66602
15928431,31856862,31923460,66598
15926583,31853166,31919758,66592
15922059,31844118,31910699,66581
15921111,31842222,31908797,66575
15920999,31841998,31908566,66568
15917693,31835386,31901944,66558
15916193,31832386,31898944,66558
15913215,31826430,31892966,66536
15912431,31824862,31891391,66529
15909545,31819090,31885607,66517
15908863,31817726,31884239,66513
15906847,31813694,31880207,66513
15905959,31811918,31878430,66512
15905417,31810834,31877344,66510
15904495,31808990,31875487,66497
15900839,31801678,31868161,66483
15898535,31797070,31863541,66471
15896111,31792222,31858684,66462
15894687,31789374,31855835,66461
15893881,31787762,31854221,66459
15892479,31784958,31851407,66449
15891615,31783230,31849676,66446
15888137,31776274,31842719,66445
15887599,31775198,31841623,66425
15886847,31773694,31840114,66420
15883983,31767966,31834384,66418
15880911,31761822,31828231,66409
15880019,31760038,31826438,66400
15879329,31758658,31825055,66397
15877915,31755830,31822226,66396
15877567,31755134,31821517,66383
15875583,31751166,31817542,66376
15872671,31745342,31811705,66363
15868955,31737910,31804271,66361
15868199,31736398,31802756,66358
15866879,31733758,31800100,66342
15863347,31726694,31793033,66339
15861739,31723478,31789805,66327
15858301,31716602,31782922,66320
15857879,31715758,31782076,66318
15857787,31715574,31781888,66314
15856967,31713934,31780240,66306
15855183,31710366,31776664,66298
15854047,31708094,31774378,66284
15852175,31704350,31770634,66284
15851519,31703038,31769320,66282
15849385,31698770,31765043,66273
15848761,31697522,31763789,66267
15847935,31695870,31762135,66265
15846201,31692402,31758662,66260
15844539,31689078,31755331,66253
15844489,31688978,31755230,66252
15841771,31683542,31749779,66237
15837471,31674942,31741172,66230
15837181,31674362,31740581,66219
15835135,31670270,31736476,66206
15830887,31661774,31727968,66194
15828723,31657446,31723636,66190
15828383,31656766,31722946,66180
15828345,31656690,31722869,66179
15824111,31648222,31714382,66160
15823087,31646174,31712332,66158
15821695,31643390,31709539,66149
15818895,31637790,31703938,66148
15818751,31637502,31703642,66140
15815107,31630214,31696352,66138
15813035,31626070,31692194,66124
15811583,31623166,31689286,66120
15811467,31622934,31689053,66119
15809855,31619710,31685818,66108
15807579,31615158,31681250,66092
15805119,31610238,31676326,66088
15800673,31601346,31667426,66080
15800091,31600182,31666241,66059
15792743,31585486,31651540,66054
15792639,31585278,31651307,66029
15789467,31578934,31644958,66024
15788809,31577618,31643636,66018
15786543,31573086,31639090,66004
15782911,31565822,31631812,65990
15782567,31565134,31631123,65989
15781355,31562710,31628698,65988
15780947,31561894,31627880,65986
15779839,31559678,31625660,65982
15779099,31558198,31624172,65974
15775133,31550266,31616228,65962
15768887,31537774,31603729,65955
15768687,31537374,31603321,65947
15767113,31534226,31600154,65928
15765551,31531102,31597021,65919
15763903,31527806,31593724,65918
15757991,31515982,31581875,65893
15756855,31513710,31579589,65879
15754799,31509598,31575472,65874
15754617,31509234,31575106,65872
15751967,31503934,31569794,65860
15748255,31496510,31562354,65844
15747449,31494898,31560740,65842
15745919,31491838,31557674,65836
15743097,31486194,31552019,65825
15741343,31482686,31548503,65817
15740415,31480830,31546640,65810
15737743,31475486,31541296,65810
15736527,31473054,31538860,65806
15736063,31472126,31537924,65798
15732713,31465426,31531216,65790
15731867,31463734,31529513,65779
15730783,31461566,31527344,65778
15730155,31460310,31526086,65776
15729755,31459510,31525280,65770
15729577,31459154,31524920,65766
15727593,31455186,31520944,65758
15722599,31445198,31510936,65738
15719527,31439054,31504783,65729
15719423,31438846,31504571,65725
15714943,31429886,31495594,65708
15713619,31427238,31492937,65699
15711643,31423286,31488983,65697
15710377,31420754,31486445,65691
15709887,31419774,31485460,65686
15709287,31418574,31484258,65684
15706793,31413586,31479268,65682
15705727,31411454,31477130,65676
15702495,31404990,31470658,65668
15701319,31402638,31468286,65648
15698971,31397942,31463579,65637
15695599,31391198,31456834,65636
15693039,31386078,31451689,65611
15690735,31381470,31447078,65608
15689801,31379602,31445206,65604
15688447,31376894,31442492,65598
15686425,31372850,31438444,65594
15685327,31370654,31436242,65588
15683055,31366110,31431689,65579
15679103,31358206,31423774,65568
15678877,31357754,31423318,65564
15675951,31351902,31417450,65548
15674377,31348754,31414301,65547
15673599,31347198,31412731,65533
15672767,31345534,31411060,65526
15670511,31341022,31406548,65526
15669979,31339958,31405477,65519
15667943,31335886,31401400,65514
15664687,31329374,31394870,65496
15663241,31326482,31391974,65492
15661921,31323842,31389334,65492
15660607,31321214,31386703,65489
15660371,31320742,31386218,65476
15659007,31318014,31383481,65467
15654891,31309782,31375244,65462
15654559,31309118,31374580,65462
15650941,31301882,31367330,65448
15647515,31295030,31360451,65421
15646875,31293750,31359170,65420
15641569,31283138,31348549,65411
15639583,31279166,31344563,65397
15638527,31277054,31342444,65390
15636009,31272018,31337402,65384
15634783,31269566,31334944,65378
15634279,31268558,31333936,65378
15632713,31265426,31330795,65369
15632505,31265010,31330373,65363
15631643,31263286,31328644,65358
15629651,31259302,31324660,65358
15629479,31258958,31324310,65352
15629423,31258846,31324198,65352
15628071,31256142,31321492,65350
15627263,31254526,31319864,65338
15625455,31250910,31316240,65330
15621991,31243982,31309307,65325
15619455,31238910,31304213,65303
15618231,31236462,31301762,65300
15615999,31231998,31297288,65290
15611769,31223538,31288817,65279
15610523,31221046,31286314,65268
15607455,31214910,31280164,65254
15603017,31206034,31271278,65244
15602623,31205246,31270486,65240
15601577,31203154,31268386,65232
15601207,31202414,31267646,65232
15599463,31198926,31264157,65231
15597567,31195134,31260347,65213
15593427,31186854,31252054,65200
15592703,31185406,31250600,65194
15592105,31184210,31249402,65192
15591903,31183806,31248995,65189
15586235,31172470,31237645,65175
15584415,31168830,31234004,65174
15582073,31164146,31229314,65168
15580957,31161914,31227079,65165
15580641,31161282,31226434,65152
15580575,31161150,31226294,65144
15577087,31154174,31219303,65129
15570559,31141118,31206244,65126
15570319,31140638,31205762,65124
15569017,31138034,31203142,65108
15567807,31135614,31200712,65098
15566619,31133238,31198322,65084
15562009,31124018,31189090,65072
15559103,31118206,31183256,65050
15555567,31111134,31176178,65044
15552543,31105086,31170130,65044
15551657,31103314,31168358,65044
15548975,31097950,31162970,65020
15548527,31097054,31162063,65009
15546527,31093054,31158058,65004
15545023,31090046,31155046,65000
15544167,31088334,31153328,64994
15541985,31083970,31148963,64993
15541225,31082450,31147436,64986
15539783,31079566,31144544,64978
15538685,31077370,31142341,64971
15538503,31077006,31141975,64969
15535401,31070802,31135765,64963
15534457,31068914,31133864,64950
15533851,31067702,31132649,64947
15531119,31062238,31127174,64936
15529097,31058194,31123127,64933
15528959,31057918,31122847,64929
15528095,31056190,31121116,64926
15527783,31055566,31120487,64921
15527039,31054078,31118998,64920
15526367,31052734,31117652,64918
15524895,31049790,31114702,64912
15521191,31042382,31107280,64898
15521151,31042302,31107197,64895
15516953,31033906,31098796,64890
15516027,31032054,31096943,64889
15515987,31031974,31096862,64888
15514859,31029718,31094590,64872
15513759,31027518,31092388,64870
15511655,31023310,31088167,64857
15508745,31017490,31082344,64854
15508507,31017014,31081858,64844
15507199,31014398,31079233,64835
15502599,31005198,31070020,64822
15499453,30998906,31063718,64812
15496639,30993278,31058068,64790
15492607,30985214,31049999,64785
15489115,30978230,31042997,64767
15486751,30973502,31038268,64766
15486177,30972354,31037120,64766
15485865,30971730,31036492,64762
15484927,30969854,31034609,64755
15484383,30968766,31033520,64754
15484187,30968374,31033120,64746
15480319,30960638,31025363,64725
15478511,30957022,31021736,64714
15475951,30951902,31016614,64712
15475679,30951358,31016063,64705
15469863,30939726,31004422,64696
15469819,30939638,31004318,64680
15466793,30933586,30998266,64680
15465983,30931966,30996634,64668
15463977,30927954,30992608,64654
15462057,30924114,30988768,64654
15461375,30922750,30987400,64650
15461119,30922238,30986887,64649
15459465,30918930,30983567,64637
15458303,30916606,30981238,64632
15457775,30915550,30980179,64629
15453167,30906334,30970948,64614
15451551,30903102,30967708,64606
15449727,30899454,30964052,64598
15449323,30898646,30963242,64596
15447143,30894286,30958882,64596
15446015,30892030,30956608,64578
15443583,30887166,30951740,64574
15441663,30883326,30947885,64559
15438495,30876990,30941540,64550
15436647,30873294,30937835,64541
15435519,30871038,30935578,64540
15429545,30859090,30923620,64530
15428095,30856190,30920704,64514
15425563,30851126,30915622,64496
15423967,30847934,30912425,64491
15421935,30843870,30908356,64486
15419599,30839198,30903677,64479
15419391,30838782,30903248,64466
15411881,30823762,30888202,64440
15409895,30819790,30884222,64432
15409599,30819198,30883627,64429
15405223,30810446,30874855,64409
15402835,30805670,30870073,64403
15402267,30804534,30868937,64403
15399849,30799698,30864088,64390
15399423,30798846,30863230,64384
15398047,30796094,30860471,64377
15395593,30791186,30855562,64376
15391743,30783486,30847841,64355
15390699,30781398,30845752,64354
15388841,30777682,30842024,64342
15385257,30770514,30834842,64328
15381447,30762894,30827212,64318
15379995,30759990,30824300,64310
15379113,30758226,30822532,64306
15375873,30751746,30816052,64306
15375663,30751326,30815620,64294
15375343,30750686,30814978,64292
15375131,30750262,30814546,64284
15372009,30744018,30808295,64277
15370771,30741542,30805819,64277
15368987,30737974,30802235,64261
15367423,30734846,30799102,64256
15365863,30731726,30795970,64244
15363823,30727646,30791882,64236
15361211,30722422,30786649,64227
15355183,30710366,30774568,64202
15350959,30701918,30766108,64190
15350043,30700086,30764272,64186
15349919,30699838,30764015,64177
15349759,30699518,30763694,64176
15348463,30696926,30761099,64173
15347625,30695250,30759418,64168
15346303,30692606,30756767,64161
15345663,30691326,30755485,64159
15344367,30688734,30752890,64156
15341439,30682878,30747022,64144
15337575,30675150,30739283,64133
15334057,30668114,30732236,64122
15333373,30666746,30730858,64112
15330043,30660086,30724184,64098
15328703,30657406,30721498,64092
15326847,30653694,30717778,64084
15324801,30649602,30713686,64084
15321791,30643582,30707666,64084
15320559,30641118,30705176,64058
15319323,30638646,30702701,64055
15318699,30637398,30701450,64052
15318329,30636658,30700706,64048
15314367,30628734,30692770,64036
15312047,30624094,30688126,64032
15311599,30623198,30687226,64028
15311207,30622414,30686438,64024
15311131,30622262,30686285,64023
15311099,30622198,30686215,64017
15309823,30619646,30683653,64007
15307419,30614838,30678838,64000
15306395,30612790,30676787,63997
15303401,30606802,30670786,63984
15303359,30606718,30670702,63984
15299483,30598966,30662950,63984
15298879,30597758,30661739,63981
15298727,30597454,30661433,63979
15297775,30595550,30659524,63974
15296511,30593022,30656987,63965
15293705,30587410,30651365,63955
15292325,30584650,30648604,63954
15291731,30583462,30647398,63936
15287937,30575874,30639800,63926
15286697,30573394,30637318,63924
15286271,30572542,30636451,63909
15283943,30567886,30631790,63904
15281063,30562126,30626026,63900
15280297,30560594,30624493,63899
15278107,30556214,30620099,63885
15275943,30551886,30615758,63872
15275775,30551550,30615421,63871
15273727,30547454,30611321,63867
15273711,30547422,30611284,63862
15272937,30545874,30609736,63862
15272351,30544702,30608558,63856
15270527,30541054,30604900,63846
15268091,30536182,30600026,63844
15268027,30536054,30599896,63842
15265791,30531582,30595414,63832
15264487,30528974,30592804,63830
15263231,30526462,30590284,63822
15259177,30518354,30582154,63800
15258623,30517246,30581044,63798
15255323,30510646,30574442,63796
15254687,30509374,30573170,63796
15253927,30507854,30571648,63794
15253545,30507090,30570878,63788
15251615,30503230,30567010,63780
15250791,30501582,30565354,63772
15249897,30499794,30563561,63767
15249407,30498814,30562574,63760
15248367,30496734,30560494,63760
15245291,30490582,30554339,63757
15245287,30490574,30554324,63750
15242729,30485458,30549202,63744
15241015,30482030,30545768,63738
15240457,30480914,30544648,63734
15240295,30480590,30544316,63726
15239271,30478542,30542260,63718
15237545,30475090,30538799,63709
15234075,30468150,30531845,63695
15232681,30465362,30529055,63693
15229695,30459390,30523064,63674
15227631,30455262,30518936,63674
15226359,30452718,30516385,63667
15225247,30450494,30514156,63662
15224447,30448894,30512554,63660
15221929,30443858,30507511,63653
15219879,30439758,30503398,63640
15218407,30436814,30500444,63630
15217017,30434034,30497660,63626
15216681,30433362,30496988,63626
15214761,30429522,30493145,63623
15214057,30428114,30491731,63617
15213111,30426222,30489832,63610
15211177,30422354,30485960,63606
15209755,30419510,30483106,63596
15208615,30417230,30480820,63590
15206911,30413822,30477401,63579
15204799,30409598,30473174,63576
15203071,30406142,30469709,63567
15202281,30404562,30468128,63566
15200959,30401918,30465476,63558
15198847,30397694,30461240,63546
15194831,30389662,30453194,63532
15192935,30385870,30449396,63526
15192863,30385726,30449252,63526
15189023,30378046,30441562,63516
15188927,30377854,30441359,63505
15185567,30371134,30434624,63490
15181671,30363342,30426820,63478
15180927,30361854,30425332,63478
15179935,30359870,30423347,63477
15179291,30358582,30422045,63463
15175983,30351966,30415429,63463
15175583,30351166,30414614,63448
15171695,30343390,30406832,63442
15170217,30340434,30403864,63430
15167145,30334290,30397706,63416
15166703,30333406,30396820,63414
15163895,30327790,30391193,63403
15163423,30326846,30390248,63402
15158575,30317150,30380534,63384
15156351,30312702,30376073,63371
15153819,30307638,30371002,63364
15152967,30305934,30369292,63358
15149711,30299422,30362764,63342
15145295,30290590,30353926,63336
15144937,30289874,30353195,63321
15138473,30276946,30340241,63295
15136083,30272166,30335458,63292
15135215,30270430,30333710,63280
15133031,30266062,30329336,63274
15131495,30262990,30326264,63274
15130907,30261814,30325079,63265
15129001,30258002,30321263,63261
15123423,30246846,30310090,63244
15123175,30246350,30309592,63242
15122487,30244974,30308206,63232
15121481,30242962,30306193,63231
15120543,30241086,30304304,63218
15118495,30236990,30300208,63218
15117803,30235606,30298817,63211
15114921,30229842,30293038,63196
15112619,30225238,30288431,63193
15109375,30218750,30281930,63180
15108423,30216846,30280013,63167
15105287,30210574,30273736,63162
15104159,30208318,30271480,63162
15102943,30205886,30269042,63156
15102111,30204222,30267364,63142
15100809,30201618,30264758,63140
15099177,30198354,30261494,63140
15098523,30197046,30260182,63136
15098495,30196990,30260122,63132
15098415,30196830,30259960,63130
15096603,30193206,30256328,63122
15094363,30188726,30251836,63110
15092391,30184782,30247889,63107
15090791,30181582,30244681,63099
15090367,30180734,30243832,63098
15088639,30177278,30240368,63090
15085727,30171454,30234526,63072
15081633,30163266,30226336,63070
15080543,30161086,30224144,63058
15079751,30159502,30222557,63055
15078247,30156494,30219545,63051
15077345,30154690,30217732,63042
15075383,30150766,30213803,63037
15074459,30148918,30211955,63037
15070639,30141278,30204304,63026
15069367,30138734,30201748,63014
15069183,30138366,30201370,63004
15067689,30135378,30198382,63004
15067495,30134990,30197990,63000
15066671,30133342,30196336,62994
15063713,30127426,30190414,62988
15063095,30126190,30189172,62982
15061151,30122302,30185284,62982
15059047,30118094,30181076,62982
15057919,30115838,30178808,62970
15057343,30114686,30177643,62957
15056285,30112570,30175526,62956
15052769,30105538,30168478,62940
15050087,30100174,30163105,62931
15047789,30095578,30158500,62922
15043943,30087886,30150790,62904
15040169,30080338,30143222,62884
15038377,30076754,30139636,62882
15037307,30074614,30137488,62874
15036655,30073310,30136178,62868
15034431,30068862,30131722,62860
15033983,30067966,30130823,62857
15030699,30061398,30124246,62848
15029711,30059422,30122270,62848
15027691,30055382,30118220,62838
15027503,30055006,30117838,62832
15026089,30052178,30115001,62823
15021851,30043702,30106511,62809
15018223,30036446,30099239,62793
15013659,30027318,30090089,62771
15008751,30017502,30080266,62764
15005055,30010110,30072850,62740
15003515,30007030,30069767,62737
15003135,30006270,30068998,62728
15000459,30000918,30063637,62719
14999835,29999670,30062387,62717
14995663,29991326,30054025,62699
14994409,29988818,30051512,62694
14990491,29980982,30043661,62679
14988779,29977558,30040234,62676
14987659,29975318,30037990,62672
14987035,29974070,30036742,62672
14985535,29971070,30033728,62658
14983033,29966066,30028724,62658
14982399,29964798,30027449,62651
14981639,29963278,30025927,62649
14980649,29961298,30023944,62646
14978283,29956566,30019198,62632
14976681,29953362,30015982,62620
14972207,29944414,30007024,62610
14971063,29942126,30004721,62595
14968119,29936238,29998829,62591
14968073,29936146,29998736,62590
14964507,29929014,29991586,62572
14960639,29921278,29983828,62550
14955859,29911718,29974264,62546
14954465,29908930,29971468,62538
14953247,29906494,29969026,62532
14952031,29904062,29966593,62531
14951081,29902162,29964674,62512
14950651,29901302,29963812,62510
14949147,29898294,29960800,62506
14947775,29895550,29958052,62502
14944633,29889266,29951752,62486
14941293,29882586,29945068,62482
14940669,29881338,29943809,62471
14940655,29881310,29943776,62466
14937727,29875454,29937908,62454
14934259,29868518,29930965,62447
14932079,29864158,29926604,62446
14931711,29863422,29925854,62432
14930399,29860798,29923222,62424
14929391,29858782,29921203,62421
14927827,29855654,29918074,62420
14927463,29854926,29917336,62410
14920831,29841662,29904064,62402
14920729,29841458,29903854,62396
14919593,29839186,29901571,62385
14917161,29834322,29896702,62380
14916191,29832382,29894758,62376
14914747,29829494,29891866,62372
14913999,29827998,29890367,62369
14913787,29827574,29889935,62361
14911939,29823878,29886236,62358
14910431,29820862,29883208,62346
14909599,29819198,29881538,62340
14908201,29816402,29878742,62340
14908111,29816222,29878555,62333
14903977,29807954,29870279,62325
14901807,29803614,29865922,62308
14901607,29803214,29865521,62307
14900479,29800958,29863261,62303
14896071,29792142,29854433,62291
14895481,29790962,29853250,62288
14894049,29788098,29850373,62275
14893055,29786110,29848382,62272
14889851,29779702,29841965,62263
14888807,29777614,29839873,62259
14888127,29776254,29838503,62249
14887743,29775486,29837735,62249
14885695,29771390,29833636,62246
14885115,29770230,29832466,62236
14883519,29767038,29829274,62236
14882687,29765374,29827606,62232
14882407,29764814,29827042,62228
14877561,29755122,29817335,62213
14874943,29749886,29812078,62192
14873279,29746558,29808746,62188
14867199,29734398,29796578,62180
14866597,29733194,29795369,62175
14866287,29732574,29794736,62162
14863215,29726430,29788580,62150
14862075,29724150,29786300,62150
14859775,29719550,29781677,62127
14856351,29712702,29774818,62116
14854655,29709310,29771414,62104
14850855,29701710,29763808,62098
14850375,29700750,29762839,62089
14848339,29696678,29758762,62084
14844071,29688142,29750210,62068
14841983,29683966,29746025,62059
14841335,29682670,29744728,62058
14839423,29678846,29740891,62045
14837001,29674002,29736044,62042
14833023,29666046,29728063,62017
14830831,29661662,29723672,62010
14827065,29654130,29716139,62009
14826495,29652990,29714984,61994
14825897,29651794,29713783,61989
14821823,29643646,29705620,61974
14817447,29634894,29696863,61969
14817043,29634086,29696041,61955
14814535,29629070,29691011,61941
14810907,29621814,29683741,61927
14810879,29621758,29683685,61927
14809895,29619790,29681714,61924
14807997,29615994,29677918,61924
14807359,29614718,29676634,61916
14807279,29614558,29676467,61909
14802879,29605758,29667658,61900
14801003,29602006,29663896,61890
14798751,29597502,29659378,61876
14795689,29591378,29653252,61874
14794267,29588534,29650400,61866
14791209,29582418,29644270,61852
14790815,29581630,29643469,61839
14788681,29577362,29639200,61838
14786975,29573950,29635783,61833
14785535,29571070,29632894,61824
14784367,29568734,29630555,61821
14783713,29567426,29629240,61814
14783355,29566710,29628524,61814
14782311,29564622,29626426,61804
14781307,29562614,29624416,61802
14778331,29556662,29618455,61793
14776767,29553534,29615314,61780
14775455,29550910,29612686,61776
14774591,29549182,29610955,61773
14771759,29543518,29605279,61761
14770687,29541374,29603134,61760
14770495,29540990,29602750,61760
14769407,29538814,29600566,61752
14767443,29534886,29596634,61748
14766919,29533838,29595581,61743
14765623,29531246,29592989,61743
14762639,29525278,29587012,61734
14759711,29519422,29581139,61717
14758303,29516606,29578309,61703
14757119,29514238,29575937,61699
14756603,29513206,29574905,61699
14755815,29511630,29573327,61697
14752311,29504622,29566316,61694
14752137,29504274,29565965,61691
14751527,29503054,29564732,61678
14748025,29496050,29557714,61664
14746451,29492902,29554559,61657
14742463,29484926,29546567,61641
14742175,29484350,29545991,61641
14740511,29481022,29542657,61635
14739867,29479734,29541364,61630
14737773,29475546,29537176,61630
14737115,29474230,29535860,61630
14734111,29468222,29529832,61610
14730879,29461758,29523364,61606
14728985,29457970,29519566,61596
14727899,29455798,29517392,61594
14727835,29455670,29517250,61580
14726719,29453438,29515012,61574
14723903,29447806,29509379,61573
14723753,29447506,29509066,61560
14720329,29440658,29502215,61557
14720111,29440222,29501768,61546
14719977,29439954,29501498,61544
14719151,29438302,29499844,61542
14717247,29434494,29496028,61534
14713703,29427406,29488940,61534
14713055,29426110,29487638,61528
14712957,29425914,29487439,61525
14712375,29424750,29486267,61517
14709503,29419006,29480507,61501
14708031,29416062,29477555,61493
14705307,29410614,29472103,61489
14703855,29407710,29469190,61480
14700315,29400630,29462110,61480
14700063,29400126,29461594,61468
14699967,29399934,29461396,61462
14695403,29390806,29452261,61455
14693887,29387774,29449222,61448
14692511,29385022,29446451,61429
14689435,29378870,29440297,61427
14685511,29371022,29432423,61401
14684367,29368734,29430134,61400
14682779,29365558,29426951,61393
14680063,29360126,29421502,61376
14677331,29354662,29416030,61368
14674415,29348830,29410184,61354
14673455,29346910,29408258,61348
14672097,29344194,29405539,61345
14669139,29338278,29399614,61336
14668847,29337694,29399030,61336
14667679,29335358,29396684,61326
14667455,29334910,29396236,61326
14665697,29331394,29392714,61320
14660847,29321694,29383010,61316
14658217,29316434,29377727,61293
14655183,29310366,29371648,61282
14654699,29309398,29370680,61282
14653609,29307218,29368489,61271
14651871,29303742,29365004,61262
14651643,29303286,29364545,61259
14647231,29294462,29355716,61254
14647137,29294274,29355520,61246
14646153,29292306,29353549,61243
14645659,29291318,29352557,61239
14643753,29287506,29348734,61228
14642023,29284046,29345267,61221
14638847,29277694,29338900,61206
14635005,29270010,29331209,61199
14632959,29265918,29327110,61192
14631849,29263698,29324878,61180
14627995,29255990,29317157,61167
14626911,29253822,29314984,61162
14625801,29251602,29312759,61157
14624183,29248366,29309519,61153
14622717,29245434,29306585,61151
14622567,29245134,29306269,61135
14620443,29240886,29302019,61133
14617179,29234358,29295484,61126
14616043,29232086,29293198,61112
14612701,29225402,29286512,61110
14612223,29224446,29285549,61103
14611135,29222270,29283358,61088
14607273,29214546,29275627,61081
14606223,29212446,29273519,61073
14603767,29207534,29268596,61062
14603131,29206262,29267324,61062
14602209,29204418,29265478,61060
14601343,29202686,29263739,61053
14600191,29200382,29261429,61047
14594557,29189114,29250146,61032
14591771,29183542,29244557,61015
14589951,29179902,29240902,61000
14585703,29171406,29232400,60994
14585247,29170494,29231486,60992
14584815,29169630,29230618,60988
14584135,29168270,29229250,60980
14583977,29167954,29228930,60976
14582491,29164982,29225954,60972
14581759,29163518,29224489,60971
14581151,29162302,29223268,60966
14576521,29153042,29213993,60951
14573679,29147358,29208293,60935
14570235,29140470,29201393,60923
14567423,29134846,29195752,60906
14566847,29133694,29194600,60906
14562431,29124862,29185748,60886
14559847,29119694,29180578,60884
14558623,29117246,29178124,60878
14557675,29115350,29176226,60876
14557281,29114562,29175437,60875
14553883,29107766,29168638,60872
14553599,29107198,29168050,60852
14550953,29101906,29162747,60841
14549369,29098738,29159579,60841
14548991,29097982,29158811,60829
14547195,29094390,29155216,60826
14546473,29092946,29153764,60818
14544893,29089786,29150600,60814
14543871,29087742,29148554,60812
14540447,29080894,29141692,60798
14539495,29078990,29139779,60789
14536815,29073630,29134417,60787
14534287,29068574,29129350,60776
14531839,29063678,29124443,60765
14529129,29058258,29119018,60760
14528831,29057662,29118410,60748
14526235,29052470,29113208,60738
14524863,29049726,29110457,60731
14523559,29047118,29107846,60728
14520489,29040978,29101690,60712
14518497,29036994,29097697,60703
14515967,29031934,29092625,60691
14515337,29030674,29091364,60690
14513387,29026774,29087458,60684
14511007,29022014,29082688,60674
14510633,29021266,29081938,60672
14509711,29019422,29080090,60668
14508199,29016398,29077060,60662
14506543,29013086,29073748,60662
14505499,29010998,29071660,60662
14504577,29009154,29069806,60652
14503561,29007122,29067766,60644
14502727,29005454,29066096,60642
14500479,29000958,29061592,60634
14497791,28995582,29056210,60628
14496383,28992766,29053384,60618
14493159,28986318,29046923,60605
14491983,28983966,29044558,60592
14488375,28976750,29037332,60582
14482623,28965246,29025814,60568
14482463,28964926,29025479,60553
14481567,28963134,29023684,60550
14480383,28960766,29021309,60543
14476739,28953478,29014013,60535
14475967,28951934,29012462,60528
14473641,28947282,29007808,60526
14472703,28945406,29005916,60510
14470811,28941622,29002130,60508
14470175,28940350,29000852,60502
14467961,28935922,28996420,60498
14464137,28928274,28988749,60475
14463167,28926334,28986805,60471
14460783,28921566,28982033,60467
14460351,28920702,28981168,60466
14459291,28918582,28979041,60459
14456575,28913150,28973608,60458
14455743,28911486,28971938,60452
14455271,28910542,28970984,60442
14453737,28907474,28967915,60441
14453147,28906294,28966727,60433
14452799,28905598,28966025,60427
14450459,28900918,28961335,60417
14448063,28896126,28956538,60412
14446287,28892574,28952984,60410
14444415,28888830,28949228,60398
14444391,28888782,28949177,60395
14444159,28888318,28948711,60393
14441263,28882526,28942913,60387
14440959,28881918,28942298,60380
14440191,28880382,28940758,60376
14436335,28872670,28933043,60373
14434971,28869942,28930298,60356
14434471,28868942,28929293,60351
14430447,28860894,28921228,60334
14427627,28855254,28915582,60328
14424831,28849662,28909973,60311
14424391,28848782,28909091,60309
14420951,28841902,28902203,60301
14418911,28837822,28898111,60289
14417919,28835838,28896116,60278
14410319,28820638,28880908,60270
14405913,28811826,28872076,60250
14404777,28809554,28869803,60249
14404691,28809382,28869622,60240
14402975,28805950,28866172,60222
14401463,28802926,28863146,60220
14400871,28801742,28861954,60212
14395769,28791538,28851730,60192
14395369,28790738,28850930,60192
14390687,28781374,28841560,60186
14390599,28781198,28841372,60174
14389075,28778150,28838320,60170
14388383,28776766,28836922,60156
14386431,28772862,28833016,60154
14384235,28768470,28828613,60143
14383195,28766390,28826528,60138
14383135,28766270,28826408,60138
14382407,28764814,28824950,60136
14379561,28759122,28819246,60124
14379471,28758942,28819066,60124
14379119,28758238,28818358,60120
14378623,28757246,28817365,60119
14375549,28751098,28811213,60115
14374113,28748226,28808327,60101
14373919,28747838,28807936,60098
14371327,28742654,28802738,60084
14370687,28741374,28801457,60083
14366329,28732658,28792738,60080
14365439,28730878,28790944,60066
14365049,28730098,28790162,60064
14361559,28723118,28783178,60060
14360703,28721406,28781452,60046
14360383,28720766,28780810,60044
14358975,28717950,28777990,60040
14356457,28712914,28772944,60030
14355439,28710878,28770902,60024
14353693,28707386,28767410,60024
14352783,28705566,28765586,60020
14351017,28702034,28762040,60006
14350495,28700990,28760993,60003
14349183,28698366,28758364,59998
14347903,28695806,28755796,59990
14347247,28694494,28754480,59986
14344511,28689022,28748998,59976
14341791,28683582,28743545,59963
14337515,28675030,28734976,59946
14333569,28667138,28727081,59943
14333353,28666706,28726649,59943
14332759,28665518,28725461,59943
14332543,28665086,28725020,59934
14332423,28664846,28724780,59934
14330611,28661222,28721146,59924
14326239,28652478,28712393,59915
14325715,28651430,28711340,59910
14324129,28648258,28708168,59910
14324031,28648062,28707965,59903
14323329,28646658,28706555,59897
14320381,28640762,28700654,59892
14320283,28640566,28700446,59880
14319359,28638718,28698586,59868
14317097,28634194,28694056,59862
14316287,28632574,28692431,59857
14315113,28630226,28690082,59856
14313983,28627966,28687822,59856
14312555,28625110,28684961,59851
14310713,28621426,28681270,59844
14308729,28617458,28677287,59829
14308511,28617022,28676845,59823
14306331,28612662,28672481,59819
14305455,28610910,28670723,59813
14304283,28608566,28668377,59811
14301049,28602098,28661902,59804
14299081,28598162,28657966,59804
14298761,28597522,28657309,59787
14297791,28595582,28655365,59783
14295783,28591566,28651336,59770
14291159,28582318,28642085,59767
14289791,28579582,28639328,59746
14286391,28572782,28632514,59732
14285227,28570454,28630184,59730
14283647,28567294,28627019,59725
14281023,28562046,28621759,59713
14280943,28561886,28621594,59708
14276203,28552406,28612114,59708
14275823,28551646,28611346,59700
14274255,28548510,28608208,59698
14274025,28548050,28607737,59687
14273007,28546014,28605692,59678
14271371,28542742,28602416,59674
14267423,28534846,28594502,59656
14266095,28532190,28591846,59656
14264731,28529462,28589105,59643
14263623,28527246,28586885,59639
14263323,28526646,28586284,59638
14261019,28522038,28581664,59626
14256041,28512082,28571701,59619
14255519,28511038,28570642,59604
14253673,28507346,28566944,59598
14253053,28506106,28565704,59598
14252459,28504918,28564510,59592
14249455,28498910,28558496,59586
14246505,28493010,28552588,59578
14246151,28492302,28551868,59566
14245025,28490050,28549612,59562
14244393,28488786,28548346,59560
14241619,28483238,28542788,59550
14240311,28480622,28540168,59546
14237375,28474750,28534288,59538
14236157,28472314,28531840,59526
14233711,28467422,28526933,59511
14231287,28462574,28522084,59510
14229743,28459486,28518986,59500
14228971,28457942,28517434,59492
14227311,28454622,28514110,59488
14224875,28449750,28509232,59482
14222619,28445238,28504708,59470
14222439,28444878,28504342,59464
14220855,28441710,28501174,59464
14218983,28437966,28497415,59449
14215527,28431054,28490491,59437
14214747,28429494,28488928,59434
14214027,28428054,28487485,59431
14212407,28424814,28484243,59429
14210047,28420094,28479509,59415
14207487,28414974,28474382,59408
14207419,28414838,28474244,59406
14206747,28413494,28472894,59400
14204519,28409038,28468427,59389
14202623,28405246,28464628,59382
14198697,28397394,28456766,59372
14197161,28394322,28453690,59368
14196479,28392958,28452316,59358
14192959,28385918,28445263,59345
14192777,28385554,28444898,59344
14191899,28383798,28443140,59342
14188969,28377938,28437277,59339
14188457,28376914,28436246,59332
14187627,28375254,28434586,59332
14183529,28367058,28426390,59332
14182463,28364926,28424236,59310
14179603,28359206,28418516,59310
14178151,28356302,28415590,59288
14175471,28350942,28410223,59281
14174491,28348982,28408259,59277
14172367,28344734,28403993,59259
14170025,28340050,28399306,59256
14169775,28339550,28398802,59252
14169223,28338446,28397693,59247
14167911,28335822,28395058,59236
14166719,28333438,28392668,59230
14165631,28331262,28390490,59228
14163081,28326162,28385386,59224
14163039,28326078,28385302,59224
14162215,28324430,28383652,59222
14159261,28318522,28377736,59214
14158831,28317662,28376872,59210
14158491,28316982,28376189,59207
14158049,28316098,28375300,59202
14156961,28313922,28373116,59194
14156447,28312894,28372088,59194
14154695,28309390,28368580,59190
14151999,28303998,28363169,59171
14150271,28300542,28359703,59161
14145079,28290158,28349302,59144
14142183,28284366,28343506,59140
14138603,28277206,28336337,59131
14137983,28275966,28335094,59128
14137551,28275102,28334218,59116
14137115,28274230,28333343,59113
14134555,28269110,28328218,59108
14134399,28268798,28327892,59094
14131169,28262338,28321427,59089
14129833,28259666,28318744,59078
14129643,28259286,28318364,59078
14129321,28258642,28317716,59074
14122599,28245198,28304248,59050
14122087,28244174,28303222,59048
14121641,28243282,28302323,59041
14119095,28238190,28297228,59038
14118015,28236030,28295057,59027
14117023,28234046,28293071,59025
14115571,28231142,28290166,59024
14115303,28230606,28289623,59017
14113263,28226526,28285537,59011
14108443,28216886,28275884,58998
14107361,28214722,28273718,58996
14106623,28213246,28272239,58993
14105737,28211474,28270462,58988
14103945,28207890,28266874,58984
14103231,28206462,28265434,58972
14102363,28204726,28263698,58972
14100751,28201502,28260473,58971
14098879,28197758,28256710,58952
14097855,28195710,28254653,58943
14095081,28190162,28249100,58938
14094503,28189006,28247942,58936
14093495,28186990,28245923,58933
14092285,28184570,28243499,58929
14092191,28184382,28243304,58922
14090559,28181118,28240031,58913
14087787,28175574,28234478,58904
14084839,28169678,28228571,58893
14084455,28168910,28227797,58887
14080427,28160854,28219732,58878
14078655,28157310,28216181,58871
14077495,28154990,28213849,58859
14075775,28151550,28210408,58858
14074343,28148686,28207538,58852
14073855,28147710,28206556,58846
14071899,28143798,28202636,58838
14071343,28142686,28201519,58833
14070079,28140158,28198984,58826
14069673,28139346,28198172,58826
14066971,28133942,28192756,58814
14063209,28126418,28185232,58814
14061239,28122478,28181276,58798
14061111,28122222,28181014,58792
14059497,28118994,28177786,58792
14058779,28117558,28176340,58782
14058175,28116350,28175128,58778
14057471,28114942,28173716,58774
14056091,28112182,28170952,58770
14053203,28106406,28165171,58765
14052179,28104358,28163123,58765
14051439,28102878,28161634,58756
14050771,28101542,28160293,58751
14045679,28091358,28150090,58732
14042751,28085502,28144216,58714
14042143,28084286,28142998,58712
14041119,28082238,28140949,58711
14039113,28078226,28136936,58710
14038703,28077406,28136110,58704
14037151,28074302,28132994,58692
14036839,28073678,28132366,58688
14034411,28068822,28127507,58685
14033639,28067278,28125958,58680
14032639,28065278,28123955,58677
14031615,28063230,28121903,58673
14030271,28060542,28119203,58661
14027871,28055742,28114396,58654
14027039,28054078,28112725,58647
14024447,28048894,28107529,58635
14023151,28046302,28104932,58630
14020607,28041214,28099834,58620
14020223,28040446,28099064,58618
14015807,28031614,28090223,58609
14015211,28030422,28089025,58603
14010733,28021466,28080058,58592
14010121,28020242,28078832,58590
14009503,28019006,28077596,58590
14008489,28016978,28075562,58584
14007103,28014206,28072777,58571
14007015,28014030,28072600,58570
14004827,28009654,28068221,58567
14003375,28006750,28065310,58560
14002427,28004854,28063402,58548
14002303,28004606,28063154,58548
13999103,27998206,28056739,58533
13997193,27994386,28052912,58526
13996371,27992742,28051265,58523
13991659,27983318,28041835,58517
13991479,27982958,28041457,58499
13988967,27977934,28036424,58490
13987611,27975222,28033708,58486
13987243,27974486,28032970,58484
13984255,27968510,28026977,58467
13982703,27965406,28023868,58462
13979647,27959294,28017752,58458
13979343,27958686,28017136,58450
13977371,27954742,28013188,58446
13976815,27953630,28012072,58442
13975231,27950462,28008893,58431
13972815,27945630,28004057,58427
13971369,27942738,28001152,58414
13968265,27936530,27994936,58406
13967007,27934014,27992416,58402
13966495,27932990,27991390,58400
13965817,27931634,27990031,58397
13964779,27929558,27987950,58392
13961981,27923962,27982343,58381
13960039,27920078,27978452,58374
13959015,27918030,27976391,58361
13957871,27915742,27974101,58359
13957497,27914994,27973351,58357
13954919,27909838,27968183,58345
13950255,27900510,27958850,58340
13949153,27898306,27956644,58338
13949087,27898174,27956512,58338
13948927,27897854,27956177,58323
13947535,27895070,27953392,58322
13946489,27892978,27951293,58315
13945711,27891422,27949732,58310
13945343,27890686,27948995,58309
13944991,27889982,27948287,58305
13939951,27879902,27938194,58292
13937903,27875806,27934082,58276
13936367,27872734,27931004,58270
13934591,27869182,27927443,58261
13932871,27865742,27923995,58253
13932087,27864174,27922427,58253
13930975,27861950,27920200,58250
13930121,27860242,27918488,58246
13929343,27858686,27916930,58244
13927583,27855166,27913409,58243
13926247,27852494,27910736,58242
13926127,27852254,27910481,58227
13923945,27847890,27906113,58223
13921707,27843414,27901628,58214
13920539,27841078,27899291,58213
13920347,27840694,27898906,58212
13919743,27839486,27897694,58208
13918263,27836526,27894730,58204
13916911,27833822,27892019,58197
13915295,27830590,27888779,58189
13915163,27830326,27888515,58189
13913451,27826902,27885082,58180
13912203,27824406,27882580,58174
13912119,27824238,27882407,58169
13908449,27816898,27875063,58165
13908207,27816414,27874570,58156
13905615,27811230,27869386,58156
13903263,27806526,27864670,58144
13902567,27805134,27863270,58136
13901935,27803870,27862001,58131
13901851,27803702,27861833,58131
13900583,27801166,27859297,58131
13900255,27800510,27858634,58124
13898991,27797982,27856102,58120
13898473,27796946,27855056,58110
13894793,27789586,27847682,58096
13891823,27783646,27841735,58089
13890899,27781798,27839878,58080
13888233,27776466,27834536,58070
13883897,27767794,27825851,58057
13883087,27766174,27824222,58048
13881551,27763102,27821146,58044
13879417,27758834,27816869,58035
13877887,27755774,27813797,58023
13873851,27747702,27805724,58022
13873823,27747646,27805655,58009
13872751,27745502,27803506,58004
13869551,27739102,27797098,57996
13868995,27737990,27795986,57996
13868735,27737470,27795460,57990
13868267,27736534,27794522,57988
13867739,27735478,27793462,57984
13864503,27729006,27786974,57968
13863239,27726478,27784444,57966
13862909,27725818,27783784,57966
13861567,27723134,27781096,57962
13860823,27721646,27779602,57956
13857983,27715966,27773921,57955
13857659,27715318,27773258,57940
13854431,27708862,27766795,57933
13853231,27706462,27764383,57921
13852351,27704702,27762619,57917
13848431,27696862,27754771,57909
13846635,27693270,27751168,57898
13846299,27692598,27750491,57893
13844991,27689982,27747872,57890
13842607,27685214,27743095,57881
13838791,27677582,27735452,57870
13834917,27669834,27727696,57862
13834559,27669118,27726968,57850
13831579,27663158,27720992,57834
13830057,27660114,27717947,57833
13828863,27657726,27715547,57821
13827375,27654750,27712570,57820
13825255,27650510,27708328,57818
13823335,27646670,27704470,57800
13821311,27642622,27700417,57795
13819135,27638270,27696050,57780
13816559,27633118,27690889,57771
13814271,27628542,27686312,57770
13811823,27623646,27681406,57760
13810173,27620346,27678095,57749
13808943,27617886,27675634,57748
13807657,27615314,27673049,57735
13806751,27613502,27671230,57728
13803519,27607038,27664753,57715
13802751,27605502,27663212,57710
13801213,27602426,27660134,57708
13798559,27597118,27654821,57703
13795823,27591646,27649336,57690
13792847,27585694,27643372,57678
13791835,27583670,27641338,57668
13790985,27581970,27639634,57664
13788413,27576826,27634484,57658
13786239,27572478,27630131,57653
13785791,27571582,27629225,57643
13785339,27570678,27628316,57638
13784575,27569150,27626788,57638
13782559,27565118,27622745,57627
13779839,27559678,27617300,57622
13779739,27559478,27617092,57614
13777291,27554582,27612193,57611
13774879,27549758,27607355,57597
13772015,27544030,27601612,57582
13768475,27536950,27594520,57570
13768019,27536038,27593608,57570
13765175,27530350,27587903,57553
13763263,27526526,27584072,57546
13763199,27526398,27583942,57544
13761875,27523750,27581290,57540
13757179,27514358,27571886,57528
13756585,27513170,27570698,57528
13756251,27512502,27570020,57518
13756063,27512126,27569641,57515
13753215,27506430,27563935,57505
13751635,27503270,27560767,57497
13749663,27499326,27556814,57488
13747539,27495078,27552562,57484
13747083,27494166,27551650,57484
13745129,27490258,27547742,57484
13744201,27488402,27545876,57474
13742735,27485470,27542942,57472
13742263,27484526,27541991,57465
13740713,27481426,27538877,57451
13738687,27477374,27534824,57450
13738475,27476950,27534392,57442
13734529,27469058,27526492,57434
13730793,27461586,27519004,57418
13725543,27451086,27508481,57395
13725311,27450622,27508012,57390
13725031,27450062,27507451,57389
13722807,27445614,27502996,57382
13721343,27442686,27500060,57374
13719295,27438590,27495956,57366
13718255,27436510,27493870,57360
13715809,27431618,27488968,57350
13712509,27425018,27482368,57350
13709383,27418766,27476086,57320
13704809,27409618,27466937,57319
13703911,27407822,27465136,57314
13702783,27405566,27462860,57294
13701111,27402222,27459512,57290
13701023,27402046,27459334,57288
13699449,27398898,27456178,57280
13697863,27395726,27453005,57279
13696559,27393118,27450394,57276
13695487,27390974,27448240,57266
13692063,27384126,27441376,57250
13688063,27376126,27433370,57244
13687935,27375870,27433102,57232
13684991,27369982,27427211,57229
13682667,27365334,27422549,57215
13681499,27362998,27420208,57210
13679081,27358162,27415370,57208
13679003,27358006,27415204,57198
13675681,27351362,27408547,57185
13674655,27349310,27406484,57174
13671263,27342526,27399700,57174
13666971,27333942,27391090,57148
13666783,27333566,27390706,57140
13663487,27326974,27384100,57126
13662207,27324414,27381536,57122
13659931,27319862,27376978,57116
13656971,27313942,27371045,57103
13656731,27313462,27370561,57099
13651135,27302270,27359368,57098
13650409,27300818,27357910,57092
13649051,27298102,27355171,57069
13648895,27297790,27354856,57066
13643935,27287870,27344915,57045
13642239,27284478,27341518,57040
13639679,27279358,27336392,57034
13638911,27277822,27334847,57025
13636833,27273666,27330685,57019
13634047,27268094,27325100,57006
13632359,27264718,27321715,56997
13629935,27259870,27316858,56988
13628727,27257454,27314437,56983
13625513,27251026,27307996,56970
13624255,27248510,27305476,56966
13622047,27244094,27301052,56958
13619199,27238398,27295352,56954
13618539,27237078,27294023,56945
13616623,27233246,27290177,56931
13615215,27230430,27287360,56930
13610087,27220174,27277084,56910
13609865,27219730,27276635,56905
13606655,27213310,27270199,56889
13602887,27205774,27262655,56881
13599995,27199990,27256871,56881
13599003,27198006,27254878,56872
13598491,27196982,27253847,56865
13597951,27195902,27252760,56858
13595391,27190782,27247630,56848
13594367,27188734,27245575,56841
13591899,27183798,27240638,56840
13591807,27183614,27240452,56838
13591487,27182974,27239804,56830
13589047,27178094,27234916,56822
13588175,27176350,27233170,56820
13585747,27171494,27228305,56811
13583167,27166334,27223132,56798
13582031,27164062,27220855,56793
13581727,27163454,27220246,56792
13580539,27161078,27217865,56787
13579007,27158014,27214792,56778
13578399,27156798,27213574,56776
13577023,27154046,27210815,56769
13575135,27150270,27207029,56759
13574887,27149774,27206533,56759
13573801,27147602,27204355,56753
13571579,27143158,27199906,56748
13571099,27142198,27198938,56740
13567847,27135694,27192424,56730
13566911,27133822,27190552,56730
13563219,27126438,27183148,56710
13560647,27121294,27178001,56707
13560287,27120574,27177281,56707
13559263,27118526,27175232,56706
13558399,27116798,27173500,56702
13557791,27115582,27172280,56698
13556991,27113982,27170674,56692
13555689,27111378,27168068,56690
13554687,27109374,27166054,56680
13554079,27108158,27164830,56672
13549563,27099126,27155780,56654
13547167,27094334,27150979,56645
13544687,27089374,27146014,56640
13543421,27086842,27143471,56629
13541375,27082750,27139367,56617
13540295,27080590,27137207,56617
13539487,27078974,27135587,56613
13537775,27075550,27132155,56605
13534075,27068150,27124753,56603
13534055,27068110,27124706,56596
13533409,27066818,27123407,56589
13532841,27065682,27122269,56587
13531647,27063294,27119879,56585
13530603,27061206,27117787,56581
13526687,27053374,27109942,56568
13526363,27052726,27109285,56559
13523711,27047422,27103970,56548
13522715,27045430,27101972,56542
13521647,27043294,27099832,56538
13521439,27042878,27099416,56538
13519999,27039998,27096524,56526
13516799,27033598,27090112,56514
13513855,27027710,27084215,56505
13511963,27023926,27080422,56496
13511337,27022674,27079168,56494
13510079,27020158,27076642,56484
13506683,27013366,27069844,56478
13504767,27009534,27066001,56467
13503571,27007142,27063605,56463
13501353,27002706,27059164,56458
13499631,26999262,27055714,56452
13498727,26997454,27053893,56439
13497341,26994682,27051121,56439
13495759,26991518,27047956,56438
13493275,26986550,27042974,56424
13492223,26984446,27040858,56412
13488967,26977934,27034337,56403
13485951,26971902,27028294,56392
13485083,26970166,27026554,56388
13484207,26968414,27024802,56388
13481513,26963026,27019394,56368
13479017,26958034,27014393,56359
13472567,26945134,27001474,56340
13468499,26936998,26993324,56326
13468315,26936630,26992948,56318
13466727,26933454,26989760,56306
13466409,26932818,26989123,56305
13464815,26929630,26985926,56296
13461503,26923006,26979298,56292
13458729,26917458,26973746,56288
13457567,26915134,26971420,56286
13457103,26914206,26970479,56273
13456091,26912182,26968445,56263
13454463,26908926,26965183,56257
13453419,26906838,26963093,56255
13451583,26903166,26959409,56243
13449695,26899390,26955625,56235
13443519,26887038,26943272,56234
13443239,26886478,26942704,56226
13443041,26886082,26942300,56218
13442209,26884418,26940626,56208
13439311,26878622,26934820,56198
13438495,26876990,26933177,56187
13438055,26876110,26932297,56187
13434971,26869942,26926121,56179
13434727,26869454,26925628,56174
13434303,26868606,26924773,56167
13430555,26861110,26917270,56160
13426921,26853842,26909987,56145
13426591,26853182,26909327,56145
13425769,26851538,26907680,56142
13419355,26838710,26894830,56120
13418873,26837746,26893862,56116
13418663,26837326,26893438,56112
13413967,26827934,26884040,56106
13413659,26827318,26883404,56086
13412123,26824246,26880326,56080
13410075,26820150,26876218,56068
13409535,26819070,26875133,56063
13407591,26815182,26871244,56062
13404223,26808446,26864494,56048
13402025,26804050,26860085,56035
13396991,26793982,26850005,56023
13394203,26788406,26844412,56006
13393947,26787894,26843896,56002
13392111,26784222,26840222,56000
13389967,26779934,26835923,55989
13389679,26779358,26835344,55986
13387935,26775870,26831848,55978
13383343,26766686,26822650,55964
13381631,26763262,26819212,55950
13379047,26758094,26814041,55947
13377519,26755038,26810980,55942
13376255,26752510,26808436,55926
13375815,26751630,26807554,55924
13373281,26746562,26802479,55917
13372655,26745310,26801222,55912
13369039,26738078,26793974,55896
13366495,26732990,26788877,55887
13363327,26726654,26782528,55874
13362623,26725246,26781118,55872
13360591,26721182,26777051,55869
13359741,26719482,26775350,55868
13359431,26718862,26774728,55866
13353897,26707794,26763641,55847
13352103,26704206,26760041,55835
13351591,26703182,26759014,55832
13350825,26701650,26757472,55822
13349531,26699062,26754878,55816
13347999,26695998,26751814,55816
13347193,26694386,26750200,55814
13346205,26692410,26748224,55814
13340927,26681854,26737640,55786
13339887,26679774,26735548,55774
13337825,26675650,26731420,55770
13332783,26665566,26721311,55745
13331615,26663230,26718968,55738
13328363,26656726,26712454,55728
13323913,26647826,26703544,55718
13323903,26647806,26703514,55708
13319849,26639698,26695403,55705
13318251,26636502,26692198,55696
13317687,26635374,26691065,55691
13315567,26631134,26686817,55683
13312681,26625362,26681039,55677
13312559,26625118,26680786,55668
13312167,26624334,26680000,55666
13310271,26620542,26676196,55654
13308159,26616318,26671960,55642
13304993,26609986,26665625,55639
13299759,26599518,26655155,55637
13298303,26596606,26652238,55632
13295775,26591550,26647162,55612
13295643,26591286,26646887,55601
13295231,26590462,26646050,55588
13292959,26585918,26641498,55580
13291679,26583358,26638936,55578
13287759,26575518,26631089,55571
13287423,26574846,26630410,55564
13286911,26573822,26629378,55556
13284027,26568054,26623600,55546
13283239,26566478,26622017,55539
13282335,26564670,26620208,55538
13280595,26561190,26616718,55528
13277695,26555390,26610916,55526
13277679,26555358,26610880,55522
13274679,26549358,26604880,55522
13274215,26548430,26603944,55514
13273151,26546302,26601808,55506
13272447,26544894,26600392,55498
13271465,26542930,26598419,55489
13269179,26538358,26593843,55485
13268295,26536590,26592067,55477
13267695,26535390,26590864,55474
13264521,26529042,26584504,55462
13262847,26525694,26581144,55450
13259419,26518838,26574280,55442
13258223,26516446,26571883,55437
13256699,26513398,26568830,55432
13256617,26513234,26568664,55430
13253715,26507430,26562850,55420
13250559,26501118,26556518,55400
13247979,26495958,26551358,55400
13244169,26488338,26543720,55382
13243731,26487462,26542837,55375
13241001,26482002,26537368,55366
13240427,26480854,26536220,55366
13238269,26476538,26531894,55356
13238043,26476086,26531441,55355
13237531,26475062,26530415,55353
13235943,26471886,26527225,55339
13234335,26468670,26524003,55333
13230059,26460118,26515439,55321
13229053,26458106,26513426,55320
13226471,26452942,26508262,55320
13225257,26450514,26505818,55304
13221545,26443090,26498374,55284
13217771,26435542,26490820,55278
13214747,26429494,26484752,55258
13211839,26423678,26478922,55244
13210863,26421726,26476960,55234
13206207,26412414,26467627,55213
13202895,26405790,26460998,55208
13202591,26405182,26460382,55200
13197547,26395094,26450288,55194
13196873,26393746,26448938,55192
13194729,26389458,26444630,55172
13193455,26386910,26442073,55163
13190383,26380766,26435920,55154
13190103,26380206,26435359,55153
13189095,26378190,26433337,55147
13185439,26370878,26426021,55143
13184735,26369470,26424610,55140
13184239,26368478,26423603,55125
13182443,26364886,26420008,55122
13178857,26357714,26412821,55107
13178575,26357150,26412251,55101
13178087,26356174,26411275,55101
13177883,26355766,26410864,55098
13176873,26353746,26408840,55094
13174953,26349906,26404994,55088
13172193,26344386,26399474,55088
13170441,26340882,26395952,55070
13168475,26336950,26392009,55059
13165503,26331006,26386054,55048
13165047,26330094,26385142,55048
13164713,26329426,26384474,55048
13164351,26328702,26383745,55043
13160699,26321398,26376424,55026
13157327,26314654,26369668,55014
13156955,26313910,26368922,55012
13153951,26307902,26362906,55004
13153311,26306622,26361616,54994
13150459,26300918,26355910,54992
13147375,26294750,26349736,54986
13146167,26292334,26347306,54972
13146091,26292182,26347153,54971
13145191,26290382,26345351,54969
13142697,26285394,26340349,54955
13141659,26283318,26338270,54952
13141503,26283006,26337952,54946
13139967,26279934,26334875,54941
13136041,26272082,26327015,54933
13135935,26271870,26326799,54929
13134335,26268670,26323586,54916
13133737,26267474,26322386,54912
13130479,26260958,26315860,54902
13128361,26256722,26311612,54890
13126615,26253230,26308118,54888
13125871,26251742,26306620,54878
13122345,26244690,26299565,54875
13120239,26240478,26295349,54871
13119743,26239486,26294345,54859
13117287,26234574,26289419,54845
13114715,26229430,26284274,54844
13113627,26227254,26282090,54836
13113503,26227006,26281834,54828
13109355,26218710,26273522,54812
13108671,26217342,26272151,54809
13104155,26208310,26263102,54792
13101951,26203902,26258687,54785
13101503,26203006,26257790,54784
13100415,26200830,26255605,54775
13096987,26193974,26248738,54764
13093423,26186846,26241598,54752
13092431,26184862,26239612,54750
13090815,26181630,26236360,54730
13089951,26179902,26234630,54728
13086633,26173266,26227988,54722
13084441,26168882,26223596,54714
13082281,26164562,26219272,54710
13080903,26161806,26216504,54698
13078847,26157694,26212390,54696
13078269,26156538,26211233,54695
13077665,26155330,26210014,54684
13075943,26151886,26206568,54682
13075113,26150226,26204894,54668
13073343,26146686,26201353,54667
13067451,26134902,26189566,54664
13066889,26133778,26188438,54660
13066233,26132466,26187118,54652
13066175,26132350,26187002,54652
13065961,26131922,26186570,54648
13064299,26128598,26183236,54638
13063305,26126610,26181245,54635
13063103,26126206,26180824,54618
13057335,26114670,26169269,54599
13054111,26108222,26162800,54578
13052179,26104358,26158936,54578
13052043,26104086,26158663,54577
13050107,26100214,26154790,54576
13048941,26097882,26152445,54563
13047805,26095610,26150170,54560
13047247,26094494,26149054,54560
13044863,26089726,26144279,54553
13043849,26087698,26142244,54546
13042761,26085522,26140067,54545
13041663,26083326,26137853,54527
13041279,26082558,26137084,54526
13039233,26078466,26132989,54523
13038975,26077950,26132470,54520
13038831,26077662,26132179,54517
13037737,26075474,26129987,54513
13036903,26073806,26128318,54512
13036671,26073342,26127850,54508
13035039,26070078,26124581,54503
13027807,26055614,26110114,54500
13026751,26053502,26107966,54464
13024671,26049342,26103799,54457
13021159,26042318,26096771,54453
13018363,26036726,26091161,54435
13016617,26033234,26087660,54426
13015295,26030590,26085007,54417
13011911,26023822,26078237,54415
13010287,26020574,26074979,54405
13006591,26013182,26067565,54383
13003231,26006462,26060836,54374
13001697,26003394,26057762,54368
12999273,25998546,26052905,54359
12997971,25995942,26050297,54355
12997339,25994678,26049032,54354
12997103,25994206,26048560,54354
12996143,25992286,26046625,54339
12995743,25991486,26045821,54335
12990927,25981854,26036180,54326
12987035,25974070,26028373,54303
12985903,25971806,26026108,54302
12984367,25968734,26023031,54297
12983977,25967954,26022251,54297
12981215,25962430,26016712,54282
12978943,25957886,26012164,54278
12976871,25953742,26008006,54264
12975225,25950450,26004709,54259
12974575,25949150,26003398,54248
12971647,25943294,25997530,54236
12970463,25940926,25995161,54235
12970153,25940306,25994536,54230
12969199,25938398,25992625,54227
12965833,25931666,25985893,54227
12963675,25927350,25981555,54205
12963535,25927070,25981270,54200
12961563,25923126,25977323,54197
12961023,25922046,25976236,54190
12956907,25913814,25967993,54179
12955807,25911614,25965791,54177
12954351,25908702,25962869,54167
12953851,25907702,25961863,54161
12950527,25901054,25955206,54152
12949743,25899486,25953629,54143
12948351,25896702,25950841,54139
12948207,25896414,25950551,54137
12944383,25888766,25942886,54120
12942079,25884158,25938274,54116
12940155,25880310,25934422,54112
12939807,25879614,25933721,54107
12939447,25878894,25933000,54106
12939111,25878222,25932325,54103
12939035,25878070,25932170,54100
12936847,25873694,25927792,54098
12935845,25871690,25925788,54098
12933599,25867198,25921295,54097
12933447,25866894,25920985,54091
12933287,25866574,25920665,54091
12933279,25866558,25920646,54088
12932435,25864870,25918942,54072
12930303,25860606,25914674,54068
12929063,25858126,25912190,54064
12925679,25851358,25905406,54048
12918831,25837662,25891684,54022
12916607,25833214,25887220,54006
12915951,25831902,25885906,54004
12914515,25829030,25883030,54000
12913983,25827966,25881962,53996
12912639,25825278,25879265,53987
12908015,25816030,25870013,53983
12906809,25813618,25867600,53982
12905935,25811870,25865836,53966
12904065,25808130,25862092,53962
12904027,25808054,25862012,53958
12902903,25805806,25859762,53956
12902399,25804798,25858744,53946
12901375,25802750,25856696,53946
12899199,25798398,25852336,53938
12898215,25796430,25850362,53932
12897273,25794546,25848476,53930
12895977,25791954,25845878,53924
12894433,25788866,25842784,53918
12892319,25784638,25838548,53910
12890601,25781202,25835110,53908
12890271,25780542,25834444,53902
12889959,25779918,25833811,53893
12885673,25771346,25825229,53883
12884473,25768946,25822826,53880
12883711,25767422,25821290,53868
12880769,25761538,25815406,53868
12880553,25761106,25814969,53863
12878841,25757682,25811536,53854
12874239,25748478,25802330,53852
12873353,25746706,25800535,53829
12869743,25739486,25793296,53810
12867695,25735390,25789196,53806
12867199,25734398,25788199,53801
12866799,25733598,25787396,53798
12864251,25728502,25782299,53797
12863915,25727830,25781620,53790
12862943,25725886,25779670,53784
12862377,25724754,25778534,53780
12860409,25720818,25774595,53777
12859039,25718078,25771850,53772
12856571,25713142,25766900,53758
12855387,25710774,25764532,53758
12852703,25705406,25759147,53741
12851967,25703934,25757675,53741
12850623,25701246,25754978,53732
12847241,25694482,25748201,53719
12846111,25692222,25745938,53716
12843503,25687006,25740713,53707
12841143,25682286,25735985,53699
12839479,25678958,25732646,53688
12839359,25678718,25732403,53685
12837031,25674062,25727746,53684
12835495,25670990,25724656,53666
12833263,25666526,25720186,53660
12831999,25663998,25717655,53657
12830143,25660286,25713935,53649
12829225,25658450,25712098,53648
12826863,25653726,25707365,53639
12826039,25652078,25705714,53636
12824319,25648638,25702262,53624
12820175,25640350,25693960,53610
12818623,25637246,25690846,53600
12815087,25630174,25683767,53593
12814495,25628990,25682566,53576
12810351,25620702,25674272,53570
12809769,25619538,25673098,53560
12807527,25615054,25668602,53548
12804169,25608338,25661884,53546
12802791,25605582,25659119,53537
12800073,25600146,25653670,53524
12796239,25592478,25645981,53503
12794537,25589074,25642570,53496
12793711,25587422,25640918,53496
12791643,25583286,25636774,53488
12787937,25575874,25629347,53473
12784361,25568722,25622177,53455
12782687,25565374,25618826,53452
12781751,25563502,25616947,53445
12781439,25562878,25616317,53439
12778265,25556530,25609966,53436
12775393,25550786,25604213,53427
12774527,25549054,25602479,53425
12772775,25545550,25598956,53406
12771495,25542990,25596391,53401
12769279,25538558,25591949,53391
12766703,25533406,25586786,53380
12761295,25522590,25575949,53359
12760999,25521998,25575352,53354
12759599,25519198,25572550,53352
12758839,25517678,25571030,53352
12758751,25517502,25570852,53350
12758655,25517310,25570657,53347
12757503,25515006,25568350,53344
12756459,25512918,25566257,53339
12755995,25511990,25565326,53336
12755647,25511294,25564628,53334
12753691,25507382,25560706,53324
12751087,25502174,25555498,53324
12751017,25502034,25555358,53324
12746491,25492982,25546288,53306
12745017,25490034,25543340,53306
12744863,25489726,25543012,53286
12742399,25484798,25538075,53277
12740143,25480286,25533556,53270
12737447,25474894,25528162,53268
12735935,25471870,25525118,53248
12733779,25467558,25520800,53242
12731007,25462014,25515251,53237
12730879,25461758,25514986,53228
12729683,25459366,25512592,53226
12728319,25456638,25509853,53215
12724093,25448186,25501394,53208
12722271,25444542,25497742,53200
12720633,25441266,25494460,53194
12719855,25439710,25492897,53187
12718969,25437938,25491119,53181
12717295,25434590,25487764,53174
12713663,25427326,25480493,53167
12713199,25426398,25479556,53158
12712043,25424086,25477244,53158
12711375,25422750,25475903,53153
12710009,25420018,25473163,53145
12709147,25418294,25471435,53141
12707407,25414814,25467952,53138
12707143,25414286,25467419,53133
12705863,25411726,25464856,53130
12705439,25410878,25463999,53121
12703743,25407486,25460602,53116
12701289,25402578,25455694,53116
12700831,25401662,25454764,53102
12698015,25396030,25449128,53098
12696575,25393150,25446238,53088
12693163,25386326,25439405,53079
12692327,25384654,25437725,53071
12690367,25380734,25433797,53063
12689519,25379038,25432099,53061
12688639,25377278,25430330,53052
12686055,25372110,25425161,53051
12685663,25371326,25424369,53043
12685159,25370318,25423360,53042
12682687,25365374,25418407,53033
12682153,25364306,25417334,53028
12678931,25357862,25410887,53025
12675871,25351742,25404758,53016
12675809,25351618,25404625,53007
12673883,25347766,25400770,53004
12672617,25345234,25398232,52998
12671135,25342270,25395262,52992
12669931,25339862,25392838,52976
12667295,25334590,25387553,52963
12663559,25327118,25380076,52958
12663407,25326814,25379765,52951
12661575,25323150,25376090,52940
12658345,25316690,25369616,52926
12656111,25312222,25365140,52918
12654361,25308722,25361635,52913
12650343,25300686,25353587,52901
12650031,25300062,25352954,52892
12649711,25299422,25352309,52887
12645839,25291678,25344556,52878
12643263,25286526,25339402,52876
12641531,25283062,25335935,52873
12640767,25281534,25334396,52862
12640377,25280754,25333616,52862
12639903,25279806,25332659,52853
12639711,25279422,25332272,52850
12636575,25273150,25325986,52836
12634151,25268302,25321138,52836
12633249,25266498,25319326,52828
12630355,25260710,25313524,52814
12629351,25258702,25311514,52812
12628471,25256942,25309750,52808
12628219,25256438,25309238,52800
12628059,25256118,25308917,52799
12625663,25251326,25304120,52794
12624553,25249106,25301891,52785
12620667,25241334,25294115,52781
12620201,25240402,25293167,52765
12615777,25231554,25284314,52760
12612891,25225782,25278532,52750
12612847,25225694,25278427,52733
12606739,25213478,25266202,52724
12606719,25213438,25266154,52716
12606191,25212382,25265090,52708
12602505,25205010,25257712,52702
12600351,25200702,25253387,52685
12599295,25198590,25251268,52678
12595451,25190902,25243568,52666
12594087,25188174,25240832,52658
12589367,25178734,25231378,52644
12588819,25177638,25230280,52642
12587775,25175550,25228187,52637
12586281,25172562,25225192,52630
12584731,25169462,25222079,52617
12583009,25166018,25218635,52617
12581951,25163902,25216514,52612
12581071,25162142,25214746,52604
12578795,25157590,25210190,52600
12575401,25150802,25203392,52590
12574191,25148382,25200955,52573
12570233,25140466,25193029,52563
12568063,25136126,25188682,52556
12566711,25133422,25185970,52548
12564807,25129614,25182148,52534
12562751,25125502,25178026,52524
12561065,25122130,25174648,52518
12556457,25112914,25165412,52498
12552943,25105886,25158377,52491
12550305,25100610,25153091,52481
12549059,25098118,25150598,52480
12547879,25095758,25148231,52473
12545055,25090110,25142566,52456
12544103,25088206,25140658,52452
12543163,25086326,25138775,52449
12540925,25081850,25134298,52448
12540383,25080766,25133200,52434
12537067,25074134,25126564,52430
12535049,25070098,25122526,52428
12534753,25069506,25121933,52427
12532265,25064530,25116946,52416
12531743,25063486,25115888,52402
12530015,25060030,25112429,52399
12529883,25059766,25112162,52396
12528447,25056894,25109281,52387
12524991,25049982,25102366,52384
12524653,25049306,25101683,52377
12524415,25048830,25101202,52372
12522127,25044254,25096613,52359
12519515,25039030,25091374,52344
12518247,25036494,25088834,52340
12517147,25034294,25086628,52334
12515935,25031870,25084204,52334
12514495,25028990,25081324,52334
12510527,25021054,25073366,52312
12509351,25018702,25071005,52303
12506643,25013286,25065587,52301
12505503,25011006,25063303,52297
12504783,25009566,25061848,52282
12502145,25004290,25056568,52278
12501487,25002974,25055248,52274
12499455,24998910,25051174,52264
12496511,24993022,25045274,52252
12496155,24992310,25044556,52246
12495529,24991058,25043302,52244
12494847,24989694,25041935,52241
12491753,24983506,25035736,52230
12488695,24977390,25029608,52218
12487337,24974674,25026884,52210
12482089,24964178,25016368,52190
12479103,24958206,25010380,52174
12477467,24954934,25007105,52171
12475163,24950326,25002485,52159
12473759,24947518,24999676,52158
12471743,24943486,24995632,52146
12469815,24939630,24991774,52144
12469217,24938434,24990572,52138
12468399,24936798,24988936,52138
12467435,24934870,24986999,52129
12466267,24932534,24984655,52121
12464879,24929758,24981874,52116
12462761,24925522,24977629,52107
12458495,24916990,24969086,52096
12453985,24907970,24960050,52080
12453583,24907166,24959236,52070
12450415,24900830,24952894,52064
12448735,24897470,24949529,52059
12448235,24896470,24948517,52047
12447059,24894118,24946165,52047
12446601,24893202,24945245,52043
12446491,24892982,24945025,52043
12443647,24887294,24939323,52029
12442279,24884558,24936586,52028
12441927,24883854,24935878,52024
12441217,24882434,24934457,52023
12440991,24881982,24934000,52018
12437615,24875230,24927244,52014
12437273,24874546,24926560,52014
12437247,24874494,24926506,52012
12435873,24871746,24923753,52007
12433519,24867038,24919042,52004
12431271,24862542,24914546,52004
12430969,24861938,24913939,52001
12429563,24859126,24911116,51990
12429543,24859086,24911063,51977
12427583,24855166,24907135,51969
12424329,24848658,24900610,51952
12423835,24847670,24899618,51948
12421223,24842446,24894382,51936
12419999,24839998,24891934,51936
12417519,24835038,24886963,51925
12416235,24832470,24884387,51917
12413537,24827074,24878986,51912
12411647,24823294,24875201,51907
12410971,24821942,24873844,51902
12410859,24821718,24873610,51892
12408923,24817846,24869734,51888
12407293,24814586,24866473,51887
12406855,24813710,24865594,51884
12406399,24812798,24864671,51873
12403881,24807762,24859628,51866
12402847,24805694,24857554,51860
12399359,24798718,24850564,51846
12398239,24796478,24848320,51842
12396903,24793806,24845642,51836
12396279,24792558,24844394,51836
12396187,24792374,24844205,51831
12395547,24791094,24842921,51827
12389935,24779870,24831677,51807
12387881,24775762,24827558,51796
12387819,24775638,24827432,51794
12382391,24764782,24816562,51780
12381467,24762934,24814714,51780
12380329,24760658,24812426,51768
12380271,24760542,24812303,51761
12378815,24757630,24809387,51757
12376839,24753678,24805433,51755
12376155,24752310,24804058,51748
12370587,24741174,24792905,51731
12369919,24739838,24791557,51719
12366611,24733222,24784940,51718
12366495,24732990,24784693,51703
12363065,24726130,24777833,51703
12362239,24724478,24776165,51687
12360475,24720950,24772634,51684
12357275,24714550,24766222,51672
12354207,24708414,24760070,51656
12350927,24701854,24753494,51640
12346879,24693758,24745384,51626
12346495,24692990,24744613,51623
12344095,24688190,24739810,51620
12343463,24686926,24738538,51612
12343455,24686910,24738518,51608
12341241,24682482,24734089,51607
12340619,24681238,24732845,51607
12340521,24681042,24732641,51599
12337919,24675838,24727432,51594
12337791,24675582,24727166,51584
12334527,24669054,24720632,51578
12333823,24667646,24719213,51567
12332287,24664574,24716137,51563
12328795,24657590,24709151,51561
12328489,24656978,24708530,51552
12327995,24655990,24707542,51552
12326879,24653758,24705299,51541
12322879,24645758,24697283,51525
12321471,24642942,24694460,51518
12319687,24639374,24690883,51509
12315049,24630098,24681595,51497
12313983,24627966,24679451,51485
12311999,24623998,24675473,51475
12308073,24616146,24667612,51466
12307819,24615638,24667102,51464
12305223,24610446,24661906,51460
12303135,24606270,24657712,51442
12302247,24604494,24655931,51437
12300665,24601330,24652762,51432
12300447,24600894,24652322,51428
12297385,24594770,24646193,51423
12294635,24589270,24640685,51415
12291231,24582462,24633868,51406
12289615,24579230,24630632,51402
12286973,24573946,24625348,51402
12283675,24567350,24618710,51360
12283647,24567294,24618653,51359
12281385,24562770,24614123,51353
12278951,24557902,24609248,51346
12276583,24553166,24604504,51338
12276223,24552446,24603776,51330
12274175,24548350,24599680,51330
12273535,24547070,24598399,51329
12270189,24540378,24591707,51329
12269729,24539458,24590782,51324
12269223,24538446,24589750,51304
12266751,24533502,24584800,51298
12265631,24531262,24582545,51283
12262953,24525906,24577186,51280
12262911,24525822,24577093,51271
12261353,24522706,24573976,51270
12258047,24516094,24567358,51264
12255231,24510462,24561701,51239
12252519,24505038,24556270,51232
12251163,24502326,24553550,51224
12250239,24500478,24551698,51220
12249983,24499966,24551183,51217
12245117,24490234,24541451,51217
12244587,24489174,24540376,51202
12243263,24486526,24537725,51199
12242335,24484670,24535862,51192
12239401,24478802,24529984,51182
12238237,24476474,24527650,51176
12235935,24471870,24523033,51163
12231945,24463890,24515045,51155
12228603,24457206,24508342,51136
12228075,24456150,24507286,51136
12227611,24455222,24506347,51125
12225079,24450158,24501275,51117
12220033,24440066,24491165,51099
12219839,24439678,24490768,51090
12217067,24434134,24485222,51088
12215763,24431526,24482614,51088
12214751,24429502,24480575,51073
12213695,24427390,24478460,51070
12212071,24424142,24475205,51063
12207263,24414526,24465577,51051
12206055,24412110,24463154,51044
12205759,24411518,24462557,51039
12204479,24408958,24459989,51031
12200027,24400054,24451067,51013
12198207,24396414,24447424,51010
12198049,24396098,24447106,51008
12197567,24395134,24446134,51000
12193769,24387538,24438530,50992
12193447,24386894,24437876,50982
12188897,24377794,24428770,50976
12186783,24373566,24424537,50971
12186087,24372174,24423136,50962
12185215,24370430,24421390,50960
12183551,24367102,24418061,50959
12183287,24366574,24417530,50956
12179497,24358994,24409925,50931
12178087,24356174,24407102,50928
12175805,24351610,24402536,50926
12175719,24351438,24402347,50909
12175131,24350262,24401168,50906
12168911,24337822,24388726,50904
12168863,24337726,24388616,50890
12167165,24334330,24385217,50887
12167023,24334046,24384932,50886
12165623,24331246,24382129,50883
12165059,24330118,24380998,50880
12164955,24329910,24380783,50873
12164435,24328870,24379742,50872
12163567,24327134,24378002,50868
12161023,24322046,24372908,50862
12159183,24318366,24369217,50851
12159113,24318226,24369068,50842
12156991,24313982,24364820,50838
12156223,24312446,24363274,50828
12154095,24308190,24359012,50822
12152743,24305486,24356308,50822
12152105,24304210,24355024,50814
12150071,24300142,24350948,50806
12148839,24297678,24348482,50804
12146913,24293826,24344624,50798
12146779,24293558,24344344,50786
12144183,24288366,24339142,50776
12143775,24287550,24338324,50774
12143007,24286014,24336784,50770
12140527,24281054,24331823,50769
12137575,24275150,24325910,50760
12136279,24272558,24323318,50760
12133223,24266446,24317192,50746
12132679,24265358,24316090,50732
12132489,24264978,24315707,50729
12132349,24264698,24315427,50729
12129417,24258834,24309551,50717
12124159,24248318,24299014,50696
12123475,24246950,24297641,50691
12123387,24246774,24297464,50690
12122299,24244598,24295285,50687
12120511,24241022,24291701,50679
12119039,24238078,24288746,50668
12117231,24234462,24285130,50668
12117047,24234094,24284761,50667
12115497,24230994,24281650,50656
12111567,24223134,24273773,50639
12110163,24220326,24270965,50639
12107871,24215742,24266374,50632
12106863,24213726,24264355,50629
12106355,24212710,24263336,50626
12105263,24210526,24261146,50620
12105129,24210258,24260876,50618
12103751,24207502,24258112,50610
12099355,24198710,24249320,50610
12098407,24196814,24247406,50592
12097743,24195486,24246073,50587
12097657,24195314,24245897,50583
12094633,24189266,24239848,50582
12093767,24187534,24238111,50577
12093495,24186990,24237559,50569
12091455,24182910,24233470,50560
12090783,24181566,24232121,50555
12088827,24177654,24228202,50548
12087547,24175094,24225641,50547
12087067,24174134,24224674,50540
12084671,24169342,24219868,50526
12081321,24162642,24213158,50516
12080063,24160126,24210635,50509
12077951,24155902,24206404,50502
12076219,24152438,24202937,50499
12076201,24152402,24202895,50493
12076135,24152270,24202763,50493
12074665,24149330,24199823,50493
12072915,24145830,24196315,50485
12071415,24142830,24193313,50483
12071137,24142274,24192755,50481
12071023,24142046,24192520,50474
12066785,24133570,24184025,50455
12065791,24131582,24182030,50448
12063625,24127250,24177692,50442
12062255,24124510,24174946,50436
12059835,24119670,24170098,50428
12058167,24116334,24166762,50428
12056303,24112606,24163024,50418
12056193,24112386,24162797,50411
12054483,24108966,24159370,50404
12054143,24108286,24158686,50400
12051369,24102738,24153137,50399
12050657,24101314,24151709,50395
12049135,24098270,24148651,50381
12046631,24093262,24143638,50376
12045807,24091614,24141979,50365
12039201,24078402,24128764,50362
12039135,24078270,24128624,50354
12038639,24077278,24127622,50344
12036777,24073554,24123881,50327
12035943,24071886,24122212,50326
12035099,24070198,24120521,50323
12033577,24067154,24117470,50316
12030271,24060542,24110849,50307
12028905,24057810,24108112,50302
12027455,24054910,24105208,50298
12022363,24044726,24094996,50270
12020191,24040382,24090641,50259
12019241,24038482,24088738,50256
12015379,24030758,24081002,50244
12014931,24029862,24080099,50237
12014063,24028126,24078356,50230
12012315,24024630,24074857,50227
12010267,24020534,24070760,50226
12010111,24020222,24070444,50222
12008787,24017574,24067786,50212
12006959,24013918,24064126,50208
12005695,24011390,24061588,50198
12005119,24010238,24060430,50192
12002151,24004302,24054488,50186
11998847,23997694,24047867,50173
11994081,23988162,24038333,50171
11993085,23986170,24036317,50147
11992367,23984734,24034880,50146
11991719,23983438,24033581,50143
11986591,23973182,24023318,50136
11986367,23972734,24022852,50118
11985063,23970126,24020236,50110
11981295,23962590,24012692,50102
11979591,23959182,24009280,50098
11978855,23957710,24007804,50094
11975915,23951830,24001903,50073
11974881,23949762,23999834,50072
11973935,23947870,23997941,50071
11972719,23945438,23995498,50060
11970687,23941374,23991430,50056
11968959,23937918,23987968,50050
11966651,23933302,23983346,50044
11966235,23932470,23982506,50036
11962815,23925630,23975656,50026
11961343,23922686,23972704,50018
11961127,23922254,23972272,50018
11959913,23919826,23969839,50013
11957935,23915870,23965870,50000
11956071,23912142,23962130,49988
11955135,23910270,23960258,49988
11954175,23908350,23958332,49982
11949369,23898738,23948710,49972
11949035,23898070,23948036,49966
11946495,23892990,23942942,49952
11944937,23889874,23939819,49945
11941979,23883958,23933890,49932
11940833,23881666,23931598,49932
11939311,23878622,23928548,49926
11939175,23878350,23928268,49918
11934911,23869822,23919725,49903
11931503,23863006,23912893,49887
11929599,23859198,23909080,49882
11927887,23855774,23905654,49880
11923225,23846450,23896316,49866
11923175,23846350,23896205,49855
11921887,23843774,23893622,49848
11920411,23840822,23890666,49844
11916959,23833918,23883746,49828
11916135,23832270,23882096,49826
11913855,23827710,23877530,49820
11912911,23825822,23875630,49808
11911167,23822334,23872138,49804
11910015,23820030,23869829,49799
11909787,23819574,23869370,49796
11906687,23813374,23863157,49783
11903087,23806174,23855951,49777
11900231,23800462,23850238,49776
11900187,23800374,23850146,49772
11900031,23800062,23849819,49757
11897509,23795018,23844775,49757
11897159,23794318,23844062,49744
11893727,23787454,23837192,49738
11890879,23781758,23831494,49736
11890535,23781070,23830784,49714
11889131,23778262,23827976,49714
11886571,23773142,23822842,49700
11884651,23769302,23818997,49695
11883367,23766734,23816423,49689
11880295,23760590,23810279,49689
11879699,23759398,23809084,49686
11877887,23755774,23805436,49662
11876217,23752434,23802095,49661
11875227,23750454,23800112,49658
11872929,23745858,23795512,49654
11871903,23743806,23793452,49646
11871543,23743086,23792728,49642
11871259,23742518,23792152,49634
11867583,23735166,23784784,49618
11864231,23728462,23778068,49606
11864063,23728126,23777732,49606
11861863,23723726,23773321,49595
11859407,23718814,23768404,49590
11858601,23717202,23766790,49588
11857663,23715326,23764901,49575
11855339,23710678,23760250,49572
11852203,23704406,23753978,49572
11851241,23702482,23752042,49560
11851167,23702334,23751883,49549
11849343,23698686,23748232,49546
11844327,23688654,23738200,49546
11843943,23687886,23737426,49540
11842623,23685246,23734781,49535
11842541,23685082,23734615,49533
11842207,23684414,23733929,49515
11841607,23683214,23732728,49514
11837943,23675886,23725390,49504
11837183,23674366,23723860,49494
11835627,23671254,23720746,49492
11833455,23666910,23716390,49480
11831351,23662702,23712172,49470
11826665,23653330,23702797,49467
11825335,23650670,23700116,49446
11824767,23649534,23698972,49438
11823231,23646462,23695897,49435
11821559,23643118,23692552,49434
11819751,23639502,23688934,49432
11818863,23637726,23687158,49432
11817983,23635966,23685377,49411
11817641,23635282,23684692,49410
11815963,23631926,23681330,49404
11814825,23629650,23679052,49402
11810943,23621886,23671277,49391
11810587,23621174,23670556,49382
11809439,23618878,23668256,49378
11808681,23617362,23666740,49378
11807401,23614802,23664170,49368
11806335,23612670,23662034,49364
11804367,23608734,23658095,49361
11802395,23604790,23654146,49356
11802047,23604094,23653444,49350
11798355,23596710,23646050,49340
11796857,23593714,23643038,49324
11794657,23589314,23638634,49320
11791871,23583742,23633056,49314
11790015,23580030,23629339,49309
11789563,23579126,23628424,49298
11785215,23570430,23619703,49273
11782783,23565566,23614834,49268
11781079,23562158,23611420,49262
11780095,23560190,23609452,49262
11776871,23553742,23602994,49252
11774463,23548926,23598155,49229
11771551,23543102,23592331,49229
11769771,23539542,23588768,49226
11769599,23539198,23588422,49224
11768969,23537938,23587156,49218
11768859,23537718,23586932,49214
11768143,23536286,23585498,49212
11767351,23534702,23583905,49203
11764819,23529638,23578834,49196
11763995,23527990,23577182,49192
11760439,23520878,23570066,49188
11759259,23518518,23567705,49187
11759159,23518318,23567489,49171
11756991,23513982,23563150,49168
11756713,23513426,23562586,49160
11755783,23511566,23560726,49160
11750425,23500850,23549992,49142
11749129,23498258,23547395,49137
11748329,23496658,23545784,49126
11747431,23494862,23543981,49119
11746441,23492882,23542001,49119
11745279,23490558,23539664,49106
11739805,23479610,23528716,49106
11738207,23476414,23525498,49084
11736303,23472606,23521690,49084
11735905,23471810,23520886,49076
11735255,23470510,23519585,49075
11733625,23467250,23516324,49074
11731325,23462650,23511719,49069
11731177,23462354,23511412,49058
11729055,23458110,23507167,49057
11728617,23457234,23506283,49049
11727073,23454146,23503181,49035
11724379,23448758,23497780,49022
11723495,23446990,23496008,49018
11722751,23445502,23494516,49014
11719663,23439326,23488336,49010
11719323,23438646,23487646,49000
11717727,23435454,23484451,48997
11714591,23429182,23478160,48978
11713673,23427346,23476322,48976
11711371,23422742,23471716,48974
11710759,23421518,23470486,48968
11708827,23417654,23466613,48959
11706779,23413558,23462512,48954
11705311,23410622,23459563,48941
11702263,23404526,23453459,48933
11701967,23403934,23452865,48931
11701183,23402366,23451290,48924
11697255,23394510,23443424,48914
11695071,23390142,23439041,48899
11694079,23388158,23437052,48894
11691567,23383134,23432024,48890
11689675,23379350,23428234,48884
11688059,23376118,23425001,48883
11686695,23373390,23422270,48880
11686555,23373110,23421986,48876
11686303,23372606,23421472,48866
11685481,23370962,23419826,48864
11681789,23363578,23412442,48864
11681447,23362894,23411752,48858
11679699,23359398,23408237,48839
11677651,23355302,23404138,48836
11676763,23353526,23402357,48831
11675551,23351102,23399930,48828
11675263,23350526,23399351,48825
11671911,23343822,23392633,48811
11671507,23343014,23391818,48804
11669351,23338702,23387506,48804
11667695,23335390,23384194,48804
11665735,23331470,23380247,48777
11661993,23323986,23372750,48764
11658495,23316990,23365741,48751
11655919,23311838,23360578,48740
11654015,23308030,23356756,48726
11651551,23303102,23351824,48722
11648303,23296606,23345320,48714
11648137,23296274,23344978,48704
11646177,23292354,23341054,48700
11644775,23289550,23338240,48690
11640863,23281726,23330398,48672
11637715,23275430,23324098,48668
11636991,23273982,23322647,48665
11635255,23270510,23319170,48660
11634751,23269502,23318158,48656
11632297,23264594,23313238,48644
11629879,23259758,23308396,48638
11628995,23257990,23306624,48634
11627615,23255230,23303861,48631
11626947,23253894,23302516,48622
11625641,23251282,23299900,48618
11624591,23249182,23297789,48607
11621535,23243070,23291671,48601
11619355,23238710,23287310,48600
11618927,23237854,23286454,48600
11618479,23236958,23285554,48596
11617771,23235542,23284135,48593
11617695,23235390,23283970,48580
11614971,23229942,23278516,48574
11614399,23228798,23277370,48572
11612255,23224510,23273077,48567
11612095,23224190,23272757,48567
11610793,23221586,23270146,48560
11608961,23217922,23266471,48549
11607807,23215614,23264152,48538
11606291,23212582,23261116,48534
11603193,23206386,23254918,48532
11602675,23205350,23253868,48518
11600095,23200190,23248700,48510
11599487,23198974,23247476,48502
11595817,23191634,23240117,48483
11593727,23187454,23235929,48475
11591839,23183678,23232148,48470
11590431,23180862,23229323,48461
11587119,23174238,23222698,48460
11585277,23170554,23219014,48460
11583231,23166462,23214904,48442
11580143,23160286,23208707,48421
11578471,23156942,23205361,48419
11578223,23156446,23204864,48418
11576975,23153950,23202362,48412
11576047,23152094,23200501,48407
11574555,23149110,23197516,48406
11572159,23144318,23192716,48398
11569215,23138430,23186816,48386
11567975,23135950,23184319,48369
11566363,23132726,23181092,48366
11564699,23129398,23177758,48360
11562735,23125470,23173816,48346
11560313,23120626,23168968,48342
11558911,23117822,23166152,48330
11554239,23108478,23156788,48310
11552127,23104254,23152555,48301
11549415,23098830,23147126,48296
11547489,23094978,23143270,48292
11546695,23093390,23141672,48282
11542905,23085810,23134085,48275
11541915,23083830,23132101,48271
11541659,23083318,23131582,48264
11540137,23080274,23128535,48261
11538943,23077886,23126132,48246
11534671,23069342,23117582,48240
11534335,23068670,23116900,48230
11531905,23063810,23112040,48230
11530617,23061234,23109461,48227
11530143,23060286,23108503,48217
11529855,23059710,23107918,48208
11526631,23053262,23101463,48201
11525567,23051134,23099327,48193
11523071,23046142,23094322,48180
11519987,23039974,23088152,48178
11513765,23027530,23075692,48162
11512551,23025102,23073244,48142
11512319,23024638,23072771,48133
11510751,23021502,23069632,48130
11510719,23021438,23069564,48126
11509739,23019478,23067604,48126
11508203,23016406,23064532,48126
11507775,23015550,23063669,48119
11507047,23014094,23062210,48116
11506079,23012158,23060267,48109
11501729,23003458,23051554,48096
11500543,23001086,23049178,48092
11500029,23000058,23048144,48086
11498209,22996418,23044496,48078
11494823,22989646,23037722,48076
11493639,22987278,23035349,48071
11493601,22987202,23035265,48063
11492455,22984910,23032963,48053
11488747,22977494,23025530,48036
11484033,22968066,23016095,48029
11482143,22964286,23012309,48023
11482011,22964022,23012045,48023
11481503,22963006,23011018,48012
11479911,22959822,23007820,47998
11477551,22955102,23003090,47988
11474921,22949842,22997824,47982
11472743,22945486,22993468,47982
11472719,22945438,22993420,47982
11470279,22940558,22988524,47966
11469245,22938490,22986454,47964
11468797,22937594,22985549,47955
11465759,22931518,22979464,47946
11465023,22930046,22977989,47943
11463663,22927326,22975258,47932
11460223,22920446,22968370,47924
11459839,22919678,22967597,47919
11459583,22919166,22967084,47918
11458151,22916302,22964219,47917
11457863,22915726,22963643,47917
11454279,22908558,22956470,47912
11453931,22907862,22955758,47896
11452187,22904374,22952257,47883
11447935,22895870,22943749,47879
11447423,22894846,22942714,47868
11446759,22893518,22941380,47862
11444383,22888766,22936616,47850
11443967,22887934,22935784,47850
11440159,22880318,22928159,47841
11439771,22879542,22927373,47831
11437423,22874846,22922671,47825
11437055,22874110,22921931,47821
11434889,22869778,22917598,47820
11434591,22869182,22916995,47813
11433725,22867450,22915261,47811
11432991,22865982,22913786,47804
11428063,22856126,22903910,47784
11428007,22856014,22903798,47784
11425575,22851150,22898933,47783
11424681,22849362,22897144,47782
11424415,22848830,22896607,47777
11423927,22847854,22895624,47770
11420923,22841846,22889614,47768
11419769,22839538,22887289,47751
11418783,22837566,22885310,47744
11416295,22832590,22880324,47734
11412763,22825526,22873246,47720
11412511,22825022,22872742,47720
11411071,22822142,22869859,47717
11407087,22814174,22861882,47708
11404573,22809146,22856848,47702
11404571,22809142,22856830,47688
11403755,22807510,22855196,47686
11401441,22802882,22850566,47684
11400935,22801870,22849538,47668
11396123,22792246,22839896,47650
11393401,22786802,22834448,47646
11391113,22782226,22829863,47637
11390227,22780454,22828090,47636
11389567,22779134,22826753,47619
11385257,22770514,22818133,47619
11384809,22769618,22817230,47612
11382447,22764894,22812502,47608
11381483,22762966,22810562,47596
11379745,22759490,22807079,47589
11375359,22750718,22798280,47562
11373225,22746450,22794004,47554
11372921,22745842,22793395,47553
11372187,22744374,22791926,47552
11369129,22738258,22785796,47538
11367479,22734958,22782496,47538
11364123,22728246,22775768,47522
11362283,22724566,22772074,47508
11358971,22717942,22765445,47503
11358457,22716914,22764412,47498
11357751,22715502,22762991,47489
11355135,22710270,22757758,47488
11353855,22707710,22755181,47471
11352441,22704882,22752352,47470
11352063,22704126,22751594,47468
11347383,22694766,22742218,47452
11347183,22694366,22741808,47442
11342567,22685134,22732568,47434
11341865,22683730,22731155,47425
11341467,22682934,22730357,47423
11341111,22682222,22729645,47423
11339419,22678838,22726258,47420
11336511,22673022,22720432,47410
11336191,22672382,22719779,47397
11335103,22670206,22717600,47394
11332223,22664446,22711840,47394
11332031,22664062,22711448,47386
11327207,22654414,22701782,47368
11326143,22652286,22699642,47356
11325607,22651214,22698569,47355
11325439,22650878,22698232,47354
11324271,22648542,22695896,47354
11322175,22644350,22691698,47348
11319161,22638322,22685669,47347
11318631,22637262,22684592,47330
11313663,22627326,22674652,47326
11309855,22619710,22667026,47316
11309775,22619550,22666858,47308
11308009,22616018,22663300,47282
11305071,22610142,22657409,47267
11302569,22605138,22652399,47261
11301359,22602718,22649975,47257
11300767,22601534,22648787,47253
11299967,22599934,22647181,47247
11297785,22595570,22642811,47241
11297321,22594642,22641880,47238
11297019,22594038,22641275,47237
11293833,22587666,22634890,47224
11293167,22586334,22633558,47224
11292507,22585014,22632236,47222
11292215,22584430,22631645,47215
11289577,22579154,22626359,47205
11286687,22573374,22620566,47192
11285843,22571686,22618876,47190
11284223,22568446,22615624,47178
11280127,22560254,22607417,47163
11278783,22557566,22604728,47162
11275823,22551646,22598792,47146
11273831,22547662,22594808,47146
11273499,22546998,22594139,47141
11272283,22544566,22591703,47137
11270009,22540018,22587154,47136
11269567,22539134,22586251,47117
11268255,22536510,22583627,47117
11265673,22531346,22578460,47114
11263935,22527870,22574969,47099
11261695,22523390,22570486,47096
11261599,22523198,22570283,47085
11257323,22514646,22561720,47074
11255401,22510802,22557872,47070
11253791,22507582,22554638,47056
11252351,22504702,22551749,47047
11250341,22500682,22547728,47046
11250041,22500082,22547120,47038
11248063,22496126,22543157,47031
11246747,22493494,22540519,47025
11244847,22489694,22536718,47024
11243367,22486734,22533754,47020
11241427,22482854,22529866,47012
11241167,22482334,22529344,47010
11240745,22481490,22528493,47003
11240687,22481374,22528370,46996
11239407,22478814,22525810,46996
11237275,22474550,22521544,46994
11237023,22474046,22521029,46983
11232745,22465490,22512470,46980
11232511,22465022,22511987,46965
11228297,22456594,22503541,46947
11226431,22452862,22499800,46938
11222811,22445622,22492550,46928
11218687,22437374,22484297,46923
11217577,22435154,22482056,46902
11214023,22428046,22474945,46899
11213311,22426622,22473506,46884
11210431,22420862,22467743,46881
11205971,22411942,22458802,46860
11205503,22411006,22457857,46851
11203743,22407486,22454333,46847
11200695,22401390,22448224,46834
11198289,22396578,22443412,46834
11197799,22395598,22442417,46819
11196575,22393150,22439968,46818
11195871,22391742,22438556,46814
11190547,22381094,22427891,46797
11189991,22379982,22426778,46796
11188713,22377426,22424219,46793
11187871,22375742,22422527,46785
11187231,22374462,22421245,46783
11187143,22374286,22421069,46783
11185121,22370242,22417018,46776
11183955,22367910,22414678,46768
11183101,22366202,22412968,46766
11181151,22362302,22409057,46755
11179753,22359506,22406260,46754
11178975,22357950,22404692,46742
11175359,22350718,22397446,46728
11173139,22346278,22393006,46728
11171611,22343222,22389938,46716
11170537,22341074,22387780,46706
11169791,22339582,22386287,46705
11167005,22334010,22380712,46702
11166889,22333778,22380467,46689
11165367,22330734,22377422,46688
11164271,22328542,22375228,46686
11162015,22324030,22370705,46675
11156459,22312918,22359584,46666
11156207,22312414,22359059,46645
11153223,22306446,22353089,46643
11153127,22306254,22352896,46642
11150313,22300626,22347251,46625
11147005,22294010,22340621,46611
11144831,22289662,22336258,46596
11140283,22280566,22327162,46596
11139791,22279582,22326173,46591
11139327,22278654,22325233,46579
11139231,22278462,22325038,46576
11137673,22275346,22321921,46575
11136255,22272510,22319072,46562
11133025,22266050,22312606,46556
11131559,22263118,22309666,46548
11128299,22256598,22303129,46531
11127967,22255934,22302464,46530
11125275,22250550,22297069,46519
11122971,22245942,22292453,46511
11121903,22243806,22290316,46510
11120553,22241106,22287604,46498
11118817,22237634,22284128,46494
11117055,22234110,22280596,46486
11114039,22228078,22274558,46480
11114025,22228050,22274527,46477
11112783,22225566,22272031,46465
11110759,22221518,22267978,46460
11110113,22220226,22266685,46459
11108047,22216094,22262552,46458
11108009,22216018,22262465,46447
11106159,22212318,22258763,46445
11105999,22211998,22258439,46441
11105519,22211038,22257476,46438
11105127,22210254,22256692,46438
11104079,22208158,22254595,46437
11102955,22205910,22252342,46432
11101321,22202642,22249070,46428
11098905,22197810,22244228,46418
11098505,22197010,22243426,46416
11097759,22195518,22241927,46409
11096767,22193534,22239940,46406
11093407,22186814,22233203,46389
11092839,22185678,22232065,46387
11092307,22184614,22230998,46384
11092015,22184030,22230412,46382
11086591,22173182,22219541,46359
11086495,22172990,22219348,46358
11085993,22171986,22218338,46352
11084841,22169682,22216031,46349
11079387,22158774,22205101,46327
11077871,22155742,22202063,46321
11077055,22154110,22200425,46315
11076287,22152574,22198883,46309
11074217,22148434,22194742,46308
11072951,22145902,22192208,46306
11071979,22143958,22190260,46302
11070631,22141262,22187564,46302
11068431,22136862,22183159,46297
11067839,22135678,22181953,46275
11064233,22128466,22174738,46272
11064103,22128206,22174474,46268
11063547,22127094,22173355,46261
11061993,22123986,22170244,46258
11061019,22122038,22168286,46248
11059881,22119762,22166005,46243
11057895,22115790,22162030,46240
11055657,22111314,22157548,46234
11053383,22106766,22152994,46228
11048743,22097486,22143698,46212
11046739,22093478,22139675,46197
11045545,22091090,22137280,46190
11045039,22090078,22136260,46182
11042815,22085630,22131800,46170
11040431,22080862,22127024,46162
11039983,22079966,22126124,46158
11038363,22076726,22122884,46158
11037935,22075870,22122022,46152
11034791,22069582,22115729,46147
11033085,22066170,22112314,46144
11032575,22065150,22111289,46139
11031891,22063782,22109912,46130
11030153,22060306,22106429,46123
11028705,22057410,22103531,46121
11028327,22056654,22102774,46120
11027359,22054718,22100836,46118
11025671,22051342,22097446,46104
11020415,22040830,22086917,46087
11018913,22037826,22083905,46079
11016911,22033822,22079891,46069
11014281,22028562,22074616,46054
11013479,22026958,22073012,46054
11013275,22026550,22072601,46051
11011563,22023126,22069172,46046
11010047,22020094,22066127,46033
11007999,22015998,22062023,46025
11004959,22009918,22055939,46021
11001855,22003710,22049711,46001
10999655,21999310,22045310,46000
10999273,21998546,22044536,45990
10995001,21990002,22035989,45987
10993651,21987302,22033282,45980
10992543,21985086,22031057,45971
10991707,21983414,22029370,45956
10990207,21980414,22026367,45953
10988903,21977806,22023754,45948
10986603,21973206,22019152,45946
10984615,21969230,22015162,45932
10982815,21965630,22011551,45921
10977343,21954686,22000598,45912
10976253,21952506,21998407,45901
10974363,21948726,21994625,45899
10973935,21947870,21993766,45896
10973887,21947774,21993659,45885
10967039,21934078,21979939,45861
10964763,21929526,21975370,45844
10961407,21922814,21968656,45842
10959275,21918550,21964391,45841
10956743,21913486,21959314,45828
10956647,21913294,21959120,45826
10955091,21910182,21956002,45820
10953215,21906430,21952240,45810
10952825,21905650,21951448,45798
10951657,21903314,21949109,45795
10948639,21897278,21943060,45782
10947847,21895694,21941476,45782
10947739,21895478,21941258,45780
10946425,21892850,21938630,45780
10946151,21892302,21938080,45778
10945919,21891838,21937610,45772
10945761,21891522,21937289,45767
10944543,21889086,21934849,45763
10942463,21884926,21930677,45751
10939391,21878782,21924527,45745
10937983,21875966,21921698,45732
10935743,21871486,21917207,45721
10932507,21865014,21910733,45719
10932391,21864782,21910495,45713
10929491,21858982,21904688,45706
10927443,21854886,21900581,45695
10925215,21850430,21896122,45692
10924103,21848206,21893894,45688
10923657,21847314,21892999,45685
10921811,21843622,21889295,45673
10918063,21836126,21881777,45651
10914623,21829246,21874886,45640
10912239,21824478,21870104,45626
10910377,21820754,21866380,45626
10909855,21819710,21865324,45614
10909011,21818022,21863636,45614
10906983,21813966,21859571,45605
10906303,21812606,21858208,45602
10905135,21810270,21855865,45595
10900715,21801430,21847013,45583
10899951,21799902,21845477,45575
10897567,21795134,21840697,45563
10896623,21793246,21838808,45562
10891919,21783838,21829390,45552
10891483,21782966,21828518,45552
10890367,21780734,21826268,45534
10888873,21777746,21823273,45527
10887335,21774670,21820192,45522
10887137,21774274,21819796,45522
10886503,21773006,21818524,45518
10882975,21765950,21811454,45504
10882283,21764566,21810068,45502
10879467,21758934,21804428,45494
10878433,21756866,21802355,45489
10877671,21755342,21800825,45483
10875519,21751038,21796514,45476
10873343,21746686,21792158,45472
10871551,21743102,21788561,45459
10869759,21739518,21784969,45451
10868987,21737974,21783419,45445
10866281,21732562,21778000,45438
10862919,21725838,21771260,45422
10862079,21724158,21769571,45413
10860287,21720574,21765982,45408
10857555,21715110,21760510,45400
10856617,21713234,21758630,45396
10854527,21709054,21754438,45384
10852123,21704246,21749624,45378
10851423,21702846,21748223,45377
10850971,21701942,21747316,45374
10849563,21699126,21744494,45368
10848103,21696206,21741562,45356
10844955,21689910,21735256,45346
10844319,21688638,21733979,45341
10841727,21683454,21728782,45328
10839599,21679198,21724519,45321
10834743,21669486,21714802,45316
10834575,21669150,21714461,45311
10833311,21666622,21711922,45300
10831927,21663854,21709144,45290
10830879,21661758,21707042,45284
10827647,21655294,21700576,45282
10826031,21652062,21697328,45266
10825499,21650998,21696263,45265
10821971,21643942,21689198,45256
10821799,21643598,21688850,45252
10821679,21643358,21688607,45249
10818375,21636750,21681985,45235
10816767,21633534,21678769,45235
10815131,21630262,21675494,45232
10812729,21625458,21670679,45221
10812059,21624118,21669334,45216
10811839,21623678,21668890,45212
10811111,21622222,21667429,45207
10807935,21615870,21661064,45194
10806207,21612414,21657598,45184
10804107,21608214,21653392,45178
10803711,21607422,21652595,45173
10801871,21603742,21648908,45166
10801097,21602194,21647360,45166
10800061,21600122,21645286,45164
10796827,21593654,21638798,45144
10796527,21593054,21638198,45144
10793031,21586062,21631190,45128
10791579,21583158,21628286,45128
10788955,21577910,21623030,45120
10787803,21575606,21620726,45120
10785087,21570174,21615281,45107
10784671,21569342,21614435,45093
10781663,21563326,21608410,45084
10778015,21556030,21601093,45063
10774747,21549494,21594554,45060
10773787,21547574,21592622,45048
10771169,21542338,21587384,45046
10770287,21540574,21585608,45034
10766847,21533694,21578719,45025
10765271,21530542,21575558,45016
10764587,21529174,21574190,45016
10762479,21524958,21569974,45016
10761887,21523774,21568774,45000
10760233,21520466,21565462,44996
10758383,21516766,21561749,44983
10754139,21508278,21553249,44971
10752767,21505534,21550493,44959
10750177,21500354,21545311,44957
10750015,21500030,21544987,44957
10748201,21496402,21541343,44941
10744679,21489358,21534295,44937
10744575,21489150,21534083,44933
10744287,21488574,21533506,44932
10744059,21488118,21533042,44924
10742271,21484542,21529459,44917
10740287,21480574,21525491,44917
10739455,21478910,21523819,44909
10736619,21473238,21518140,44902
10736335,21472670,21517562,44892
10734415,21468830,21513721,44891
10733787,21467574,21512464,44890
10733035,21466070,21510953,44883
10730473,21460946,21505823,44877
10730145,21460290,21505166,44876
10729899,21459798,21504670,44872
10728167,21456334,21501197,44863
10726031,21452062,21496910,44848
10725007,21450014,21494858,44844
10724071,21448142,21492982,44840
10721447,21442894,21487732,44838
10720071,21440142,21484970,44828
10719951,21439902,21484730,44828
10718369,21436738,21481564,44826
10717353,21434706,21479519,44813
10714793,21429586,21474386,44800
10712377,21424754,21469552,44798
10712375,21424750,21469546,44796
10711695,21423390,21468185,44795
10711583,21423166,21467954,44788
10709857,21419714,21464500,44786
10709151,21418302,21463082,44780
10705519,21411038,21455803,44765
10705455,21410910,21455674,44764
10702127,21404254,21449018,44764
10699945,21399890,21444629,44739
10697919,21395838,21440567,44729
10695215,21390430,21435154,44724
10693063,21386126,21430838,44712
10691069,21382138,21426850,44712
10689039,21378078,21422789,44711
10688103,21376206,21420916,44710
10686367,21372734,21417425,44691
10684879,21369758,21414442,44684
10684385,21368770,21413452,44682
10683769,21367538,21412210,44672
10683295,21366590,21411260,44670
10681215,21362430,21407092,44662
10678767,21357534,21402196,44662
10678251,21356502,21401158,44656
10676583,21353166,21397814,44648
10676223,21352446,21397084,44638
10673465,21346930,21391564,44634
10670575,21341150,21385780,44630
10670399,21340798,21385426,44628
10669927,21339854,21384472,44618
10666543,21333086,21377686,44600
10665641,21331282,21375881,44599
10663049,21326098,21370696,44598
10660729,21321458,21366052,44594
10660517,21321034,21365614,44580
10659881,21319762,21364337,44575
10657535,21315070,21359632,44562
10655273,21310546,21355103,44557
10653567,21307134,21351691,44557
10651817,21303634,21348178,44544
10651183,21302366,21346903,44537
10650395,21300790,21345320,44530
10649023,21298046,21342575,44529
10647871,21295742,21340268,44526
10644961,21289922,21334448,44526
10644583,21289166,21333674,44508
10644415,21288830,21333335,44505
10641727,21283454,21327958,44504
10641343,21282686,21327185,44499
10639807,21279614,21324103,44489
10636847,21273694,21318178,44484
10634703,21269406,21313888,44482
10634687,21269374,21313838,44464
10629615,21259230,21303688,44458
10629275,21258550,21302995,44445
10627519,21255038,21299480,44442
10624637,21249274,21293711,44437
10624239,21248478,21292901,44423
10622311,21244622,21289040,44418
10618537,21237074,21281476,44402
10617721,21235442,21279838,44396
10616915,21233830,21278224,44394
10613999,21227998,21272377,44379
10611483,21222966,21267340,44374
10608809,21217618,21261977,44359
10608287,21216574,21260927,44353
10603163,21206326,21250664,44338
10598399,21196798,21241114,44316
10597407,21194814,21239122,44308
10596991,21193982,21238288,44306
10594587,21189174,21233477,44303
10593951,21187902,21232204,44302
10592091,21184182,21228479,44297
10590953,21181906,21226202,44296
10589321,21178642,21222922,44280
10586679,21173358,21217625,44267
10586219,21172438,21216703,44265
10584135,21168270,21212533,44263
10583295,21166590,21210842,44252
10580521,21161042,21205289,44247
10579303,21158606,21202847,44241
10578151,21156302,21200542,44240
10577959,21155918,21200156,44238
10577919,21155838,21200066,44228
10575615,21151230,21195448,44218
10572201,21144402,21188614,44212
10571919,21143838,21188050,44212
10571847,21143694,21187906,44212
10571311,21142622,21186826,44204
10568185,21136370,21180571,44201
10567679,21135358,21179546,44188
10565545,21131090,21175270,44180
10563999,21127998,21172168,44170
10559999,21119998,21164164,44166
10559535,21119070,21163234,44164
10558121,21116242,21160387,44145
10555843,21111686,21155831,44145
10555599,21111198,21155339,44141
10552481,21104962,21149090,44128
10552255,21104510,21148630,44120
10549359,21098718,21142834,44116
10548687,21097374,21141484,44110
10546927,21093854,21137960,44106
10545929,21091858,21135958,44100
10545833,21091666,21135761,44095
10544623,21089246,21133340,44094
10542939,21085878,21129968,44090
10542023,21084046,21128129,44083
10541693,21083386,21127468,44082
10541055,21082110,21126190,44080
10538079,21076158,21120220,44062
10535871,21071742,21115792,44050
10530461,21060922,21104972,44050
10530345,21060690,21104732,44042
10528495,21056990,21101026,44036
10526775,21053550,21097582,44032
10525601,21051202,21095234,44032
10525151,21050302,21094334,44032
10523515,21047030,21091049,44019
10522615,21045230,21089234,44004
10521711,21043422,21087415,43993
10520903,21041806,21085798,43992
10520631,21041262,21085253,43991
10519399,21038798,21082781,43983
10516831,21033662,21077644,43982
10516755,21033510,21077485,43975
10511951,21023902,21067877,43975
10511087,21022174,21066142,43968
10511017,21022034,21065992,43958
10508051,21016102,21060044,43942
10506367,21012734,21056672,43938
10505327,21010654,21054583,43929
10503657,21007314,21051242,43928
10503199,21006398,21050314,43916
10501311,21002622,21046529,43907
10498299,20996598,21040493,43895
10497279,20994558,21038449,43891
10493609,20987218,21031093,43875
10491017,20982034,21025906,43872
10488633,20977266,21021137,43871
10488475,20976950,21020810,43860
10487911,20975822,21019675,43853
10486503,20973006,21016853,43847
10484379,20968758,21012605,43847
10484139,20968278,21012118,43840
10479615,20959230,21003047,43817
10475745,20951490,20995291,43801
10468985,20937970,20981767,43797
10468843,20937686,20981482,43796
10468329,20936658,20980438,43780
10467099,20934198,20977978,43780
10465775,20931550,20975314,43764
10462543,20925086,20968846,43760
10461903,20923806,20967565,43759
10461865,20923730,20967484,43754
10461695,20923390,20967133,43743
10459867,20919734,20963470,43736
10452735,20905470,20949182,43712
10452585,20905170,20948878,43708
10450335,20900670,20944372,43702
10448895,20897790,20941481,43691
10448511,20897022,20940706,43684
10447007,20894014,20937698,43684
10445295,20890590,20934266,43676
10442959,20885918,20929585,43667
10439807,20879614,20923271,43657
10438697,20877394,20921048,43654
10434329,20868658,20912296,43638
10434153,20868306,20911936,43630
10431915,20863830,20907452,43622
10429223,20858446,20902067,43621
10429211,20858422,20902040,43618
10426111,20852222,20895826,43604
10425191,20850382,20893976,43594
10425075,20850150,20893744,43594
10424223,20848446,20892032,43586
10421095,20842190,20885762,43572
10420221,20840442,20884012,43570
10419615,20839230,20882798,43568
10418175,20836350,20879909,43559
10414075,20828150,20871703,43553
10412969,20825938,20869475,43537
10412315,20824630,20868167,43537
10411163,20822326,20865860,43534
10409631,20819262,20862796,43534
10409563,20819126,20862652,43526
10404219,20808438,20851948,43510
10403775,20807550,20851060,43510
10403487,20806974,20850479,43505
10401747,20803494,20846990,43496
10398377,20796754,20840231,43477
10395617,20791234,20834702,43468
10395135,20790270,20833733,43463
10393599,20787198,20830660,43462
10391279,20782558,20826016,43458
10389385,20778770,20822222,43452
10386845,20773690,20817142,43452
10385855,20771710,20815150,43440
10384937,20769874,20813300,43426
10379903,20759806,20803223,43417
10378703,20757406,20800820,43414
10378515,20757030,20800439,43409
10378267,20756534,20799937,43403
10373599,20747198,20790580,43382
10370461,20740922,20784296,43374
10370025,20740050,20783416,43366
10367771,20735542,20778905,43363
10365983,20731966,20775313,43347
10365951,20731902,20775244,43342
10364351,20728702,20772038,43336
10362043,20724086,20767418,43332
10361323,20722646,20765975,43329
10359855,20719710,20763029,43319
10355743,20711486,20754787,43301
10354079,20708158,20751449,43291
10352063,20704126,20747410,43284
10350911,20701822,20745101,43279
10346861,20693722,20736998,43276
10344635,20689270,20732530,43260
10343991,20687982,20731241,43259
10343239,20686478,20729726,43248
10341309,20682618,20725864,43246
10340511,20681022,20724256,43234
10338431,20676862,20720092,43230
10335657,20671314,20714542,43228
10335063,20670126,20713346,43220
10334879,20669758,20712976,43218
10334527,20669054,20712272,43218
10333903,20667806,20711020,43214
10332969,20665938,20709145,43207
10331049,20662098,20705303,43205
10330623,20661246,20704450,43204
10329855,20659710,20702900,43190
10328175,20656350,20699536,43186
10326975,20653950,20697128,43178
10323721,20647442,20690620,43178
10322921,20645842,20689013,43171
10321407,20642814,20685968,43154
10317823,20635646,20678794,43148
10317439,20634878,20678024,43146
10317063,20634126,20677264,43138
10316255,20632510,20675648,43138
10313017,20626034,20669170,43136
10312183,20624366,20667487,43121
10311195,20622390,20665510,43120
10310655,20621310,20664422,43112
10310313,20620626,20663738,43112
10308151,20616302,20659408,43106
10307583,20615166,20658266,43100
10306047,20612094,20655188,43094
10305535,20611070,20654158,43088
10302111,20604222,20647298,43076
10300897,20601794,20644870,43076
10298859,20597718,20640788,43070
10298395,20596790,20639860,43070
10298095,20596190,20639254,43064
10297087,20594174,20637227,43053
10294299,20588598,20631640,43042
10292105,20584210,20627248,43038
10290643,20581286,20624321,43035
10289223,20578446,20621479,43033
10287771,20575542,20618570,43028
10286363,20572726,20615746,43020
10283745,20567490,20610502,43012
10282491,20564982,20607986,43004
10281211,20562422,20605414,42992
10278607,20557214,20600203,42989
10277665,20555330,20598319,42989
10275995,20551990,20594978,42988
10274587,20549174,20592134,42960
10273263,20546526,20589481,42955
10267519,20535038,20577989,42951
10267495,20534990,20577940,42950
10266479,20532958,20575888,42930
10263647,20527294,20570218,42924
10263579,20527158,20570080,42922
10259311,20518622,20561528,42906
10254811,20509622,20552524,42902
10254579,20509158,20552059,42901
10253447,20506894,20549776,42882
10251623,20503246,20546116,42870
10250223,20500446,20543311,42865
10250087,20500174,20543030,42856
10247615,20495230,20538076,42846
10242729,20485458,20528284,42826
10237807,20475614,20518433,42819
10234457,20468914,20511724,42810
10233471,20466942,20509738,42796
10233279,20466558,20509343,42785
10231777,20463554,20506339,42785
10231503,20463006,20505791,42785
10229513,20459026,20501804,42778
10227625,20455250,20498014,42764
10224671,20449342,20492104,42762
10223759,20447518,20490268,42750
10221705,20443410,20486155,42745
10221545,20443090,20485828,42738
10219135,20438270,20480998,42728
10214527,20429054,20471777,42723
10212607,20425214,20467928,42714
10209019,20418038,20460752,42714
10208999,20417998,20460712,42714
10208871,20417742,20460428,42686
10207471,20414942,20457625,42683
10204391,20408782,20451454,42672
10204271,20408542,20451214,42672
10203887,20407774,20450441,42667
10202607,20405214,20447872,42658
10202239,20404478,20447134,42656
10199929,20399858,20442508,42650
10195803,20391606,20434243,42637
10194883,20389766,20432402,42636
10194247,20388494,20431121,42627
10192059,20384118,20426740,42622
10191785,20383570,20426188,42618
10191131,20382262,20424878,42616
10189309,20378618,20421229,42611
10188153,20376306,20418916,42610
10187531,20375062,20417668,42606
10187375,20374750,20417350,42600
10185257,20370514,20413109,42595
10185023,20370046,20412638,42592
10182399,20364798,20407376,42578
10181567,20363134,20405705,42571
10181351,20362702,20405272,42570
10178727,20357454,20400017,42563
10175487,20350974,20393522,42548
10172655,20345310,20387852,42542
10172415,20344830,20387362,42532
10171675,20343350,20385880,42530
10170281,20340562,20383088,42526
10167743,20335486,20378006,42520
10166767,20333534,20376052,42518
10166015,20332030,20374541,42511
10164345,20328690,20371196,42506
10161819,20323638,20366134,42496
10159401,20318802,20361295,42493
10158363,20316726,20359199,42473
10155039,20310078,20352542,42464
10154601,20309202,20351665,42463
10151931,20303862,20346322,42460
10150569,20301138,20343592,42454
10149631,20299262,20341702,42440
10146495,20292990,20335426,42436
10142633,20285266,20327687,42421
10141737,20283474,20325890,42416
10139465,20278930,20321342,42412
10138863,20277726,20320121,42395
10137135,20274270,20316658,42388
10136671,20273342,20315729,42387
10132023,20264046,20306428,42382
10129887,20259774,20302129,42355
10128575,20257150,20299501,42351
10127679,20255358,20297704,42346
10126015,20252030,20294374,42344
10125951,20251902,20294239,42337
10123711,20247422,20289749,42327
10121063,20242126,20284450,42324
10119167,20238334,20280644,42310
10114537,20229074,20271364,42290
10111135,20222270,20264546,42276
10109263,20218526,20260795,42269
10104687,20209374,20251636,42262
10104425,20208850,20251106,42256
10103263,20206526,20248768,42242
10096863,20193726,20235950,42224
10094439,20188878,20231098,42220
10094047,20188094,20230310,42216
10092315,20184630,20226827,42197
10090721,20181442,20223638,42196
10090143,20180286,20222473,42187
10088687,20177374,20219557,42183
10087663,20175326,20217509,42183
10087271,20174542,20216719,42177
10085403,20170806,20212982,42176
10082281,20164562,20206726,42164
10081657,20163314,20205470,42156
10079483,20158966,20201116,42150
10076897,20153794,20195939,42145
10075679,20151358,20193490,42132
10075079,20150158,20192287,42129
10073087,20146174,20188300,42126
10069439,20138878,20180986,42108
10065663,20131326,20173414,42088
10064155,20128310,20170397,42087
10061993,20123986,20166064,42078
10060221,20120442,20162519,42077
10059519,20119038,20161100,42062
10057151,20114302,20156350,42048
10053167,20106334,20148371,42037
10051563,20103126,20145154,42028
10051519,20103038,20145064,42026
10049639,20099278,20141303,42025
10046793,20093586,20135608,42022
10045161,20090322,20132338,42016
10044415,20088830,20130827,41997
10042063,20084126,20126114,41988
10040767,20081534,20123522,41988
10037523,20075046,20117017,41971
10035065,20070130,20112097,41967
10031859,20063718,20105666,41948
10029295,20058590,20100526,41936
10026779,20053558,20095481,41923
10024871,20049742,20091658,41916
10021979,20043958,20085874,41916
10021887,20043774,20085682,41908
10021183,20042366,20084273,41907
10019807,20039614,20081513,41899
10019775,20039550,20081444,41894
10015881,20031762,20073653,41891
10015423,20030846,20072731,41885
10014567,20029134,20071007,41873
10011375,20022750,20064616,41866
10008155,20016310,20058172,41862
10007679,20015358,20057206,41848
10006687,20013374,20055220,41846
10003369,20006738,20048566,41828
10002943,20005886,20047714,41828
10002343,20004686,20046511,41825
10002089,20004178,20045998,41820
9995715,19991430,20033242,41812
9995419,19990838,20032636,41798
9992519,19985038,20026822,41784
9989971,19979942,20021722,41780
9988265,19976530,20018299,41769
9987099,19974198,20015962,41764
9985191,19970382,20012141,41759
9982703,19965406,20007148,41742
9981471,19962942,20004682,41740
9978745,19957490,19999219,41729
9978715,19957430,19999157,41727
9973759,19947518,19989218,41700
9971199,19942398,19984088,41690
9968831,19937662,19979350,41688
9968735,19937470,19979156,41686
9965819,19931638,19973317,41679
9965199,19930398,19972072,41674
9965183,19930366,19972034,41668
9961319,19922638,19964303,41665
9960879,19921758,19963417,41659
9960861,19921722,19963378,41656
9960795,19921590,19963246,41656
9960445,19920890,19962539,41649
9957483,19914966,19956608,41642
9954271,19908542,19950178,41636
9954047,19908094,19949723,41629
9952157,19904314,19945940,41626
9951551,19903102,19944721,41619
9948863,19897726,19939336,41610
9947295,19894590,19936192,41602
9945079,19890158,19931758,41600
9944127,19888254,19929838,41584
9942665,19885330,19926911,41581
9942329,19884658,19926236,41578
9940531,19881062,19922636,41574
9940287,19880574,19922138,41564
9939399,19878798,19920359,41561
9936351,19872702,19914262,41560
9932799,19865598,19907128,41530
9928703,19857406,19898921,41515
9926567,19853134,19894643,41509
9925161,19850322,19891823,41501
9923583,19847166,19888666,41500
9921791,19843582,19885070,41488
9918943,19837886,19879364,41478
9916159,19832318,19873781,41463
9915519,19831038,19872497,41459
9910399,19820798,19862248,41450
9908879,19817758,19859192,41434
9908223,19816446,19857872,41426
9904235,19808470,19849894,41424
9903241,19806482,19847906,41424
9902171,19804342,19845749,41407
9901623,19803246,19844651,41405
9900257,19800514,19841917,41403
9900153,19800306,19841707,41401
9897655,19795310,19836704,41394
9896047,19792094,19833473,41379
9894655,19789310,19830683,41373
9894223,19788446,19829818,41372
9891145,19782290,19823656,41366
9891099,19782198,19823561,41363
9889407,19778814,19820164,41350
9887995,19775990,19817336,41346
9884143,19768286,19809616,41330
9881789,19763578,19804907,41329
9881471,19762942,19804264,41322
9881215,19762430,19803746,41316
9879145,19758290,19799606,41316
9874171,19748342,19789642,41300
9873819,19747638,19788934,41296
9873785,19747570,19788857,41287
9873535,19747070,19788356,41286
9873263,19746526,19787809,41283
9869225,19738450,19779724,41274
9867995,19735990,19777252,41262
9866281,19732562,19773824,41262
9865337,19730674,19771933,41259
9863293,19726586,19767845,41259
9862591,19725182,19766428,41246
9861631,19723262,19764500,41238
9859967,19719934,19761172,41238
9859625,19719250,19760480,41230
9857577,19715154,19756376,41222
9857023,19714046,19755262,41216
9854747,19709494,19750702,41208
9851483,19702966,19744168,41202
9850303,19700606,19741790,41184
9847579,19695158,19736338,41180
9846271,19692542,19733710,41168
9844961,19689922,19731089,41167
9844383,19688766,19729930,41164
9844223,19688446,19729610,41164
9842621,19685242,19726406,41164
9841759,19683518,19724674,41156
9839807,19679614,19720759,41145
9838639,19677278,19718417,41139
9835163,19670326,19711456,41130
9834651,19669302,19710430,41128
9833655,19667310,19708436,41126
9832959,19665918,19707032,41114
9830967,19661934,19703039,41105
9827687,19655374,19696472,41098
9825311,19650622,19691704,41082
9822767,19645534,19686616,41082
9822187,19644374,19685450,41076
9821631,19643262,19684336,41074
9821439,19642878,19683952,41074
9819473,19638946,19680016,41070
9819323,19638646,19679710,41064
9818599,19637198,19678261,41063
9817511,19635022,19676081,41059
9817247,19634494,19675552,41058
9815935,19631870,19672919,41049
9814975,19629950,19670992,41042
9813407,19626814,19667845,41031
9812127,19624254,19665280,41026
9809135,19618270,19659293,41023
9808703,19617406,19658425,41019
9808383,19616766,19657780,41014
9808249,19616498,19657511,41013
9806335,19612670,19653671,41001
9805353,19610706,19651703,40997
9800167,19600334,19641329,40995
9799675,19599350,19640339,40989
9799471,19598942,19639928,40986
9797753,19595506,19636484,40978
9797479,19594958,19635934,40976
9796607,19593214,19634188,40974
9795007,19590014,19630967,40953
9793001,19586002,19626952,40950
9790399,19580798,19621744,40946
9789759,19579518,19620454,40936
9789577,19579154,19620089,40935
9788519,19577038,19617967,40929
9786707,19573414,19614334,40920
9782943,19565886,19606789,40903
9782303,19564606,19605505,40899
9779425,19558850,19599742,40892
9779231,19558462,19599353,40891
9777471,19554942,19595830,40888
9771035,19542070,19582936,40866
9769799,19539598,19580453,40855
9768073,19536146,19576996,40850
9767913,19535826,19576669,40843
9762463,19524926,19565746,40820
9760335,19520670,19561490,40820
9759903,19519806,19560616,40810
9759231,19518462,19559266,40804
9756669,19513338,19554139,40801
9753471,19506942,19547731,40789
9752423,19504846,19545628,40782
9751273,19502546,19543322,40776
9749455,19498910,19539679,40769
9748477,19496954,19537723,40769
9744575,19489150,19529909,40759
9744509,19489018,19529774,40756
9744111,19488222,19528978,40756
9743823,19487646,19528397,40751
9743195,19486390,19527136,40746
9742475,19484950,19525696,40746
9740059,19480118,19520858,40740
9739241,19478482,19519217,40735
9737857,19475714,19516445,40731
9736991,19473982,19514702,40720
9736191,19472382,19513100,40718
9735863,19471726,19512440,40714
9732903,19465806,19506511,40705
9732379,19464758,19505461,40703
9731419,19462838,19503532,40694
9729705,19459410,19500097,40687
9729439,19458878,19499560,40682
9727903,19455806,19496488,40682
9727847,19455694,19496371,40677
9726817,19453634,19494308,40674
9725595,19451190,19491860,40670
9724375,19448750,19489420,40670
9722651,19445302,19485953,40651
9720767,19441534,19482178,40644
9717759,19435518,19476152,40634
9716585,19433170,19473800,40630
9714279,19428558,19469180,40622
9713281,19426562,19467182,40620
9711615,19423230,19463834,40604
9711231,19422462,19463066,40604
9708287,19416574,19457165,40591
9704167,19408334,19448923,40589
9702559,19405118,19445704,40586
9702399,19404798,19445366,40568
9700635,19401270,19441831,40561
9699579,19399158,19439719,40561
9699327,19398654,19439207,40553
9697727,19395454,19436006,40552
9694491,19388982,19429516,40534
9693631,19387262,19427794,40532
9687455,19374910,19415416,40506
9685887,19371774,19412273,40499
9685487,19370974,19411472,40498
9682029,19364058,19404551,40493
9681705,19363410,19403900,40490
9679451,19358902,19399378,40476
9678049,19356098,19396570,40472
9677631,19355262,19395724,40462
9677311,19354622,19395083,40461
9676891,19353782,19394242,40460
9675591,19351182,19391638,40456
9672955,19345910,19386358,40448
9671983,19343966,19384409,40443
9667951,19335902,19376333,40431
9665599,19331198,19371626,40428
9665193,19330386,19370806,40420
9664255,19328510,19368922,40412
9663355,19326710,19367120,40410
9662611,19325222,19365632,40410
9661799,19323598,19364002,40404
9660577,19321154,19361555,40401
9660415,19320830,19361227,40397
9657783,19315566,19355962,40396
9656559,19313118,19353508,40390
9655679,19311358,19351748,40390
9654975,19309950,19350319,40369
9652991,19305982,19346347,40365
9651159,19302318,19342675,40357
9648073,19296146,19336499,40353
9647207,19294414,19334753,40339
9646783,19293566,19333901,40335
9643495,19286990,19327324,40334
9642323,19284646,19324978,40332
9642075,19284150,19324480,40330
9639987,19279974,19320298,40324
9637595,19275190,19315492,40302
9635431,19270862,19311151,40289
9631903,19263806,19304080,40274
9629609,19259218,19299485,40267
9628095,19256190,19296454,40264
9626299,19252598,19292860,40262
9625595,19251190,19291445,40255
9621919,19243838,19284074,40236
9619529,19239058,19279286,40228
9618771,19237542,19277770,40228
9617055,19234110,19274338,40228
9614619,19229238,19269454,40216
9613967,19227934,19268135,40201
9612607,19225214,19265407,40193
9610719,19221438,19261628,40190
9610523,19221046,19261234,40188
9608447,19216894,19257082,40188
9607327,19214654,19254824,40170
9603127,19206254,19246414,40160
9601383,19202766,19242917,40151
9600055,19200110,19240253,40143
9598719,19197438,19237580,40142
9597179,19194358,19234486,40128
9595903,19191806,19231928,40122
9589695,19179390,19219492,40102
9588271,19176542,19216633,40091
9587015,19174030,19214120,40090
9586335,19172670,19212758,40088
9586079,19172158,19212238,40080
9583699,19167398,19207475,40077
9581545,19163090,19203160,40070
9580457,19160914,19200971,40057
9576959,19153918,19193962,40044
9576699,19153398,19193441,40043
9575615,19151230,19191268,40038
9570971,19141942,19181962,40020
9569129,19138258,19178273,40015
9569063,19138126,19178140,40014
9567335,19134670,19174676,40006
9566121,19132242,19172242,40000
9564651,19129302,19169299,39997
9563263,19126526,19166519,39993
9558763,19117526,19157506,39980
9556807,19113614,19153588,39974
9556479,19112958,19152925,39967
9555639,19111278,19151242,39964
9555105,19110210,19150168,39958
9550825,19101650,19141595,39945
9549915,19099830,19139764,39934
9547745,19095490,19135420,39930
9546239,19092478,19132390,39912
9544731,19089462,19129370,39908
9544191,19088382,19128287,39905
9542655,19085310,19125214,39904
9541703,19083406,19123307,39901
9540475,19080950,19120846,39896
9539305,19078610,19118504,39894
9537775,19075550,19115443,39893
9537231,19074462,19114346,39884
9534423,19068846,19108730,39884
9533751,19067502,19107377,39875
9531391,19062782,19102648,39866
9530175,19060350,19100204,39854
9527807,19055614,19095452,39838
9525967,19051934,19091771,39837
9522431,19044862,19084679,39817
9517807,19035614,19075426,39812
9517353,19034706,19074511,39805
9517215,19034430,19074230,39800
9516479,19032958,19072748,39790
9514247,19028494,19068277,39783
9511615,19023230,19063001,39771
9509071,19018142,19057913,39771
9507119,19014238,19054006,39768
9506857,19013714,19053469,39755
9503679,19007358,19047094,39736
9501609,19003218,19042948,39730
9498367,18996734,19036456,39722
9493503,18987006,19026718,39712
9493345,18986690,19026400,39710
9491583,18983166,19022858,39692
9488123,18976246,19015936,39690
9488055,18976110,19015798,39688
9487615,18975230,19014911,39681
9486495,18972990,19012657,39667
9484379,18968758,19008418,39660
9481371,18962742,19002386,39644
9478265,18956530,18996172,39642
9476203,18952406,18992045,39639
9475449,18950898,18990521,39623
9474937,18949874,18989495,39621
9473151,18946302,18985913,39611
9471353,18942706,18982313,39607
9468281,18936562,18976157,39595
9467647,18935294,18974884,39590
9465183,18930366,18969952,39586
9464255,18928510,18968093,39583
9462187,18924374,18963953,39579
9461833,18923666,18963236,39570
9458971,18917942,18957497,39555
9457087,18914174,18953728,39554
9455055,18910110,18949652,39542
9455039,18910078,18949616,39538
9449471,18898942,18938452,39510
9446683,18893366,18932870,39504
9444479,18888958,18928445,39487
9442025,18884050,18923534,39484
9439507,18879014,18918490,39476
9437631,18875262,18914725,39463
9436463,18872926,18912386,39460
9435803,18871606,18911060,39454
9432329,18864658,18904109,39451
9429951,18859902,18899333,39431
9427675,18855350,18894772,39422
9426047,18852094,18891512,39418
9425033,18850066,18889478,39412
9424743,18849486,18888895,39409
9422063,18844126,18883520,39394
9420779,18841558,18880951,39393
9417343,18834686,18874060,39374
9413703,18827406,18866780,39374
9411795,18823590,18862949,39359
9408041,18816082,18855430,39348
9407615,18815230,18854572,39342
9405695,18811390,18850724,39334
9404907,18809814,18849145,39331
9404415,18808830,18848159,39329
9402651,18805302,18844630,39328
9402593,18805186,18844514,39328
9402527,18805054,18844378,39324
9401575,18803150,18842465,39315
9399199,18798398,18837710,39312
9397511,18795022,18834322,39300
9396335,18792670,18831961,39291
9396159,18792318,18831604,39286
9393705,18787410,18826687,39277
9391595,18783190,18822460,39270
9389503,18779006,18818266,39260
9386951,18773902,18813154,39252
9385007,18770014,18809260,39246
9383849,18767698,18806938,39240
9382895,18765790,18805025,39235
9381863,18763726,18802960,39234
9378793,18757586,18796810,39224
9377561,18755122,18794344,39222
9376195,18752390,18791605,39215
9374159,18748318,18787517,39199
9374073,18748146,18787342,39196
9371887,18743774,18782962,39188
9371647,18743294,18782477,39183
9369067,18738134,18777316,39182
9368119,18736238,18775415,39177
9365503,18731006,18770164,39158
9360799,18721598,18760736,39138
9359135,18718270,18757406,39136
9357481,18714962,18754090,39128
9355759,18711518,18750638,39120
9353435,18706870,18745985,39115
9352361,18704722,18743831,39109
9351913,18703826,18742930,39104
9351015,18702030,18741131,39101
9348767,18697534,18736621,39087
9347071,18694142,18733222,39080
9346815,18693630,18732709,39079
9343871,18687742,18726815,39073
9340489,18680978,18720038,39060
9340187,18680374,18719428,39054
9339583,18679166,18718216,39050
9336551,18673102,18712147,39045
9335583,18671166,18710206,39040
9335293,18670586,18709624,39038
9334951,18669902,18708934,39032
9331705,18663410,18702440,39030
9330913,18661826,18700843,39017
9328201,18656402,18695416,39014
9327483,18654966,18693976,39010
9326905,18653810,18692815,39005
9324681,18649362,18688360,38998
9322587,18645174,18684155,38981
9319151,18638302,18677270,38968
9318247,18636494,18675458,38964
9316955,18633910,18672874,38964
9315209,18630418,18669371,38953
9310603,18621206,18660148,38942
9310153,18620306,18659240,38934
9309951,18619902,18658834,38932
9307987,18615974,18654895,38921
9305769,18611538,18650452,38914
9305471,18610942,18649855,38913
9303783,18607566,18646474,38908
9303279,18606558,18645455,38897
9299435,18598870,18637762,38892
9297659,18595318,18634195,38877
9296895,18593790,18632663,38873
9295519,18591038,18629909,38871
9291935,18583870,18622721,38851
9290911,18581822,18620669,38847
9288519,18577038,18615881,38843
9288057,18576114,18614951,38837
9286793,18573586,18612422,38836
9286747,18573494,18612325,38831
9285247,18570494,18609320,38826
9282007,18564014,18602837,38823
9281247,18562494,18601316,38822
9280359,18560718,18599527,38809
9278841,18557682,18596486,38804
9277439,18554878,18593668,38790
9274959,18549918,18588706,38788
9274745,18549490,18588271,38781
9272299,18544598,18583375,38777
9271791,18543582,18582352,38770
9268649,18537298,18576064,38766
9268249,18536498,18575258,38760
9264795,18529590,18568349,38759
9264695,18529390,18568136,38746
9263195,18526390,18565121,38731
9260599,18521198,18559918,38720
9255931,18511862,18550567,38705
9255391,18510782,18549481,38699
9252711,18505422,18544120,38698
9252607,18505214,18543905,38691
9250537,18501074,18539764,38690
9249215,18498430,18537103,38673
9246367,18492734,18531398,38664
9245823,18491646,18530306,38660
9245511,18491022,18529681,38659
9242535,18485070,18523723,38653
9239891,18479782,18518434,38652
9239835,18479670,18518321,38651
9239321,18478642,18517292,38650
9238655,18477310,18515947,38637
9238281,18476562,18515194,38632
9233159,18466318,18504935,38617
9232879,18465758,18504368,38610
9231903,18463806,18502415,38609
9231663,18463326,18501932,38606
9231055,18462110,18500710,38600
9227419,18454838,18493432,38594
9225513,18451026,18489617,38591
9225499,18450998,18489572,38574
9223039,18446078,18484645,38567
9220031,18440062,18478618,38556
9219199,18438398,18476951,38553
9216415,18432830,18471382,38552
9215231,18430462,18469012,38550
9215215,18430430,18468970,38540
9211239,18422478,18460996,38518
9206781,18413562,18452063,38501
9206491,18412982,18451480,38498
9204679,18409358,18447856,38498
9203455,18406910,18445406,38496
9202297,18404594,18443087,38493
9201833,18403666,18442141,38475
9199039,18398078,18436547,38469
9197479,18394958,18433420,38462
9197215,18394430,18432890,38460
9197183,18394366,18432820,38454
9195231,18390462,18428914,38452
9193983,18387966,18426418,38452
9193535,18387070,18425519,38449
9193287,18386574,18425020,38446
9193191,18386382,18424826,38444
9192275,18384550,18422989,38439
9190527,18381054,18419483,38429
9189039,18378078,18416504,38426
9186721,18373442,18411862,38420
9186559,18373118,18411533,38415
9184895,18369790,18408202,38412
9184507,18369014,18407422,38408
9182975,18365950,18404354,38404
9182447,18364894,18403294,38400
9181343,18362686,18401074,38388
9178983,18357966,18396346,38380
9178679,18357358,18395738,38380
9175929,18351858,18390233,38375
9173959,18347918,18386284,38366
9170223,18340446,18378796,38350
9170003,18340006,18378353,38347
9167655,18335310,18373645,38335
9165025,18330050,18368374,38324
9163419,18326838,18365161,38323
9161823,18323646,18361961,38315
9161031,18322062,18360368,38306
9157727,18315454,18353755,38301
9154537,18309074,18347366,38292
9152673,18305346,18343636,38290
9152103,18304206,18342484,38278
9150207,18300414,18338674,38260
9148537,18297074,18335330,38256
9145503,18291006,18329246,38240
9143433,18286866,18325106,38240
9141815,18283630,18321866,38236
9141673,18283346,18321578,38232
9138687,18277374,18315592,38218
9137465,18274930,18313148,38218
9136539,18273078,18311291,38213
9134623,18269246,18307444,38198
9134073,18268146,18306341,38195
9131039,18262078,18300262,38184
9126683,18253366,18291545,38179
9126399,18252798,18290974,38176
9125759,18251518,18289676,38158
9124287,18248574,18286724,38150
9120999,18241998,18280138,38140
9119387,18238774,18276913,38139
9119335,18238670,18276802,38132
9117743,18235486,18273616,38130
9117167,18234334,18272456,38122
9113545,18227090,18265210,38120
9112553,18225106,18263212,38106
9108327,18216654,18254753,38099
9108137,18216274,18254357,38083
9104647,18209294,18247363,38069
9100847,18201694,18239762,38068
9099119,18198238,18236290,38052
9097439,18194878,18232928,38050
9096759,18193518,18231568,38050
9096287,18192574,18230620,38046
9095931,18191862,18229897,38035
9093119,18186238,18224261,38023
9092607,18185214,18223231,38017
9088175,18176350,18214360,38010
9087785,18175570,18213571,38001
9086623,18173246,18211238,37992
9083679,18167358,18205348,37990
9083675,18167350,18205330,37980
9080903,18161806,18199781,37975
9079743,18159486,18197459,37973
9079465,18158930,18196901,37971
9078847,18157694,18195658,37964
9074335,18148670,18186632,37962
9073307,18146614,18184555,37941
9073243,18146486,18184423,37937
9070569,18141138,18179068,37930
9068591,18137182,18175103,37921
9066603,18133206,18171116,37910
9062367,18124734,18162644,37910
9061119,18122238,18160132,37894
9060991,18121982,18159869,37887
9059667,18119334,18157216,37882
9058783,18117566,18155446,37880
9058463,18116926,18154804,37878
9057163,18114326,18152203,37877
9057001,18114002,18151876,37874
9055583,18111166,18149036,37870
9054207,18108414,18146276,37862
9052671,18105342,18143194,37852
9050089,18100178,18138019,37841
9047719,18095438,18133270,37832
9047399,18094798,18132625,37827
9044959,18089918,18127744,37826
9044607,18089214,18127034,37820
9042145,18084290,18122098,37808
9040863,18081726,18119528,37802
9038527,18077054,18114853,37799
9037993,18075986,18113782,37796
9036457,18072914,18110702,37788
9033979,18067958,18105746,37788
9031239,18062478,18100250,37772
9030299,18060598,18098368,37770
9029791,18059582,18097342,37760
9028947,18057894,18095647,37753
9027583,18055166,18092911,37745
9025183,18050366,18088103,37737
9022703,18045406,18083137,37731
9021567,18043134,18080860,37726
9019959,18039918,18077644,37726
9019731,18039462,18077188,37726
9019135,18038270,18075980,37710
9015807,18031614,18069313,37699
9015143,18030286,18067981,37695
9014431,18028862,18066554,37692
9011535,18023070,18060752,37682
9010623,18021246,18058925,37679
9010479,18020958,18058636,37678
9008367,18016734,18054407,37673
9007975,18015950,18053614,37664
9006591,18013182,18050840,37658
9004271,18008542,18046192,37650
9001171,18002342,18039988,37646
8999325,17998650,18036292,37642
8997193,17994386,18032024,37638
8996343,17992686,18030316,37630
8995561,17991122,18028750,37628
8994991,17989982,18027610,37628
8994815,17989630,18027238,37608
8991657,17983314,18020920,37606
8990927,17981854,18019460,37606
8990633,17981266,18018862,37596
8989471,17978942,18016534,37592
8986471,17972942,18010522,37580
8986011,17972022,18009595,37573
8981711,17963422,18000982,37560
8981161,17962322,17999876,37554
8979739,17959478,17997028,37550
8975303,17950606,17988154,37548
8974985,17949970,17987510,37540
8974335,17948670,17986198,37528
8972457,17944914,17982436,37522
8971401,17942802,17980319,37517
8969529,17939058,17976566,37508
8967721,17935442,17972939,37497
8962345,17924690,17962181,37491
8962159,17924318,17961802,37484
8962027,17924054,17961533,37479
8960327,17920654,17958124,37470
8957119,17914238,17951704,37466
8956647,17913294,17950747,37453
8955625,17911250,17948699,37449
8954153,17908306,17945752,37446
8953703,17907406,17944846,37440
8949695,17899390,17936828,37438
8945915,17891830,17929241,37411
8945775,17891550,17928958,37408
8943993,17887986,17925388,37402
8942439,17884878,17922269,37391
8941415,17882830,17920217,37387
8934953,17869906,17907290,37384
8934889,17869778,17907155,37377
8934683,17869366,17906723,37357
8932511,17865022,17902372,37350
8931327,17862654,17900003,37349
8927015,17854030,17891372,37342
8925951,17851902,17889232,37330
8925153,17850306,17887634,37328
8923899,17847798,17885122,37324
8923879,17847758,17885081,37323
8921383,17842766,17880077,37311
8920057,17840114,17877419,37305
8917023,17834046,17871344,37298
8916459,17832918,17870210,37292
8914847,17829694,17866978,37284
8912879,17825758,17863037,37279
8912553,17825106,17862374,37268
8909775,17819550,17856814,37264
8908425,17816850,17854108,37258
8908415,17816830,17854078,37248
8906493,17812986,17850233,37247
8906287,17812574,17849818,37244
8900455,17800910,17838130,37220
8899687,17799374,17836585,37211
8897469,17794938,17832149,37211
8896137,17792274,17829484,37210
8894555,17789110,17826304,37194
8893951,17787902,17825093,37191
8892711,17785422,17822612,37190
8892395,17784790,17821978,37188
8891883,17783766,17820946,37180
8888431,17776862,17814032,37170
8888317,17776634,17813800,37166
8884827,17769654,17806810,37156
8883867,17767734,17804884,37150
8880979,17761958,17799106,37148
8879899,17759798,17796935,37137
8878457,17756914,17794043,37129
8878399,17756798,17793920,37122
8876135,17752270,17789392,37122
8875039,17750078,17787190,37112
8873513,17747026,17784130,37104
8869999,17739998,17777098,37100
8869001,17738002,17775088,37086
8863487,17726974,17764033,37059
8863231,17726462,17763520,37058
8861511,17723022,17760080,37058
8861183,17722366,17759420,37054
8861119,17722238,17759290,37052
8858505,17717010,17754059,37049
8856915,17713830,17750878,37048
8856511,17713022,17750056,37034
8855551,17711102,17748128,37026
8849785,17699570,17736586,37016
8848767,17697534,17734538,37004
8848041,17696082,17733086,37004
8847999,17695998,17732996,36998
8847643,17695286,17732279,36993
8846675,17693350,17730340,36990
8845993,17691986,17728976,36990
8840751,17681502,17718482,36980
8837625,17675250,17712209,36959
8835809,17671618,17708566,36948
8835071,17670142,17707090,36948
8832615,17665230,17702171,36941
8828143,17656286,17693206,36920
8826951,17653902,17690813,36911
8826107,17652214,17689124,36910
8825513,17651026,17687929,36903
8823615,17647230,17684126,36896
8820329,17640658,17677550,36892
8820039,17640078,17676959,36881
8819369,17638738,17675617,36879
8817535,17635070,17671940,36870
8816283,17632566,17669428,36862
8814363,17628726,17665582,36856
8810665,17621330,17658176,36846
8809831,17619662,17656501,36839
8806095,17612190,17649022,36832
8804855,17609710,17646538,36828
8803655,17607310,17644124,36814
8801929,17603858,17640665,36807
8801727,17603454,17640254,36800
8798383,17596766,17633560,36794
8795305,17590610,17627386,36776
8794607,17589214,17625988,36774
8792575,17585150,17621912,36762
8792063,17584126,17620888,36762
8791351,17582702,17619460,36758
8789487,17578974,17615726,36752
8785255,17570510,17607242,36732
8783529,17567058,17603788,36730
8779547,17559094,17595812,36718
8778551,17557102,17593816,36714
8776475,17552950,17589649,36699
8771943,17543886,17580572,36686
8771303,17542606,17579281,36675
8769151,17538302,17574974,36672
8767257,17534514,17571176,36662
8764413,17528826,17565484,36658
8764111,17528222,17564870,36648
8761439,17522878,17559526,36648
8759775,17519550,17556178,36628
8758239,17516478,17553104,36626
8757289,17514578,17551199,36621
8756223,17512446,17549057,36611
8753631,17507262,17543864,36602
8751785,17503570,17540170,36600
8748995,17497990,17534582,36592
8747807,17495614,17532202,36588
8746495,17492990,17529563,36573
8744091,17488182,17524754,36572
8743871,17487742,17524306,36564
8743143,17486286,17522849,36563
8742975,17485950,17522512,36562
8742367,17484734,17521292,36558
8740511,17481022,17517568,36546
8738431,17476862,17513405,36543
8736103,17472206,17508734,36528
8734633,17469266,17505791,36525
8734335,17468670,17505193,36523
8730849,17461698,17498212,36514
8730167,17460334,17496844,36510
8728287,17456574,17493074,36500
8726441,17452882,17489378,36496
8726063,17452126,17488619,36493
8724863,17449726,17486219,36493
8724223,17448446,17484929,36483
8722409,17444818,17481298,36480
8720711,17441422,17477896,36474
8720211,17440422,17476888,36466
8719231,17438462,17474926,36464
8718443,17436886,17473342,36456
8717295,17434590,17471045,36455
8714567,17429134,17465588,36454
8711259,17422518,17458958,36440
8710795,17421590,17458028,36438
8710783,17421566,17458001,36435
8709191,17418382,17454808,36426
8708735,17417470,17453882,36412
8704719,17409438,17445838,36400
8702953,17405906,17442304,36398
8702007,17404014,17440402,36388
8700071,17400142,17436526,36384
8699327,17398654,17435032,36378
8698727,17397454,17433830,36376
8696863,17393726,17430088,36362
8692649,17385298,17421646,36348
8688959,17377918,17414261,36343
8684265,17368530,17404846,36316
8682731,17365462,17401772,36310
8680887,17361774,17398084,36310
8674811,17349622,17385928,36306
8674607,17349214,17385491,36277
8673455,17346910,17383187,36277
8672575,17345150,17381422,36272
8669257,17338514,17374778,36264
8668907,17337814,17374072,36258
8665769,17331538,17367787,36249
8661785,17323570,17359798,36228
8661175,17322350,17358574,36224
8660617,17321234,17357453,36219
8657179,17314358,17350564,36206
8655335,17310670,17346874,36204
8654689,17309378,17345576,36198
8654143,17308286,17344474,36188
8651247,17302494,17338670,36176
8647963,17295926,17332096,36170
8646975,17293950,17330107,36157
8642303,17284606,17320742,36136
8639927,17279854,17315989,36135
8638399,17276798,17312933,36135
8636679,17273358,17309483,36125
8635325,17270650,17306770,36120
8633757,17267514,17303632,36118
8633625,17267250,17303368,36118
8632467,17264934,17301040,36106
8630831,17261662,17297752,36090
8627871,17255742,17291824,36082
8626297,17252594,17288666,36072
8625407,17250814,17286884,36070
8622399,17244798,17280863,36065
8622191,17244382,17280443,36061
8621339,17242678,17278738,36060
8620201,17240402,17276449,36047
8619375,17238750,17274793,36043
8617119,17234238,17270270,36032
8612511,17225022,17261036,36014
8607375,17214750,17250757,36007
8605959,17211918,17247910,35992
8605343,17210686,17246675,35989
8604539,17209078,17245066,35988
8601935,17203870,17239841,35971
8601599,17203198,17239162,35964
8600575,17201150,17237108,35958
8598767,17197534,17233492,35958
8597231,17194462,17230414,35952
8594879,17189758,17225698,35940
8591007,17182014,17217940,35926
8588987,17177974,17213894,35920
8588265,17176530,17212444,35914
8587439,17174878,17210792,35914
8587179,17174358,17210270,35912
8587035,17174070,17209979,35909
8585215,17170430,17206337,35907
8580779,17161558,17197460,35902
8579517,17159034,17194918,35884
8576167,17152334,17188199,35865
8575295,17150590,17186446,35856
8571047,17142094,17177933,35839
8568441,17136882,17172719,35837
8564827,17129654,17165467,35813
8562515,17125030,17160842,35812
8561691,17123382,17159180,35798
8556971,17113942,17149733,35791
8554665,17109330,17145103,35773
8551081,17102162,17137925,35763
8550017,17100034,17135795,35761
8548895,17097790,17133551,35761
8546783,17093566,17129306,35740
8543391,17086782,17122511,35729
8542671,17085342,17121068,35726
8542143,17084286,17120006,35720
8539447,17078894,17114611,35717
8538943,17077886,17113600,35714
8538607,17077214,17112923,35709
8538351,17076702,17112401,35699
8532975,17065950,17101636,35686
8530587,17061174,17096846,35672
8529919,17059838,17095504,35666
8526847,17053694,17089348,35654
8525291,17050582,17086231,35649
8523035,17046070,17081716,35646
8521865,17043730,17079376,35646
8521791,17043582,17079217,35635
8519225,17038450,17074084,35634
8518843,17037686,17073310,35624
8516351,17032702,17068319,35617
8514047,17028094,17063696,35602
8512159,17024318,17059916,35598
8510537,17021074,17056664,35590
8506523,17013046,17048636,35590
8506025,17012050,17047621,35571
8505833,17011666,17047234,35568
8498941,16997882,17033443,35561
8497917,16995834,17031389,35555
8496575,16993150,17028674,35524
8493287,16986574,17022091,35517
8493231,16986462,17021978,35516
8491631,16983262,17018774,35512
8489371,16978742,17014252,35510
8489185,16978370,17013866,35496
8486455,16972910,17008394,35484
8482331,16964662,17000144,35482
8481051,16962102,16997578,35476
8481007,16962014,16997476,35462
8476983,16953966,16989424,35458
8476095,16952190,16987642,35452
8475775,16951550,16986995,35445
8474695,16949390,16984829,35439
8474249,16948498,16983935,35437
8472347,16944694,16980131,35437
8470375,16940750,16976168,35418
8469161,16938322,16973734,35412
8467087,16934174,16969583,35409
8464383,16928766,16964158,35392
8461575,16923150,16958536,35386
8461551,16923102,16958483,35381
8457311,16914622,16949999,35377
8454995,16909990,16945355,35365
8454127,16908254,16943608,35354
8452507,16905014,16940366,35352
8449263,16898526,16933871,35345
8449255,16898510,16933846,35336
8448411,16896822,16932154,35332
8447695,16895390,16930712,35322
8442271,16884542,16919843,35301
8440147,16880294,16915594,35300
8437407,16874814,16910093,35279
8433435,16866870,16902142,35272
8431575,16863150,16898422,35272
8431071,16862142,16897400,35258
8430559,16861118,16896370,35252
8427687,16855374,16890623,35249
8426473,16852946,16888181,35235
8424559,16849118,16884353,35235
8422767,16845534,16880758,35224
8421223,16842446,16877656,35210
8419567,16839134,16874342,35208
8416249,16832498,16867694,35196
8413775,16827550,16862743,35193
8412671,16825342,16860526,35184
8411887,16823774,16858952,35178
8410409,16820818,16855996,35178
8407495,16814990,16850158,35168
8407151,16814302,16849468,35166
8404479,16808958,16844102,35144
8404127,16808254,16843393,35139
8401567,16803134,16838270,35136
8399529,16799058,16834178,35120
8396967,16793934,16829045,35111
8391807,16783614,16818718,35104
8391161,16782322,16817422,35100
8389545,16779090,16814176,35086
8388841,16777682,16812764,35082
8387967,16775934,16811009,35075
8385863,16771726,16806793,35067
8384815,16769630,16804696,35066
8384231,16768462,16803520,35058
8379855,16759710,16794755,35045
8377903,16755806,16790836,35030
8374025,16748050,16783067,35017
8370323,16740646,16775662,35016
8366153,16732306,16767304,34998
8366039,16732078,16767065,34987
8363775,16727550,16762535,34985
8362703,16725406,16760380,34974
8360617,16721234,16756198,34964
8360255,16720510,16755466,34956
8356699,16713398,16748350,34952
8354843,16709686,16744630,34944
8354495,16708990,16743925,34935
8353343,16706686,16741619,34933
8353255,16706510,16741441,34931
8352411,16704822,16739752,34930
8350959,16701918,16736848,34930
8349769,16699538,16734455,34917
8349609,16699218,16734134,34916
8348779,16697558,16732472,34914
8348251,16696502,16731412,34910
8345631,16691262,16726166,34904
8342575,16685150,16720040,34890
8341199,16682398,16717276,34878
8340415,16680830,16715704,34874
8337761,16675522,16710391,34869
8335609,16671218,16706083,34865
8335529,16671058,16705919,34861
8332585,16665170,16700014,34844
8331007,16662014,16696849,34835
8326383,16652766,16687600,34834
8326121,16652242,16687060,34818
8324179,16648358,16683172,34814
8323879,16647758,16682570,34812
8323071,16646142,16680940,34798
8319231,16638462,16673249,34787
8318311,16636622,16671403,34781
8316775,16633550,16668323,34773
8315839,16631678,16666450,34772
8314495,16628990,16663754,34764
8313209,16626418,16661182,34764
8310921,16621842,16656604,34762
8309919,16619838,16654582,34744
8306687,16613374,16648108,34734
8305663,16611326,16646057,34731
8301927,16603854,16638574,34720
8298175,16596350,16631054,34704
8296495,16592990,16627684,34694
8294911,16589822,16624504,34682
8291743,16583486,16618162,34676
8291515,16583030,16617706,34676
8290047,16580094,16614760,34666
8289999,16579998,16614664,34666
8286375,16572750,16607410,34660
8285343,16570686,16605344,34658
8282767,16565534,16600180,34646
8281803,16563606,16598249,34643
8281737,16563474,16598108,34634
8279999,16559998,16594622,34624
8277759,16555518,16590136,34618
8276091,16552182,16586797,34615
8275691,16551382,16585990,34608
8274815,16549630,16584236,34606
8274431,16548862,16583467,34605
8273533,16547066,16581671,34605
8272615,16545230,16579822,34592
8268453,16536906,16571492,34586
8266239,16532478,16567042,34564
8264185,16528370,16562929,34559
8260479,16520958,16555508,34550
8258919,16517838,16552378,34540
8258799,16517598,16552132,34534
8256723,16513446,16547980,34534
8254927,16509854,16544374,34520
8254311,16508622,16543142,34520
8253623,16507246,16541764,34518
8253055,16506110,16540616,34506
8250087,16500174,16534678,34504
8247015,16494030,16528516,34486
8245239,16490478,16524962,34484
8244407,16488814,16523293,34479
8244217,16488434,16522907,34473
8240363,16480726,16515191,34465
8238183,16476366,16510814,34448
8235283,16470566,16505009,34443
8233951,16467902,16502329,34427
8229531,16459062,16493489,34427
8228691,16457382,16491802,34420
8228607,16457214,16491626,34412
8227079,16454158,16488563,34405
8224603,16449206,16483606,34400
8222699,16445398,16479788,34390
8221931,16443862,16478248,34386
8218663,16437326,16471694,34368
8217919,16435838,16470199,34361
8214687,16429374,16463735,34361
8214635,16429270,16463626,34356
8213743,16427486,16461832,34346
8210883,16421766,16456108,34342
8209819,16419638,16453973,34335
8209439,16418878,16453208,34330
8209321,16418642,16452967,34325
8207999,16415998,16450315,34317
8206847,16413694,16448008,34314
8204031,16408062,16442372,34310
8202651,16405302,16439600,34298
8200443,16400886,16435174,34288
8197359,16394718,16428992,34274
8195583,16391166,16425436,34270
8192127,16384254,16418524,34270
8191315,16382630,16416898,34268
8188959,16377918,16412164,34246
8188471,16376942,16411184,34242
8186911,16373822,16408060,34238
8185967,16371934,16406165,34231
8183805,16367610,16401833,34223
8182783,16365566,16399786,34220
8181759,16363518,16397728,34210
8177833,16355666,16389866,34200
8177087,16354174,16388363,34189
8174235,16348470,16382650,34180
8172031,16344062,16378238,34176
8168939,16337878,16372043,34165
8166655,16333310,16367455,34145
8165353,16330706,16364848,34142
8164351,16328702,16362844,34142
8163169,16326338,16360480,34142
8162175,16324350,16358483,34133
8159343,16318686,16352810,34124
8157561,16315122,16349242,34120
8154463,16308926,16343036,34110
8154451,16308902,16343008,34106
8151113,16302226,16336313,34087
8150735,16301470,16335556,34086
8148755,16297510,16331596,34086
8145873,16291746,16325824,34078
8145577,16291154,16325225,34071
8144711,16289422,16323481,34059
8143167,16286334,16320383,34049
8142463,16284926,16318973,34047
8140563,16281126,16315172,34046
8137343,16274686,16308728,34042
8136705,16273410,16307450,34040
8136699,16273398,16307432,34034
8135711,16271422,16305452,34030
8135023,16270046,16304075,34029
8134655,16269310,16303336,34026
8133351,16266702,16300711,34009
8132137,16264274,16298282,34008
8131721,16263442,16297450,34008
8129377,16258754,16292752,33998
8129179,16258358,16292353,33995
8128479,16256958,16290949,33991
8126057,16252114,16286102,33988
8125931,16251862,16285846,33984
8122367,16244734,16278707,33973
8122191,16244382,16278353,33971
8119391,16238782,16272742,33960
8118763,16237526,16271486,33960
8117203,16234406,16268357,33951
8116479,16232958,16266899,33941
8115841,16231682,16265620,33938
8112607,16225214,16259150,33936
8112575,16225150,16259077,33927
8110039,16220078,16253998,33920
8108251,16216502,16250416,33914
8106075,16212150,16246045,33895
8103783,16207566,16241453,33887
8103151,16206302,16240184,33882
8101403,16202806,16236682,33876
8100047,16200094,16233965,33871
8097449,16194898,16228760,33862
8095851,16191702,16225558,33856
8093759,16187518,16221370,33852
8091199,16182398,16216240,33842
8088815,16177630,16211461,33831
8088105,16176210,16210034,33824
8086611,16173222,16207046,33824
8086247,16172494,16206308,33814
8082409,16164818,16198630,33812
8081961,16163922,16197718,33796
8079323,16158646,16192442,33796
8078505,16157010,16190806,33796
8077639,16155278,16189060,33782
8074377,16148754,16182515,33761
8073441,16146882,16180643,33761
8071913,16143826,16177582,33756
8070903,16141806,16175557,33751
8070175,16140350,16174097,33747
8069167,16138334,16172074,33740
8065207,16130414,16164148,33734
8063983,16127966,16161694,33728
8062055,16124110,16157830,33720
8061595,16123190,16156906,33716
8060969,16121938,16155646,33708
8058215,16116430,16150130,33700
8057655,16115310,16149010,33700
8056447,16112894,16146578,33684
8052831,16105662,16139342,33680
8052251,16104502,16138172,33670
8050811,16101622,16135291,33669
8048255,16096510,16130176,33666
8047609,16095218,16128875,33657
8046363,16092726,16126378,33652
8044523,16089046,16122683,33637
8043755,16087510,16121144,33634
8039963,16079926,16113548,33622
8038777,16077554,16111174,33620
8036095,16072190,16105790,33600
8034281,16068562,16102160,33598
8033771,16067542,16101139,33597
8032393,16064786,16098376,33590
8031087,16062174,16095758,33584
8027247,16054494,16088060,33566
8025759,16051518,16085081,33563
8024959,16049918,16083472,33554
8023911,16047822,16081372,33550
8023399,16046798,16080347,33549
8022015,16044030,16077572,33542
8019391,16038782,16072324,33542
8018303,16036606,16070138,33532
8015563,16031126,16064656,33530
8015007,16030014,16063528,33514
8013659,16027318,16060832,33514
8013289,16026578,16060090,33512
8012827,16025654,16059158,33504
8010911,16021822,16055320,33498
8009375,16018750,16052237,33487
8005857,16011714,16045190,33476
8005099,16010198,16043674,33476
8004639,16009278,16042750,33472
8002811,16005622,16039091,33469
8002537,16005074,16038536,33462
7999231,15998462,16031911,33449
7995547,15991094,16024540,33446
7995389,15990778,16024211,33433
7994911,15989822,16023253,33431
7994479,15988958,16022387,33429
7992647,15985294,16018720,33426
7991673,15983346,16016764,33418
7990911,15981822,16015234,33412
7988863,15977726,16011134,33408
7985903,15971806,16005202,33396
7983423,15966846,16000234,33388
7982623,15965246,15998627,33381
7981331,15962662,15996043,33381
7981295,15962590,15995969,33379
7980523,15961046,15994421,33375
7978235,15956470,15989845,33375
7977767,15955534,15988897,33363
7975771,15951542,15984904,33362
7975023,15950046,15983404,33358
7974655,15949310,15982663,33353
7973151,15946302,15979646,33344
7970725,15941450,15974794,33344
7969663,15939326,15972658,33332
7968385,15936770,15970100,33330
7967579,15935158,15968488,33330
7966023,15932046,15965357,33311
7963903,15927806,15961108,33302
7963291,15926582,15959879,33297
7959247,15918494,15951779,33285
7958847,15917694,15950972,33278
7956607,15913214,15946483,33269
7952319,15904638,15937900,33262
7949855,15899710,15932969,33259
7949439,15898878,15932137,33259
7948799,15897598,15930836,33238
7948783,15897566,15930803,33237
7948031,15896062,15929296,33234
7945271,15890542,15923776,33234
7944831,15889662,15922894,33232
7944505,15889010,15922240,33230
7943215,15886430,15919652,33222
7941991,15883982,15917192,33210
7941203,15882406,15915616,33210
7940187,15880374,15913582,33208
7940009,15880018,15913219,33201
7937791,15875582,15908771,33189
7935391,15870782,15903967,33185
7935003,15870006,15903184,33178
7930575,15861150,15894319,33169
7929151,15858302,15891461,33159
7927591,15855182,15888332,33150
7927023,15854046,15887189,33143
7926087,15852174,15885317,33143
7925759,15851518,15884660,33142
7924159,15848318,15881453,33135
7919847,15839694,15872816,33122
7918239,15836478,15869591,33113
7915739,15831478,15864586,33108
7914361,15828722,15861818,33096
7911515,15823030,15856114,33084
7909447,15818894,15851969,33075
7909375,15818750,15851821,33071
7907553,15815106,15848176,33070
7906271,15812542,15845602,33060
7904927,15809854,15842909,33055
7904351,15808702,15841757,33055
7903559,15807118,15840166,33048
7900827,15801654,15834694,33040
7897847,15795694,15828730,33036
7897759,15795518,15828550,33032
7895743,15791486,15824518,33032
7895081,15790162,15823187,33025
7894203,15788406,15821426,33020
7892127,15784254,15817265,33011
7891961,15783922,15816926,33004
7891455,15782910,15815906,32996
7890473,15780946,15813940,32994
7889179,15778358,15811352,32994
7887623,15775246,15808234,32988
7887567,15775134,15808114,32980
7883547,15767094,15800066,32972
7881039,15762078,15795034,32956
7877743,15755486,15788432,32946
7876655,15753310,15786250,32940
7875867,15751734,15784670,32936
7872959,15745918,15778837,32919
7870207,15740414,15773320,32906
7868871,15737742,15770648,32906
7868263,15736526,15769430,32904
7868031,15736062,15768962,32900
7865569,15731138,15764033,32895
7865391,15730782,15763672,32890
7863977,15727954,15760844,32890
7862271,15724542,15757426,32884
7859839,15719678,15752554,32876
7859823,15719646,15752522,32876
7857839,15715678,15748546,32868
7854687,15709374,15742228,32854
7854249,15708498,15741344,32846
7853395,15706790,15739634,32844
7851247,15702494,15735329,32835
7848431,15696862,15729694,32832
7847167,15694334,15727162,32828
7846907,15693814,15726635,32821
7846427,15692854,15725674,32820
7846399,15692798,15725614,32816
7845919,15691838,15724651,32813
7843355,15686710,15719516,32806
7843099,15686198,15719000,32802
7842663,15685326,15718121,32795
7839439,15678878,15711659,32781
7836607,15673214,15705988,32774
7832219,15664438,15697189,32751
7830185,15660370,15693109,32739
7826537,15653074,15685810,32736
7825471,15650942,15683665,32723
7821097,15642194,15674917,32723
7818985,15637970,15670691,32721
7817391,15634782,15667472,32690
7815963,15631926,15664616,32690
7815167,15630334,15663010,32676
7813631,15627262,15659932,32670
7809299,15618598,15651256,32658
7809115,15618230,15650881,32651
7807023,15614046,15646696,32650
7804519,15609038,15641674,32636
7801311,15602622,15635243,32621
7800603,15601206,15633823,32617
7798327,15596654,15629264,32610
7796713,15593426,15626027,32601
7796351,15592702,15625300,32598
7795199,15590398,15622996,32598
7793927,15587854,15620452,32598
7792039,15584078,15616667,32589
7790589,15581178,15613762,32584
7790063,15580126,15612704,32578
7788703,15577406,15609976,32570
7785159,15570318,15602881,32563
7784027,15568054,15600616,32562
7783455,15566910,15599461,32551
7780199,15560398,15592936,32538
7779567,15559134,15591670,32536
7778463,15556926,15589462,32536
7776883,15553766,15586294,32528
7772319,15544638,15577162,32524
7771449,15542898,15575408,32510
7768731,15537462,15569962,32500
7765535,15531070,15563546,32476
7764031,15528062,15560536,32474
7763431,15526862,15559330,32468
7763183,15526366,15558826,32460
7760147,15520294,15552749,32455
7757993,15515986,15548431,32445
7756335,15512670,15545110,32440
7755433,15510866,15543305,32439
7753801,15507602,15540032,32430
7752663,15505326,15537749,32423
7751743,15503486,15535907,32421
7751297,15502594,15535010,32416
7751103,15502206,15534616,32410
7749727,15499454,15531859,32405
7747911,15495822,15528220,32398
7743243,15486486,15518884,32398
7742791,15485582,15517966,32384
7742191,15484382,15516760,32378
7738111,15476222,15508582,32360
7736647,15473294,15505654,32360
7735623,15471246,15503596,32350
7733693,15467386,15499732,32346
7732991,15465982,15498317,32335
7732735,15465470,15497804,32334
7729151,15458302,15490619,32317
7725673,15451346,15483653,32307
7721871,15443742,15476048,32306
7720095,15440190,15472471,32281
7718815,15437630,15469909,32279
7717983,15435966,15468241,32275
7712809,15425618,15457877,32259
7709737,15419474,15451721,32247
7706875,15413750,15445978,32228
7703655,15407310,15439535,32225
7700639,15401278,15433492,32214
7698591,15397182,15429376,32194
7697735,15395470,15427664,32194
7695201,15390402,15422588,32186
7694439,15388878,15421054,32176
7692571,15385142,15417308,32166
7689555,15379110,15411274,32164
7685151,15370302,15402449,32147
7684735,15369470,15401608,32138
7683711,15367422,15399551,32129
7682047,15364094,15396214,32120
7679991,15359982,15392101,32119
7678767,15357534,15389644,32110
7676811,15353622,15385732,32110
7675843,15351686,15383794,32108
7674879,15349758,15381847,32089
7672135,15344270,15376354,32084
7670719,15341438,15373511,32073
7667819,15335638,15367702,32064
7667027,15334054,15366118,32064
7666685,15333370,15365429,32059
7666159,15332318,15364372,32054
7663215,15326430,15358481,32051
7659347,15318694,15350740,32046
7658657,15317314,15349357,32043
7658267,15316534,15348572,32038
7654667,15309334,15341363,32029
7654335,15308670,15340678,32008
7652591,15305182,15337187,32005
7649947,15299894,15331882,31988
7648495,15296990,15328978,31988
7648479,15296958,15328946,31988
7646163,15292326,15324302,31976
7645865,15291730,15323699,31969
7643839,15287678,15319642,31964
7641983,15283966,15315922,31956
7640649,15281298,15313252,31954
7638943,15277886,15309832,31946
7638767,15277534,15309479,31945
7638575,15277150,15309095,31945
7636155,15272310,15304252,31942
7633279,15266558,15298481,31923
7631615,15263230,15295142,31912
7630761,15261522,15293434,31912
7629311,15258622,15290522,31900
7626751,15253502,15285400,31898
7626237,15252474,15284371,31897
7624703,15249406,15281287,31881
7623259,15246518,15278398,31880
7620507,15241014,15272884,31870
7617983,15235966,15267827,31861
7616275,15232550,15264407,31857
7615951,15231902,15263749,31847
7611123,15222246,15254081,31835
7606555,15213110,15244916,31806
7603049,15206098,15237898,31800
7603047,15206094,15237886,31792
7602503,15205006,15236797,31791
7600015,15200030,15231817,31787
7597415,15194830,15226597,31767
7592255,15184510,15216256,31746
7587655,15175310,15207041,31731
7585903,15171806,15203524,31718
7583913,15167826,15199544,31718
7583391,15166782,15198496,31714
7578319,15156638,15188330,31692
7576031,15152062,15183746,31684
7574855,15149710,15181382,31672
7572647,15145294,15176963,31669
7570535,15141070,15172733,31663
7570089,15140178,15171838,31660
7569051,15138102,15169751,31649
7568041,15136082,15167729,31647
7567131,15134262,15165904,31642
7561711,15123422,15155045,31623
7561243,15122486,15154103,31617
7558141,15116282,15147898,31616
7556199,15112398,15143996,31598
7555311,15110622,15142220,31598
7554815,15109630,15141226,31596
7554687,15109374,15140965,31591
7551471,15102942,15134521,31579
7547739,15095478,15127046,31568
7546107,15092214,15123779,31565
7543583,15087166,15118730,31564
7543503,15087006,15118564,31558
7540271,15080542,15112072,31530
7535323,15070646,15102175,31529
7534683,15069366,15100874,31508
7534239,15068478,15099983,31505
7531547,15063094,15094586,31492
7528959,15057918,15089404,31486
7528143,15056286,15087763,31477
7527423,15054846,15086320,31474
7524207,15048414,15079882,31468
7523895,15047790,15079250,31460
7520367,15040734,15072190,31456
7518531,15037062,15068518,31456
7517623,15035246,15066688,31442
7517543,15035086,15066524,31438
7517215,15034430,15065861,31431
7515887,15031774,15063205,31431
7514855,15029710,15061135,31425
7513339,15026678,15058102,31424
7512511,15025022,15056440,31418
7511911,15023822,15055240,31418
7509759,15019518,15050924,31406
7502713,15005426,15036826,31400
7502527,15005054,15036425,31371
7501567,15003134,15034499,31365
7496787,14993574,15024932,31358
7495771,14991542,15022888,31346
7494135,14988270,15019616,31346
7494111,14988222,15019562,31340
7492767,14985534,15016864,31330
7489767,14979534,15010859,31325
7488999,14977998,15009316,31318
7487343,14974686,15006004,31318
7486823,14973646,15004963,31317
7484779,14969558,15000869,31311
7483687,14967374,14998678,31304
7481113,14962226,14993525,31299
7478471,14956942,14988230,31288
7478335,14956670,14987956,31286
7477929,14955858,14987132,31274
7476551,14953102,14984368,31266
7472063,14944126,14975381,31255
7470647,14941294,14972534,31240
7465977,14931954,14963182,31228
7465703,14931406,14962634,31228
7465199,14930398,14961611,31213
7464383,14928766,14959978,31212
7463913,14927826,14959037,31211
7463103,14926206,14957416,31210
7458975,14917950,14949148,31198
7458095,14916190,14947379,31189
7456747,14913494,14944678,31184
7455969,14911938,14943118,31180
7455215,14910430,14941604,31174
7452263,14904526,14935697,31171
7451463,14902926,14934092,31166
7448809,14897618,14928784,31166
7448759,14897518,14928670,31152
7446527,14893054,14924191,31137
7444669,14889338,14920474,31136
7442847,14885694,14916818,31124
7441343,14882686,14913803,31117
7439207,14878414,14909524,31110
7437471,14874942,14906039,31097
7432671,14865342,14896424,31082
7430647,14861294,14892370,31076
7429355,14858710,14889776,31066
7426855,14853710,14884774,31064
7426527,14853054,14884115,31061
7425193,14850386,14881438,31052
7424169,14848338,14879381,31043
7421927,14843854,14874896,31042
7421039,14842078,14873110,31032
7420667,14841334,14872364,31030
7417503,14835006,14866024,31018
7412479,14824958,14855957,30999
7410779,14821558,14852555,30997
7409359,14818718,14849705,30987
7407743,14815486,14846470,30984
7405339,14810678,14841643,30965
7403999,14807998,14838959,30961
7403679,14807358,14838317,30959
7401919,14803838,14834794,30956
7401327,14802654,14833610,30956
7399003,14798006,14828950,30944
7397471,14794942,14825884,30942
7394975,14789950,14820880,30930
7394871,14789742,14820665,30923
7389055,14778110,14809027,30917
7388927,14777854,14808770,30916
7386753,14773506,14804422,30916
7385839,14771678,14802568,30890
7385247,14770494,14801375,30881
7384703,14769406,14800283,30877
7383721,14767442,14798317,30875
7383167,14766334,14797208,30874
7381967,14763934,14794805,30871
7381319,14762638,14793506,30868
7379823,14759646,14790512,30866
7377787,14755574,14786440,30866
7376155,14752310,14783158,30848
7375241,14750482,14781328,30846
7370537,14741074,14771909,30835
7370153,14740306,14771132,30826
7369195,14738390,14769214,30824
7368887,14737774,14768588,30814
7368039,14736078,14766892,30814
7366655,14733310,14764120,30810
7363359,14726718,14757506,30788
7359999,14719998,14750774,30776
7358623,14717246,14748014,30768
7356527,14713054,14743819,30765
7355389,14710778,14741542,30764
7355049,14710098,14740859,30761
7354593,14709186,14739941,30755
7353435,14706870,14737619,30749
7352391,14704782,14735528,30746
7350447,14700894,14731630,30736
7348315,14696630,14727364,30734
7346943,14693886,14724611,30725
7344607,14689214,14719927,30713
7342647,14685294,14716006,30712
7342319,14684638,14715341,30703
7342183,14684366,14715067,30701
7340031,14680062,14710751,30689
7338665,14677330,14708015,30685
7336639,14673278,14703959,30681
7334569,14669138,14699807,30669
7333103,14666206,14696873,30667
7328361,14656722,14687371,30649
7327591,14655182,14685824,30642
7326055,14652110,14682748,30638
7325935,14651870,14682502,30632
7320251,14640502,14671118,30616
7317351,14634702,14665318,30616
7316719,14633438,14664041,30603
7314687,14629374,14659972,30598
7314391,14628782,14659378,30596
7313455,14626910,14657492,30582
7308383,14616766,14647331,30565
7307867,14615734,14646298,30564
7306349,14612698,14643256,30558
7304495,14608990,14639542,30552
7304431,14608862,14639413,30551
7303393,14606786,14637334,30548
7302711,14605422,14635970,30548
7302143,14604286,14634826,30540
7301883,14603766,14634298,30532
7298561,14597122,14627650,30528
7297279,14594558,14625073,30515
7295113,14590226,14620732,30506
7294975,14589950,14620451,30501
7289815,14579630,14610122,30492
7287197,14574394,14604877,30483
7286327,14572654,14603125,30471
7284961,14569922,14600387,30465
7282735,14565470,14595929,30459
7281207,14562414,14592863,30449
7276681,14553362,14583800,30438
7276415,14552830,14583257,30427
7275423,14550846,14581268,30422
7272673,14545346,14575757,30411
7272447,14544894,14575300,30406
7267143,14534286,14564675,30389
7265447,14530894,14561282,30388
7264415,14528830,14559205,30375
7261279,14522558,14552926,30368
7258591,14517182,14547548,30366
7258537,14517074,14547428,30354
7258223,14516446,14546794,30348
7255503,14511006,14541344,30338
7254855,14509710,14540045,30335
7249199,14498398,14528720,30322
7248895,14497790,14528105,30315
7245991,14491982,14522279,30297
7244187,14488374,14518666,30292
7241727,14483454,14513740,30286
7238969,14477938,14508214,30276
7238075,14476150,14506424,30274
7236489,14472978,14503252,30274
7236351,14472702,14502958,30256
7231743,14463486,14493734,30248
7231131,14462262,14492510,30248
7230247,14460494,14490736,30242
7227303,14454606,14484835,30229
7225313,14450626,14480843,30217
7223547,14447094,14477308,30214
7223161,14446322,14476534,30212
7223143,14446286,14476492,30206
7222207,14444414,14474614,30200
7219945,14439890,14470090,30200
7216999,14433998,14464175,30177
7214647,14429294,14459465,30171
7214079,14428158,14458328,30170
7213359,14426718,14456885,30167
7210087,14420174,14450329,30155
7208417,14416834,14446988,30154
7208039,14416078,14446222,30144
7206335,14412670,14442812,30142
7205159,14410318,14440454,30136
7202955,14405910,14436038,30128
7202345,14404690,14434811,30121
7200731,14401462,14431573,30111
7200041,14400082,14430190,30108
7194999,14389998,14420104,30106
7194537,14389074,14419160,30086
7193215,14386430,14416508,30078
7190697,14381394,14411464,30070
7189735,14379470,14409533,30063
7184363,14368726,14398780,30054
7183467,14366934,14396977,30043
7180779,14361558,14391589,30031
7180191,14360382,14390405,30023
7176847,14353694,14383705,30011
7176391,14352782,14382793,30011
7174591,14349182,14379182,30000
7172255,14344510,14374499,29989
7167841,14335682,14365669,29987
7167251,14334502,14364484,29982
7166729,14333458,14363432,29974
7166271,14332542,14362514,29972
7165305,14330610,14360573,29963
7162857,14325714,14355670,29956
7162359,14324718,14354674,29956
7160809,14321618,14351566,29948
7160191,14320382,14350327,29945
7158921,14317842,14347780,29938
7157303,14314606,14344535,29929
7155647,14311294,14341222,29928
7152923,14305846,14335760,29914
7152111,14304222,14334131,29909
7150313,14300626,14330533,29907
7148175,14296350,14326253,29903
7147631,14295262,14325154,29892
7146633,14293266,14323153,29887
7144895,14289790,14319664,29874
7143195,14286390,14316257,29867
7141129,14282258,14312123,29865
7139371,14278742,14308607,29865
7138663,14277326,14307190,29864
7137127,14274254,14304104,29850
7134751,14269502,14299345,29843
7133903,14267806,14297644,29838
7131803,14263606,14293435,29829
7130143,14260286,14290102,29816
7128347,14256694,14286508,29814
7126699,14253398,14283209,29811
7126527,14253054,14282852,29798
7126207,14252414,14282212,29798
7122923,14245846,14275634,29788
7120809,14241618,14271394,29776
7120155,14240310,14270084,29774
7118127,14236254,14266028,29774
7118079,14236158,14265920,29762
7115643,14231286,14261042,29756
7112807,14225614,14255368,29754
7110427,14220854,14250587,29733
7108699,14217398,14247130,29732
7106587,14213174,14242891,29717
7103935,14207870,14237584,29714
7103515,14207030,14236735,29705
7101211,14202422,14232118,29696
7099123,14198246,14227940,29694
7097911,14195822,14225504,29682
7096375,14192750,14222428,29678
7091291,14182582,14212240,29658
7091231,14182462,14212118,29656
7089801,14179602,14209258,29656
7087663,14175326,14204975,29649
7086847,14173694,14203336,29642
7085535,14171070,14200708,29638
7083091,14166182,14195807,29625
7081519,14163038,14192651,29613
7079631,14159262,14188868,29606
7076671,14153342,14182943,29601
7074919,14149838,14179429,29591
7074247,14148494,14178082,29588
7072539,14145078,14174651,29573
7070503,14141006,14170576,29570
7068775,14137550,14167109,29559
7066863,14133726,14163280,29554
7065599,14131198,14160742,29544
7062461,14124922,14154466,29544
7060635,14121270,14150801,29531
7059547,14119094,14148614,29520
7057899,14115798,14145316,29518
7057785,14115570,14145083,29513
7056031,14112062,14141573,29511
7054271,14108542,14138044,29502
7052071,14104142,14133640,29498
7051945,14103890,14133386,29496
7050799,14101598,14131088,29490
7049711,14099422,14128910,29488
7049399,14098798,14128283,29485
7048127,14096254,14125732,29478
7048059,14096118,14125592,29474
7045119,14090238,14119697,29459
7043391,14086782,14116238,29456
7042273,14084546,14114002,29456
7040359,14080718,14110174,29456
7039999,14079998,14109442,29444
7037887,14075774,14105204,29430
7037065,14074130,14103559,29429
7035039,14070078,14099492,29414
7032457,14064914,14094322,29408
7030619,14061238,14090638,29400
7030555,14061110,14090507,29397
7028015,14056030,14085419,29389
7027369,14054738,14084126,29388
7025343,14050686,14080073,29387
7025055,14050110,14079491,29381
7023527,14047054,14076430,29376
7021819,14043638,14073011,29373
7020307,14040614,14069981,29367
7019743,14039486,14068849,29363
7018671,14037342,14066696,29354
7018111,14036222,14065568,29346
7013935,14027870,14057198,29328
7012603,14025206,14054534,29328
7011175,14022350,14051668,29318
7008511,14017022,14046340,29318
7007967,14015934,14045251,29317
7007391,14014782,14044094,29312
7005367,14010734,14040029,29295
7004243,14008486,14037781,29295
7001327,14002654,14031940,29286
7000295,14000590,14029874,29284
6999535,13999070,14028353,29283
6997083,13994166,14023448,29282
6994939,13989878,14019154,29276
6994087,13988174,14017426,29252
6994011,13988022,14017270,29248
6991871,13983742,14012980,29238
6990201,13980402,14009638,29236
6989823,13979646,14008876,29230
6989671,13979342,14008568,29226
6984745,13969490,13998707,29217
6982953,13965906,13995112,29206
6981943,13963886,13993090,29204
6981019,13962038,13991242,29204
6979327,13958654,13987840,29186
6977183,13954366,13983542,29176
6973767,13947534,13976696,29162
6967239,13934478,13963630,29152
6967151,13934302,13963448,29146
6965487,13930974,13960100,29126
6964671,13929342,13958465,29123
6961505,13923010,13952128,29118
6960935,13921870,13950988,29118
6959871,13919742,13948847,29105
6959131,13918262,13947365,29103
6958079,13916158,13945252,29094
6956219,13912438,13941530,29092
6953471,13906942,13936030,29088
6952815,13905630,13934711,29081
6952807,13905614,13934693,29079
6951187,13902374,13931444,29070
6950127,13900254,13929317,29063
6949191,13898382,13927444,29062
6945449,13890898,13919939,29041
6941597,13883194,13912226,29032
6941543,13883086,13912111,29025
6940775,13881550,13910573,29023
6938047,13876094,13905113,29019
6937903,13875806,13904824,29018
6934497,13868994,13897993,28999
6932519,13865038,13894036,28998
6932251,13864502,13893487,28985
6931455,13862910,13891892,28982
6930411,13860822,13889801,28979
6929065,13858130,13887106,28976
6928711,13857422,13886396,28974
6927935,13855870,13884844,28974
6927519,13855038,13884010,28972
6924965,13849930,13878898,28968
6924563,13849126,13878094,28968
6923903,13847806,13876766,28960
6923291,13846582,13875533,28951
6919935,13839870,13868815,28945
6919135,13838270,13867213,28943
6919009,13838018,13866959,28941
6917459,13834918,13863848,28930
6917279,13834558,13863484,28926
6913641,13827282,13856197,28915
6911423,13822846,13851760,28914
6909567,13819134,13848025,28891
6904831,13809662,13838546,28884
6903023,13806046,13834921,28875
6902697,13805394,13834262,28868
6901375,13802750,13831606,28856
6900607,13801214,13830067,28853
6897907,13795814,13824665,28851
6896423,13792846,13821686,28840
6894205,13788410,13817242,28832
6892775,13785550,13814374,28824
6892287,13784574,13813394,28820
6890041,13780082,13808897,28815
6889919,13779838,13808650,28812
6888859,13777718,13806530,28812
6886639,13773278,13802089,28811
6885583,13771166,13799969,28803
6885289,13770578,13799378,28800
6884009,13768018,13796804,28786
6881947,13763894,13792675,28781
6880937,13761874,13790645,28771
6877503,13755006,13783765,28759
6874527,13749054,13777802,28748
6873769,13747538,13776281,28743
6871367,13742734,13771471,28737
6868601,13737202,13765930,28728
6865903,13731806,13760525,28719
6864505,13729010,13757728,28718
6863927,13727854,13756564,28710
6862463,13724926,13753636,28710
6862271,13724542,13753240,28698
6861403,13722806,13751498,28692
6857575,13715150,13743830,28680
6856361,13712722,13741400,28678
6856255,13712510,13741184,28674
6853099,13706198,13734862,28664
6850663,13701326,13729985,28659
6850555,13701110,13729756,28646
6844319,13688638,13717258,28620
6842847,13685694,13714312,28618
6842431,13684862,13713478,28616
6838781,13677562,13706171,28609
6838567,13677134,13705742,28608
6836641,13673282,13701880,28598
6835631,13671262,13699850,28588
6834415,13668830,13697410,28580
6833391,13666782,13695353,28571
6831743,13663486,13692050,28564
6831103,13662206,13690768,28562
6826657,13653314,13681867,28553
6824447,13648894,13677428,28534
6821001,13642002,13670527,28525
6819675,13639350,13667869,28519
6816929,13633858,13662376,28518
6816815,13633630,13662148,28518
6816239,13632478,13660994,28516
6815423,13630846,13659349,28503
6812399,13624798,13653286,28488
6809673,13619346,13647832,28486
6809599,13619198,13647676,28478
6809135,13618270,13646744,28474
6807711,13615422,13643896,28474
6803967,13607934,13636390,28456
6802927,13605854,13634302,28448
6802303,13604606,13633054,28448
6799207,13598414,13626857,28443
6798975,13597950,13626380,28430
6795903,13591806,13620226,28420
6794523,13589046,13617458,28412
6794087,13588174,13616585,28411
6792751,13585502,13613908,28406
6791687,13583374,13611778,28404
6791583,13583166,13611566,28400
6790171,13580342,13608739,28397
6790015,13580030,13608425,28395
6787211,13574422,13602815,28393
6786919,13573838,13602220,28382
6783657,13567314,13595681,28367
6781609,13563218,13591574,28356
6780239,13560478,13588832,28354
6779631,13559262,13587616,28354
6778495,13556990,13585337,28347
6777343,13554686,13583027,28341
6775017,13550034,13578374,28340
6774207,13548414,13576744,28330
6772051,13544102,13572431,28329
6770939,13541878,13570199,28321
6770023,13540046,13568359,28313
6767355,13534710,13563020,28310
6765441,13530882,13559182,28300
6764969,13529938,13558234,28296
6764799,13529598,13557892,28294
6761755,13523510,13551791,28281
6758399,13516798,13545056,28258
6754681,13509362,13537618,28256
6753011,13506022,13534265,28243
6750877,13501754,13529992,28238
6749495,13498990,13527220,28230
6747879,13495758,13523978,28220
6747375,13494750,13522966,28216
6746111,13492222,13520429,28207
6743195,13486390,13514596,28206
6742975,13485950,13514147,28197
6741711,13483422,13511618,28196
6738623,13477246,13505434,28188
6736851,13473702,13501888,28186
6736283,13472566,13500737,28171
6735871,13471742,13499908,28166
6734249,13468498,13496662,28164
6731241,13462482,13490633,28151
6729343,13458686,13486828,28142
6727147,13454294,13482425,28131
6721759,13443518,13471636,28118
6719655,13439310,13467410,28100
6714095,13428190,13456277,28087
6712959,13425918,13453990,28072
6709207,13418414,13446484,28070
6709097,13418194,13446262,28068
6707995,13415990,13444042,28052
6702111,13404222,13432247,28025
6695375,13390750,13418770,28020
6694335,13388670,13416673,28003
6694199,13388398,13416398,28000
6693865,13387730,13415726,27996
6690215,13380430,13408418,27988
6689929,13379858,13407845,27987
6687905,13375810,13403777,27967
6686887,13373774,13401740,27966
6684519,13369038,13396987,27949
6682331,13364662,13392611,27949
6681319,13362638,13390582,27944
6680191,13360382,13388326,27944
6679871,13359742,13387675,27933
6678523,13357046,13384978,27932
6677743,13355486,13383412,27926
6673785,13347570,13375487,27917
6673103,13346206,13374112,27906
6670463,13340926,13368820,27894
6666907,13333814,13361705,27891
6666175,13332350,13360241,27891
6664745,13329490,13357376,27886
6663809,13327618,13355494,27876
6662907,13325814,13353676,27862
6657095,13314190,13342040,27850
6655439,13310878,13338719,27841
6655135,13310270,13338098,27828
6654079,13308158,13335980,27822
6649247,13298494,13326316,27822
6649071,13298142,13325956,27814
6647529,13295058,13322870,27812
6647047,13294094,13321894,27800
6645887,13291774,13319566,27792
6643455,13286910,13314689,27779
6640879,13281758,13309535,27777
6640297,13280594,13308359,27765
6637339,13274678,13302440,27762
6636575,13273150,13300904,27754
6636223,13272446,13300196,27750
6635007,13270014,13297756,27742
6632575,13265150,13292890,27740
6631423,13262846,13290572,27726
6628443,13256886,13284607,27721
6628219,13256438,13284157,27719
6626857,13253714,13281425,27711
6624233,13248466,13276174,27708
6620137,13240274,13267982,27708
6619135,13238270,13265947,27677
6617711,13235422,13263095,27673
6615247,13230494,13258163,27669
6614527,13229054,13256713,27659
6613151,13226302,13253956,27654
6610559,13221118,13248772,27654
6607713,13215426,13243072,27646
6606367,13212734,13240372,27638
6605919,13211838,13239461,27623
6605019,13210038,13237661,27623
6603641,13207282,13234904,27622
6602823,13205646,13233262,27616
6601447,13202894,13230499,27605
6601081,13202162,13229767,27605
6596479,13192958,13220540,27582
6593513,13187026,13214596,27570
6592055,13184110,13211680,27570
6589097,13178194,13205752,27558
6587859,13175718,13203271,27553
6587647,13175294,13202842,27548
6585343,13170686,13198234,27548
6585341,13170682,13198228,27546
6582959,13165918,13193464,27546
6582523,13165046,13192571,27525
6578663,13157326,13184834,27508
6576127,13152254,13179760,27506
6574191,13148382,13175885,27503
6573311,13146622,13174114,27492
6573083,13146166,13173653,27487
6571079,13142158,13169645,27487
6571007,13142014,13169500,27486
6570751,13141502,13168976,27474
6569831,13139662,13167134,27472
6565703,13131406,13158875,27469
6563839,13127678,13155128,27450
6563307,13126614,13154059,27445
6562815,13125630,13153073,27443
6561747,13123494,13150937,27443
6557935,13115870,13143305,27435
6557371,13114742,13142176,27434
6556775,13113550,13140970,27420
6555769,13111538,13138957,27419
6553767,13107534,13134946,27412
6551791,13103582,13130981,27399
6550121,13100242,13127633,27391
6548511,13097022,13124410,27388
6548137,13096274,13123660,27386
6547625,13095250,13122634,27384
6546215,13092430,13119806,27376
6545007,13090014,13117387,27373
6544831,13089662,13117034,27372
6541807,13083614,13110974,27360
6539423,13078846,13106195,27349
6536189,13072378,13099720,27342
6533363,13066726,13094062,27336
6533093,13066186,13093522,27336
6532943,13065886,13093213,27327
6531303,13062606,13089926,27320
6531071,13062142,13089458,27316
6528543,13057086,13084391,27305
6528539,13057078,13084379,27301
6526505,13053010,13080302,27292
6526089,13052178,13079468,27290
6523901,13047802,13075085,27283
6523623,13047246,13074527,27281
6519487,13038974,13066235,27261
6518313,13036626,13063886,27260
6516719,13033438,13060696,27258
6514023,13028046,13055290,27244
6513199,13026398,13053635,27237
6510903,13021806,13049039,27233
6507479,13014958,13042186,27228
6506889,13013778,13040993,27215
6504431,13008862,13036067,27205
6501943,13003886,13031084,27198
6501615,13003230,13030418,27188
6498375,12996750,13023938,27188
6496695,12993390,13020577,27187
6496383,12992766,13019939,27173
6496339,12992678,13019849,27171
6495881,12991762,13018931,27169
6495463,12990926,13018090,27164
6494983,12989966,13017130,27164
6492827,12985654,13012811,27157
6492327,12984654,13011808,27154
6490607,12981214,13008356,27142
6487423,12974846,13001986,27140
6484455,12968910,12996035,27125
6484137,12968274,12995396,27122
6482675,12965350,12992467,27117
6481767,12963534,12990635,27101
6480511,12961022,12988118,27096
6476733,12953466,12980555,27089
6476495,12952990,12980078,27088
6474729,12949458,12976540,27082
6472423,12944846,12971917,27071
6472191,12944382,12971443,27061
6469723,12939446,12966500,27054
6469055,12938110,12965164,27054
6468423,12936846,12963896,27050
6467923,12935846,12962894,27048
6466217,12932434,12959471,27037
6465151,12930302,12957337,27035
6458631,12917262,12944276,27014
6458303,12916606,12943610,27004
6457257,12914514,12941515,27001
6456991,12913982,12940981,26999
6455535,12911070,12938068,26998
6454685,12909370,12936367,26997
6452967,12905934,12932918,26984
6451451,12902902,12929881,26979
6451199,12902398,12929372,26974
6449599,12899198,12926168,26970
6446799,12893598,12920560,26962
6443007,12886014,12912965,26951
6442703,12885406,12912356,26950
6441739,12883478,12910421,26943
6441199,12882398,12909334,26936
6438909,12877818,12904753,26935
6438521,12877042,12903974,26932
6437119,12874238,12901165,26927
6435567,12871134,12898055,26921
6434639,12869278,12896189,26911
6431471,12862942,12889835,26893
6428215,12856430,12883318,26888
6426657,12853314,12880198,26884
6426233,12852466,12879344,26878
6425063,12850126,12876994,26868
6421887,12843774,12870632,26858
6419739,12839478,12866323,26845
6417063,12834126,12860963,26837
6414015,12828030,12854860,26830
6413311,12826622,12853444,26822
6413019,12826038,12852857,26819
6410087,12820174,12846980,26806
6409311,12818622,12845423,26801
6407145,12814290,12841085,26795
6405631,12811262,12838054,26792
6404523,12809046,12835838,26792
6402527,12805054,12831836,26782
6401647,12803294,12830075,26781
6400479,12800958,12827729,26771
6399359,12798718,12825485,26767
6397037,12794074,12820841,26767
6395439,12790878,12817636,26758
6395067,12790134,12816883,26749
6392319,12784638,12811372,26734
6391343,12782686,12809413,26727
6389419,12778838,12805564,26726
6388845,12777690,12804416,26726
6385065,12770130,12796841,26711
6383855,12767710,12794416,26706
6383015,12766030,12792734,26704
6381103,12762206,12788908,26702
6379519,12759038,12785716,26678
6379419,12758838,12785515,26677
6379375,12758750,12785426,26676
6377183,12754366,12781042,26676
6375867,12751734,12778402,26668
6375679,12751358,12778025,26667
6373439,12746878,12773542,26664
6372543,12745086,12771736,26650
6370889,12741778,12768428,26650
6370017,12740034,12766678,26644
6366889,12733778,12760400,26622
6365163,12730326,12756946,26620
6364841,12729682,12756296,26614
6362045,12724090,12750697,26607
6361135,12722270,12748871,26601
6357207,12714414,12741010,26596
6356281,12712562,12739153,26591
6355833,12711666,12738251,26585
6353703,12707406,12733976,26570
6351871,12703742,12730301,26559
6349671,12699342,12725896,26554
6348287,12696574,12723119,26545
6344927,12689854,12716392,26538
6344319,12688638,12715165,26527
6338079,12676158,12702670,26512
6336763,12673526,12700030,26504
6335743,12671486,12697990,26504
6334843,12669686,12696185,26499
6330109,12660218,12686696,26478
6327239,12654478,12680945,26467
6325415,12650830,12677290,26460
6324507,12649014,12675464,26450
6322919,12645838,12672278,26440
6319855,12639710,12666136,26426
6316799,12633598,12660020,26422
6315283,12630566,12656986,26420
6315177,12630354,12656762,26408
6314235,12628470,12654875,26405
6312187,12624374,12650771,26397
6309503,12619006,12645395,26389
6307807,12615614,12641998,26384
6306671,12613342,12639724,26382
6303369,12606738,12633101,26363
6303359,12606718,12633077,26359
6299647,12599294,12625634,26340
6296223,12592446,12618778,26332
6294683,12589366,12615689,26323
6294409,12588818,12615140,26322
6291631,12583262,12609574,26312
6290975,12581950,12608257,26307
6290535,12581070,12607373,26303
6287847,12575694,12601996,26302
6287699,12575398,12601700,26302
6284255,12568510,12594802,26292
6284031,12568062,12594341,26279
6283355,12566710,12592985,26275
6281375,12562750,12589013,26263
6280531,12561062,12587324,26262
6277407,12554814,12581072,26258
6275143,12550286,12576544,26258
6274529,12549058,12575299,26241
6272027,12544054,12570286,26232
6270463,12540926,12567149,26223
6270191,12540382,12566600,26218
6268351,12536702,12562918,26216
6266409,12532818,12559030,26212
6266131,12532262,12558473,26211
6265001,12530002,12556205,26203
6262207,12524414,12550601,26187
6260905,12521810,12547996,26186
6260791,12521582,12547766,26184
6259431,12518862,12545044,26182
6257967,12515934,12542102,26168
6256671,12513342,12539506,26164
6255899,12511798,12537958,26160
6255263,12510526,12536683,26157
6254575,12509150,12535306,26156
6252391,12504782,12530924,26142
6249439,12498878,12525011,26133
6245183,12490366,12516496,26130
6244863,12489726,12515852,26126
6244591,12489182,12515296,26114
6244347,12488694,12514804,26110
6243135,12486270,12512380,26110
6239771,12479542,12505643,26101
6239423,12478846,12504937,26091
6235703,12471406,12497492,26086
6235623,12471246,12497323,26077
6234907,12469814,12495887,26073
6233191,12466382,12492454,26072
6232155,12464310,12490370,26060
6229247,12458494,12484543,26049
6226791,12453582,12479618,26036
6223401,12446802,12472834,26032
6218855,12437710,12463738,26028
6218635,12437270,12463280,26010
6218011,12436022,12462032,26010
6212075,12424150,12450136,25986
6211353,12422706,12448687,25981
6211303,12422606,12448582,25976
6209607,12419214,12445190,25976
6207707,12415414,12441388,25974
6206171,12412342,12438301,25959
6206111,12412222,12438178,25956
6205439,12410878,12436828,25950
6201371,12402742,12428692,25950
6201341,12402682,12428620,25938
6199623,12399246,12425174,25928
6198139,12396278,12422197,25919
6195359,12390718,12416632,25914
6193243,12386486,12412399,25913
6192541,12385082,12410986,25904
6191807,12383614,12409517,25903
6191195,12382390,12408281,25891
6190217,12380434,12406324,25890
6189723,12379446,12405334,25888
6189595,12379190,12405077,25887
6188447,12376894,12402776,25882
6185641,12371282,12397162,25880
6183929,12367858,12393722,25864
6183305,12366610,12392470,25860
6183087,12366174,12392030,25856
6181359,12362718,12388571,25853
6178687,12357374,12383224,25850
6176463,12352926,12378757,25831
6175463,12350926,12376747,25821
6173439,12346878,12372692,25814
6171519,12343038,12368852,25814
6167807,12335614,12361426,25812
6166791,12333582,12359378,25796
6164735,12329470,12355252,25782
6162239,12324478,12350252,25774
6160635,12321270,12347044,25774
6159927,12319854,12345622,25768
6159547,12319094,12344861,25767
6158163,12316326,12342082,25756
6156351,12312702,12338458,25756
6155523,12311046,12336796,25750
6155439,12310878,12336623,25745
6153479,12306958,12332695,25737
6151177,12302354,12328084,25730
6150009,12300018,12325745,25727
6149535,12299070,12324788,25718
6147611,12295222,12320936,25714
6146687,12293374,12319078,25704
6144807,12289614,12315316,25702
6143487,12286974,12312674,25700
6141543,12283086,12308786,25700
6139391,12278782,12304474,25692
6139209,12278418,12304106,25688
6138735,12277470,12303148,25678
6137853,12275706,12301375,25669
6133375,12266750,12292400,25650
6129771,12259542,12285179,25637
6129023,12258046,12283679,25633
6126911,12253822,12279443,25621
6124391,12248782,12274396,25614
6123759,12247518,12273128,25610
6123263,12246526,12272134,25608
6121983,12243966,12269569,25603
6119119,12238238,12263825,25587
6115847,12231694,12257278,25584
6114043,12228086,12253670,25584
6113335,12226670,12252235,25565
6111567,12223134,12248698,25564
6109183,12218366,12243919,25553
6107881,12215762,12241307,25545
6106783,12213566,12239104,25538
6105423,12210846,12236380,25534
6103791,12207582,12233116,25534
6102529,12205058,12230588,25530
6099901,12199802,12225328,25526
6099431,12198862,12224372,25510
6099103,12198206,12223712,25506
6098791,12197582,12223088,25506
6096359,12192718,12218212,25494
6094543,12189086,12214577,25491
6092959,12185918,12211396,25478
6089711,12179422,12204898,25476
6089543,12179086,12204557,25471
6087903,12175806,12201268,25462
6086881,12173762,12199216,25454
6084455,12168910,12194363,25453
6082529,12165058,12190499,25441
6082217,12164434,12189871,25437
6080511,12161022,12186454,25432
6078915,12157830,12183262,25432
6078495,12156990,12182410,25420
6078111,12156222,12181637,25415
6075495,12150990,12176405,25415
6075035,12150070,12175474,25404
6072191,12144382,12169784,25402
6072091,12144182,12169571,25389
6068139,12136278,12161659,25381
6066079,12132158,12157526,25368
6064959,12129918,12155285,25367
6064191,12128382,12153746,25364
6062079,12124158,12149507,25349
6061471,12122942,12148289,25347
6058879,12117758,12143105,25347
6058783,12117566,12142906,25340
6057513,12115026,12140360,25334
6056559,12113118,12138448,25330
6055465,12110930,12136252,25322
6054055,12108110,12133432,25322
6053935,12107870,12133187,25317
6053177,12106354,12131668,25314
6049627,12099254,12124564,25310
6048905,12097810,12123112,25302
6047867,12095734,12121036,25302
6046491,12092982,12118268,25286
6045727,12091454,12116735,25281
6043241,12086482,12111758,25276
6040535,12081070,12106336,25266
6040031,12080062,12105320,25258
6038975,12077950,12103202,25252
6033903,12067806,12093047,25241
6033503,12067006,12092246,25240
6032425,12064850,12090080,25230
6031463,12062926,12088156,25230
6029303,12058606,12083827,25221
6029083,12058166,12083381,25215
6027241,12054482,12079685,25203
6023915,12047830,12073030,25200
6022235,12044470,12069665,25195
6020199,12040398,12065578,25180
6019567,12039134,12064312,25178
6019231,12038462,12063640,25178
6017511,12035022,12060197,25175
6016103,12032206,12057376,25170
6013819,12027638,12052799,25161
6013727,12027454,12052604,25150
6009967,12019934,12045068,25134
6007689,12015378,12040501,25123
6004393,12008786,12033893,25107
6002847,12005694,12030794,25100
5998647,11997294,12022384,25090
5996201,11992402,12017483,25081
5996031,11992062,12017135,25073
5993755,11987510,12012574,25064
5992143,11984286,12009350,25064
5989887,11979774,12004828,25054
5987567,11975134,12000176,25042
5984439,11968878,11993912,25034
5983535,11967070,11992102,25032
5983323,11966646,11991673,25027
5981737,11963474,11988499,25025
5980671,11961342,11986352,25010
5978045,11956090,11981096,25006
5977247,11954494,11979494,25000
5976289,11952578,11977576,24998
5974291,11948582,11973568,24986
5972927,11945854,11970832,24978
5972135,11944270,11969248,24978
5969135,11938270,11963230,24960
5966463,11932926,11957885,24959
5963943,11927886,11952827,24941
5961611,11923222,11948158,24936
5960943,11921886,11946811,24925
5959455,11918910,11943832,24922
5956455,11912910,11937815,24905
5951343,11902686,11927581,24895
5950397,11900794,11925686,24892
5949419,11898838,11923720,24882
5946863,11893726,11918596,24870
5943231,11886462,11911318,24856
5941919,11883838,11908691,24853
5939849,11879698,11904542,24844
5938943,11877886,11902718,24832
5935771,11871542,11896364,24822
5931645,11863290,11888099,24809
5929703,11859406,11884202,24796
5928263,11856526,11881318,24792
5926553,11853106,11877896,24790
5923385,11846770,11871548,24778
5920651,11841302,11866070,24768
5918971,11837942,11862695,24753
5917855,11835710,11860456,24746
5915675,11831350,11856086,24736
5912667,11825334,11850058,24724
5910779,11821558,11846276,24718
5907455,11814910,11839613,24703
5904609,11809218,11833918,24700
5903913,11807826,11832520,24694
5903481,11806962,11831656,24694
5903003,11806006,11830697,24691
5901503,11803006,11827691,24685
5899855,11799710,11824390,24680
5899177,11798354,11823025,24671
5897983,11795966,11820634,24668
5896703,11793406,11818070,24664
5896047,11792094,11816752,24658
5895935,11791870,11816528,24658
5891015,11782030,11806672,24642
5890539,11781078,11805710,24632
5890047,11780094,11804726,24632
5887743,11775486,11800114,24628
5885375,11770750,11795372,24622
5884399,11768798,11793418,24620
5884071,11768142,11792749,24607
5882409,11764818,11789417,24599
5880219,11760438,11785033,24595
5877295,11754590,11779181,24591
5874817,11749634,11774216,24582
5874159,11748318,11772890,24572
5872639,11745278,11769832,24554
5869903,11739806,11764358,24552
5869103,11738206,11762749,24543
5866431,11732862,11757400,24538
5861375,11722750,11747258,24508
5859603,11719206,11743714,24508
5856537,11713074,11737576,24502
5854711,11709422,11733908,24486
5853939,11707878,11732360,24482
5853031,11706062,11730541,24479
5852367,11704734,11729210,24476
5850857,11701714,11726188,24474
5847791,11695582,11720051,24469
5847035,11694070,11718539,24469
5845735,11691470,11715920,24450
5842941,11685882,11710322,24440
5840893,11681786,11706221,24435
5839083,11678166,11702596,24430
5838825,11677650,11702069,24419
5835753,11671506,11695909,24403
5834523,11669046,11693446,24400
5832663,11665326,11689721,24395
5829275,11658550,11682937,24387
5828649,11657298,11681674,24376
5827007,11654014,11678378,24364
5825775,11651550,11675912,24362
5821971,11643942,11668300,24358
5820111,11640222,11664562,24340
5818857,11637714,11662049,24335
5817627,11635254,11659585,24331
5817375,11634750,11659079,24329
5816575,11633150,11657479,24329
5815455,11630910,11655238,24328
5814939,11629878,11654198,24320
5814497,11628994,11653312,24318
5813473,11626946,11651258,24312
5812475,11624950,11649262,24312
5809711,11619422,11643725,24303
5808191,11616382,11640680,24298
5807433,11614866,11639164,24298
5807059,11614118,11638411,24293
5803145,11606290,11630558,24268
5801337,11602674,11626934,24260
5800271,11600542,11624800,24258
5800047,11600094,11624350,24256
5799551,11599102,11623354,24252
5795455,11590910,11615156,24246
5794255,11588510,11612740,24230
5792639,11585278,11609507,24229
5788487,11576974,11601181,24207
5785707,11571414,11595616,24202
5784607,11569214,11593408,24194
5783071,11566142,11590327,24185
5782303,11564606,11588791,24185
5779455,11558910,11583076,24166
5775359,11550718,11574880,24162
5772783,11545566,11569718,24152
5771401,11542802,11566942,24140
5770579,11541158,11565298,24140
5770041,11540082,11564221,24139
5768417,11536834,11560966,24132
5768169,11536338,11560468,24130
5767335,11534670,11558791,24121
5765345,11530690,11554810,24120
5763775,11527550,11551666,24116
5762377,11524754,11548859,24105
5761705,11523410,11547512,24102
5761535,11523070,11547161,24091
5759993,11519986,11544076,24090
5757783,11515566,11539655,24089
5757609,11515218,11539300,24082
5756883,11513766,11537846,24080
5755837,11511674,11535754,24080
5755375,11510750,11534816,24066
5751111,11502222,11526280,24058
5750271,11500542,11524589,24047
5750015,11500030,11524072,24042
5747559,11495118,11519158,24040
5744511,11489022,11513056,24034
5743993,11487986,11512018,24032
5740733,11481466,11505496,24030
5738771,11477542,11501566,24024
5737449,11474898,11498896,23998
5736895,11473790,11497783,23993
5736359,11472718,11496710,23992
5734623,11469246,11493227,23981
5731487,11462974,11486942,23968
5730487,11460974,11484940,23966
5728703,11457406,11481370,23964
5727115,11454230,11478190,23960
5725991,11451982,11475929,23947
5724959,11449918,11473861,23943
5723129,11446258,11470198,23940
5723071,11446142,11470076,23934
5718239,11436478,11460406,23928
5717103,11434206,11458118,23912
5714031,11428062,11451955,23893
5711963,11423926,11447812,23886
5708343,11416686,11440561,23875
5706567,11413134,11437006,23872
5704647,11409294,11433155,23861
5704191,11408382,11432236,23854
5702287,11404574,11428424,23850
5700011,11400022,11423863,23841
5699263,11398526,11422367,23841
5697855,11395710,11419537,23827
5695113,11390226,11414045,23819
5694279,11388558,11412373,23815
5692999,11385998,11409812,23814
5689535,11379070,11402878,23808
5689039,11378078,11401882,23804
5688319,11376638,11400430,23792
5686375,11372750,11396539,23789
5683739,11367478,11391248,23770
5682023,11364046,11387810,23764
5679273,11358546,11382310,23764
5678847,11357694,11381452,23758
5677567,11355134,11378879,23745
5676199,11352398,11376136,23738
5676031,11352062,11375797,23735
5673691,11347382,11371109,23727
5671015,11342030,11365757,23727
5669097,11338194,11361914,23720
5668767,11337534,11361250,23716
5668605,11337210,11360924,23714
5668255,11336510,11360216,23706
5662889,11325778,11349484,23706
5662719,11325438,11349116,23678
5661087,11322174,11345849,23675
5659017,11318034,11341708,23674
5658471,11316942,11340610,23668
5655687,11311374,11335036,23662
5654887,11309774,11333429,23655
5653843,11307686,11331335,23649
5651321,11302642,11326282,23640
5650027,11300054,11323691,23637
5649499,11298998,11322623,23625
5648231,11296462,11320087,23625
5646205,11292410,11316034,23624
5642921,11285842,11309438,23596
5639933,11279866,11303459,23593
5638899,11277798,11301389,23591
5638207,11276414,11299999,23585
5636663,11273326,11296903,23577
5633731,11267462,11291038,23576
5631771,11263542,11287100,23558
5631615,11263230,11286782,23552
5627035,11254070,11277620,23550
5626763,11253526,11277062,23536
5625171,11250342,11273864,23522
5622591,11245182,11268700,23518
5621455,11242910,11266424,23514
5620713,11241426,11264933,23507
5620583,11241166,11264672,23506
5619359,11238718,11262220,23502
5618175,11236350,11259850,23500
5613215,11226430,11249900,23470
5608751,11217502,11240968,23466
5608447,11216894,11240350,23456
5606939,11213878,11237330,23452
5604199,11208398,11231836,23438
5602985,11205970,11229401,23431
5600347,11200694,11224112,23418
5597935,11195870,11219278,23408
5591977,11183954,11207339,23385
5589843,11179686,11203069,23383
5589487,11178974,11202346,23372
5586569,11173138,11196503,23365
5583503,11167006,11190356,23350
5582683,11165366,11188711,23345
5577435,11154870,11178202,23332
5576619,11153238,11176568,23330
5572985,11145970,11169278,23308
5571867,11143734,11167036,23302
5568895,11137790,11161079,23289
5568127,11136254,11159536,23282
5566119,11132238,11155519,23281
5565119,11130238,11153518,23280
5562479,11124958,11148229,23271
5560527,11121054,11144321,23267
5558611,11117222,11140487,23265
5557311,11114622,11137870,23248
5557019,11114038,11137279,23241
5555177,11110354,11133592,23238
5554023,11108046,11131276,23230
5552751,11105502,11128732,23230
5551273,11102546,11125772,23226
5550747,11101494,11124706,23212
5548103,11096206,11119414,23208
5546463,11092926,11116126,23200
5546153,11092306,11115499,23193
5540065,11080130,11103317,23187
5539743,11079486,11102668,23182
5539263,11078526,11101691,23165
5537791,11075582,11098738,23156
5536475,11072950,11096104,23154
5532411,11064822,11087968,23146
5530793,11061586,11084728,23142
5529327,11058654,11081779,23125
5527615,11055230,11078350,23120
5526665,11053330,11076442,23112
5522281,11044562,11067664,23102
5520103,11040206,11063303,23097
5519999,11039998,11063081,23083
5516543,11033086,11056157,23071
5515945,11031890,11054956,23066
5512527,11025054,11048116,23062
5512301,11024602,11047661,23059
5512171,11024342,11047400,23058
5507639,11015278,11038336,23058
5506985,11013970,11037005,23035
5506607,11013214,11036248,23034
5505919,11011838,11034872,23034
5504481,11008962,11031986,23024
5502593,11005186,11028202,23016
5502415,11004830,11027842,23012
5500841,11001682,11024689,23007
5499967,10999934,11022941,23007
5498347,10996694,11019698,23004
5496825,10993650,11016641,22991
5494099,10988198,11011180,22982
5493439,10986878,11009857,22979
5488783,10977566,11000542,22976
5488671,10977342,11000299,22957
5486015,10972030,10994980,22950
5485793,10971586,10994534,22948
5484059,10968118,10991065,22947
5482493,10964986,10987933,22947
5481587,10963174,10986113,22939
5480609,10961218,10984157,22939
5480297,10960594,10983526,22932
5480043,10960086,10983016,22930
5478317,10956634,10979560,22926
5477545,10955090,10978001,22911
5476423,10952846,10975750,22904
5475287,10950574,10973476,22902
5473921,10947842,10970738,22896
5472959,10945918,10968805,22887
5471335,10942670,10965550,22880
5469961,10939922,10962800,22878
5469759,10939518,10962395,22877
5467361,10934722,10957592,22870
5466623,10933246,10956112,22866
5465883,10931766,10954628,22862
5465399,10930798,10953658,22860
5464745,10929490,10952344,22854
5461417,10922834,10945682,22848
5460791,10921582,10944430,22848
5459647,10919294,10942132,22838
5458451,10916902,10939738,22836
5457311,10914622,10937443,22821
5455519,10911038,10933856,22818
5454505,10909010,10931818,22808
5454335,10908670,10931476,22806
5450991,10901982,10924784,22802
5448423,10896846,10919632,22786
5445959,10891918,10914695,22777
5443943,10887886,10910662,22776
5443903,10887806,10910572,22766
5442273,10884546,10907311,22765
5437659,10875318,10898074,22756
5437305,10874610,10897366,22756
5436299,10872598,10895338,22740
5434665,10869330,10892068,22738
5434075,10868150,10890875,22725
5433823,10867646,10890370,22724
5432503,10865006,10887730,22724
5430943,10861886,10884608,22722
5429227,10858454,10881161,22707
5428777,10857554,10880255,22701
5428251,10856502,10879202,22700
5427041,10854082,10876781,22699
5424895,10849790,10872485,22695
5423807,10847614,10870301,22687
5423103,10846206,10868890,22684
5421147,10842294,10864966,22672
5417411,10834822,10857490,22668
5417371,10834742,10857401,22659
5415963,10831926,10854572,22646
5413823,10827646,10850288,22642
5410985,10821970,10844599,22629
5406313,10812626,10835242,22616
5403479,10806958,10829564,22606
5402217,10804434,10827029,22595
5400935,10801870,10824454,22584
5400031,10800062,10822643,22581
5395839,10791678,10814246,22568
5391073,10782146,10804697,22551
5390831,10781662,10804205,22543
5386473,10772946,10795481,22535
5386215,10772430,10794961,22531
5383033,10766066,10788592,22526
5382635,10765270,10787779,22509
5378003,10756006,10778512,22506
5376323,10752646,10775146,22500
5376111,10752222,10774714,22492
5375881,10751762,10774252,22490
5375739,10751478,10773967,22489
5375439,10750878,10773364,22486
5374747,10749494,10771972,22478
5373979,10747958,10770430,22472
5372143,10744286,10766753,22467
5370607,10741214,10763675,22461
5369363,10738726,10761187,22461
5369191,10738382,10760836,22454
5368167,10736334,10758781,22447
5365503,10731006,10753450,22444
5363895,10727790,10750229,22439
5363113,10726226,10748662,22436
5363015,10726030,10748455,22425
5362503,10725006,10747429,22423
5359975,10719950,10742365,22415
5356187,10712374,10734773,22399
5354591,10709182,10731580,22398
5350991,10701982,10724380,22398
5350427,10700854,10723234,22380
5347647,10695294,10717667,22373
5345961,10691922,10714295,22373
5345535,10691070,10713425,22355
5344895,10689790,10712140,22350
5342439,10684878,10707221,22343
5340607,10681214,10703546,22332
5337031,10674062,10696387,22325
5335709,10671418,10693739,22321
5335607,10671214,10693534,22320
5335199,10670398,10692713,22315
5332129,10664258,10686563,22305
5330259,10660518,10682807,22289
5328431,10656862,10679146,22284
5324343,10648686,10670956,22270
5323935,10647870,10670134,22264
5322281,10644562,10666822,22260
5320863,10641726,10663979,22253
5318697,10637394,10659644,22250
5317459,10634918,10657168,22250
5317351,10634702,10656944,22242
5314495,10628990,10651228,22238
5314429,10628858,10651094,22236
5314151,10628302,10650532,22230
5311723,10623446,10645672,22226
5310441,10620882,10643096,22214
5309723,10619446,10641652,22206
5308457,10616914,10639112,22198
5305247,10610494,10632688,22194
5302497,10604994,10627178,22184
5299903,10599806,10621979,22173
5299199,10598398,10620557,22159
5298687,10597374,10619530,22156
5296847,10593694,10615850,22156
5295231,10590462,10612618,22156
5294207,10588414,10610566,22152
5294135,10588270,10610410,22140
5291647,10583294,10605421,22127
5288991,10577982,10600105,22123
5288959,10577918,10600040,22122
5285959,10571918,10594025,22107
5285887,10571774,10593880,22106
5283839,10567678,10589773,22095
5282543,10565086,10587179,22093
5281705,10563410,10585502,22092
5278407,10556814,10578899,22085
5278175,10556350,10578424,22074
5277159,10554318,10576390,22072
5275263,10550526,10572592,22066
5274343,10548686,10570742,22056
5270847,10541694,10563734,22040
5269039,10538078,10560110,22032
5265231,10530462,10552486,22024
5264807,10529614,10551637,22023
5264667,10529334,10551352,22018
5263387,10526774,10548791,22017
5262575,10525150,10547167,22017
5261307,10522614,10544617,22003
5258617,10517234,10539233,21999
5258415,10516830,10538822,21992
5256383,10512766,10534756,21990
5255167,10510334,10532320,21986
5254025,10508050,10530022,21972
5253183,10506366,10528336,21970
5251103,10502206,10524166,21960
5247867,10495734,10517687,21953
5247113,10494226,10516174,21948
5242651,10485302,10507229,21927
5239487,10478974,10500892,21918
5237753,10475506,10497424,21918
5236457,10472914,10494818,21904
5234799,10469598,10491496,21898
5232367,10464734,10486631,21897
5232287,10464574,10486462,21888
5231271,10462542,10484423,21881
5228903,10457806,10479677,21871
5224775,10449550,10471408,21858
5219837,10439674,10461527,21853
5218425,10436850,10458679,21829
5217691,10435382,10457206,21824
5217163,10434326,10456148,21822
5213467,10426934,10448756,21822
5213391,10426782,10448584,21802
5212537,10425074,10446872,21798
5210671,10421342,10443140,21798
5210111,10420222,10442006,21784
5206199,10412398,10434170,21772
5203229,10406458,10428227,21769
5202183,10404366,10426133,21767
5200873,10401746,10423495,21749
5198591,10397182,10418920,21738
5196799,10393598,10415330,21732
5195951,10391902,10413634,21732
5193725,10387450,10409174,21724
5191999,10383998,10405712,21714
5189479,10378958,10400668,21710
5189351,10378702,10400410,21708
5186815,10373630,10395335,21705
5186799,10373598,10395290,21692
5185231,10370462,10392148,21686
5181927,10363854,10385540,21686
5178651,10357302,10378960,21658
5177023,10354046,10375697,21651
5173431,10346862,10368499,21637
5170655,10341310,10362932,21622
5169377,10338754,10360376,21622
5169151,10338302,10359920,21618
5167531,10335062,10356673,21611
5167263,10334526,10356136,21610
5166951,10333902,10355510,21608
5164187,10328374,10349977,21603
5163967,10327934,10349534,21600
5163007,10326014,10347604,21590
5160703,10321406,10342984,21578
5158127,10316254,10337824,21570
5155795,10311590,10333154,21564
5155327,10310654,10332211,21557
5154075,10308150,10329704,21554
5152767,10305534,10327079,21545
5149011,10298022,10319561,21539
5147945,10295890,10317424,21534
5144975,10289950,10311484,21534
5143803,10287606,10309120,21514
5142311,10284622,10306136,21514
5141711,10283422,10304932,21510
5140223,10280446,10301956,21510
5139195,10278390,10299899,21509
5138985,10277970,10299473,21503
5137439,10274878,10296376,21498
5134889,10269778,10291264,21486
5133183,10266366,10287850,21484
5131979,10263958,10285436,21478
5131823,10263646,10285109,21463
5126427,10252854,10274308,21454
5126369,10252738,10274182,21444
5123355,10246710,10268147,21437
5119231,10238462,10259872,21410
5115975,10231950,10253344,21394
5114095,10228190,10249576,21386
5111879,10223758,10245134,21376
5109039,10218078,10239452,21374
5108975,10217950,10239316,21366
5106303,10212606,10233964,21358
5103111,10206222,10227575,21353
5101727,10203454,10224791,21337
5098985,10197970,10219297,21327
5097441,10194882,10216201,21319
5092517,10185034,10206346,21312
5092511,10185022,10206319,21297
5087743,10175486,10196761,21275
5086207,10172414,10193681,21267
5081263,10162526,10183781,21255
5078655,10157310,10178551,21241
5075455,10150910,10172146,21236
5074081,10148162,10169387,21225
5073727,10147454,10168676,21222
5073599,10147198,10168420,21222
5069279,10138558,10159775,21217
5068699,10137398,10158598,21200
5066011,10132022,10153214,21192
5064759,10129518,10150699,21181
5063839,10127678,10148852,21174
5062121,10124242,10145416,21174
5060921,10121842,10143016,21174
5060443,10120886,10142054,21168
5057383,10114766,10135925,21159
5056283,10112566,10133714,21148
5052199,10104398,10125538,21140
5051631,10103262,10124384,21122
5048431,10096862,10117975,21113
5047023,10094046,10115155,21109
5044559,10089118,10110221,21103
5043369,10086738,10107836,21098
5042621,10085242,10106336,21094
5041319,10082638,10103728,21090
5040999,10081998,10103080,21082
5036711,10073422,10094488,21066
5036543,10073086,10094150,21064
5034153,10068306,10089364,21058
5031905,10063810,10084864,21054
5031823,10063646,10084697,21051
5029863,10059726,10080772,21046
5029055,10058110,10079153,21043
5027751,10055502,10076542,21040
5026041,10052082,10073117,21035
5023775,10047550,10068574,21024
5021531,10043062,10064078,21016
5021031,10042062,10063057,20995
5017447,10034894,10055884,20990
5015929,10031858,10052833,20975
5013119,10026238,10047212,20974
5012353,10024706,10045678,20972
5011739,10023478,10044443,20965
5010365,10020730,10041691,20961
5007231,10014462,10035412,20950
5005119,10010238,10031182,20944
5001567,10003134,10024054,20920
4999631,9999262,10020181,20919
4998831,9997662,10018579,20917
4997857,9995714,10016621,20907
4996089,9992178,10013077,20899
4996073,9992146,10013041,20895
4994985,9989970,10010861,20891
4991115,9982230,10003112,20882
4989097,9978194,9999067,20873
4985647,9971294,9992153,20859
4985599,9971198,9992044,20846
4984367,9968734,9989578,20844
4982599,9965198,9986036,20838
4981375,9962750,9983587,20837
4980431,9960862,9981689,20827
4977135,9954270,9975089,20819
4976255,9952510,9973318,20808
4972539,9945078,9965879,20801
4972063,9944126,9964919,20793
4970265,9940530,9961318,20788
4970143,9940286,9961069,20783
4968175,9936350,9957131,20781
4966399,9932798,9953564,20766
4963113,9926226,9946982,20756
4960895,9921790,9942535,20745
4959471,9918942,9939682,20740
4954771,9909542,9930280,20738
4954439,9908878,9929596,20718
4951337,9902674,9923390,20716
4950123,9900246,9920951,20705
4948827,9897654,9918352,20698
4947951,9895902,9916597,20695
4947359,9894718,9915406,20688
4947111,9894222,9914909,20687
4945135,9890270,9910948,20678
4940735,9881470,9902132,20662
4939007,9878014,9898672,20658
4938495,9876990,9897646,20656
4937935,9875870,9896524,20654
4935999,9871998,9892639,20641
4932335,9864670,9885310,20640
4929983,9859966,9880586,20620
4928255,9856510,9877126,20616
4926547,9853094,9873700,20606
4923135,9846270,9866855,20585
4922111,9844222,9864805,20583
4921311,9842622,9863203,20581
4920879,9841758,9862337,20579
4917561,9835122,9855700,20578
4916943,9833886,9854461,20575
4916827,9833654,9854218,20564
4913691,9827382,9847939,20557
4913435,9826870,9847421,20551
4912591,9825182,9845725,20543
4911103,9822206,9842746,20540
4910719,9821438,9841976,20538
4906665,9813330,9833849,20519
4905119,9810238,9830752,20514
4903151,9806302,9826816,20514
4903135,9806270,9826778,20508
4900023,9800046,9820547,20501
4899821,9799642,9820142,20500
4899707,9799414,9819910,20496
4896107,9792214,9812698,20484
4895847,9791694,9812173,20479
4895097,9790194,9810670,20476
4894879,9789758,9810227,20469
4894567,9789134,9809602,20468
4893353,9786706,9807167,20461
4892927,9785854,9806314,20460
4890783,9781566,9802024,20458
4888735,9777470,9797915,20445
4883709,9767418,9787858,20440
4883643,9767286,9787714,20428
4882999,9765998,9786424,20426
4881855,9763710,9784132,20422
4880609,9761218,9781640,20422
4880167,9760334,9780745,20411
4876457,9752914,9773314,20400
4874719,9749438,9769835,20397
4872521,9745042,9765433,20391
4872255,9744510,9764887,20377
4869663,9739326,9759694,20368
4868927,9737854,9758222,20368
4868473,9736946,9757313,20367
4868095,9736190,9756550,20360
4867931,9735862,9756220,20358
4866047,9732094,9752452,20358
4865707,9731414,9751766,20352
4864511,9729022,9749374,20352
4864275,9728550,9748900,20350
4863103,9726206,9746548,20342
4862187,9724374,9744710,20336
4860031,9720062,9740398,20336
4859071,9718142,9738472,20330
4857983,9715966,9736288,20322
4857371,9714742,9735059,20317
4856047,9712094,9732406,20312
4854239,9708478,9728788,20310
4853919,9707838,9728140,20302
4853019,9706038,9726338,20300
4851483,9702966,9723266,20300
4850943,9701886,9722171,20285
4847481,9694962,9715241,20279
4846495,9692990,9713267,20277
4843971,9687942,9708208,20266
4843631,9687262,9707521,20259
4838815,9677630,9697862,20232
4832799,9665598,9685813,20215
4832255,9664510,9684724,20214
4832027,9664054,9684268,20214
4831305,9662610,9682816,20206
4829181,9658362,9678565,20203
4828891,9657782,9677981,20199
4827839,9655678,9675874,20196
4825979,9651958,9672142,20184
4825383,9650766,9670949,20183
4822047,9644094,9664270,20176
4821161,9642322,9662489,20167
4819993,9639986,9660149,20163
4817347,9634694,9654856,20162
4815677,9631354,9651514,20160
4815475,9630950,9651100,20150
4811623,9623246,9643372,20126
4809385,9618770,9638885,20115
4808527,9617054,9637169,20115
4805611,9611222,9631325,20103
4805359,9610718,9630814,20096
4804223,9608446,9628541,20095
4803439,9606878,9626969,20091
4801895,9603790,9623878,20088
4801563,9603126,9623207,20081
4800359,9600718,9620797,20079
4799519,9599038,9619114,20076
4798751,9597502,9617576,20074
4797779,9595558,9615631,20073
4796665,9593330,9613402,20072
4793371,9586742,9606791,20049
4789575,9579150,9599186,20036
4788799,9577598,9597631,20033
4787177,9574354,9594376,20022
4784639,9569278,9589288,20010
4782887,9565774,9585782,20008
4781759,9563518,9583519,20001
4780079,9560158,9580157,19999
4778167,9556334,9576322,19988
4777819,9555638,9575621,19983
4777513,9555026,9575009,19983
4775271,9550542,9570518,19976
4774905,9549810,9569782,19972
4774335,9548670,9568642,19972
4772765,9545530,9565499,19969
4771987,9543974,9563939,19965
4771535,9543070,9563023,19953
4768903,9537806,9557759,19953
4768615,9537230,9557173,19943
4767211,9534422,9554365,19943
4765449,9530898,9550835,19937
4765087,9530174,9550102,19928
4756435,9512870,9532780,19910
4755951,9511902,9531796,19894
4752231,9504462,9524338,19876
4750683,9501366,9521239,19873
4747087,9494174,9514043,19869
4744985,9489970,9509825,19855
4744027,9488054,9507899,19845
4743103,9486206,9506050,19844
4742761,9485522,9505363,19841
4741871,9483742,9503578,19836
4740263,9480526,9500362,19836
4739487,9478974,9498796,19822
4736463,9472926,9492740,19814
4736383,9472766,9492572,19806
4732591,9465182,9484976,19794
4730855,9461710,9481499,19789
4729577,9459154,9478942,19788
4729487,9458974,9478762,19788
4727527,9455054,9474826,19772
4727487,9454974,9474745,19771
4723995,9447990,9467756,19766
4723689,9447378,9467138,19760
4721531,9443062,9462818,19756
4721083,9442166,9461920,19754
4720807,9441614,9461356,19742
4719855,9439710,9459448,19738
4716431,9432862,9452591,19729
4715775,9431550,9451276,19726
4713455,9426910,9446627,19717
4710399,9420798,9440494,19696
4705273,9410546,9430234,19688
4705263,9410526,9430208,19682
4702847,9405694,9425362,19668
4699807,9399614,9419273,19659
4699599,9399198,9418855,19657
4698751,9397502,9417154,19652
4695977,9391954,9411601,19647
4695679,9391358,9410998,19640
4695593,9391186,9410825,19639
4691709,9383418,9403042,19624
4686501,9373002,9392618,19616
4684847,9369694,9389297,19603
4682911,9365822,9385420,19598
4682707,9365414,9385003,19589
4682351,9364702,9384286,19584
4677753,9355506,9375082,19576
4676777,9353554,9373120,19566
4674217,9348434,9367990,19556
4671259,9342518,9362060,19542
4671079,9342158,9361700,19542
4669135,9338270,9357808,19538
4667647,9335294,9354812,19518
4662527,9325054,9344564,19510
4661247,9322494,9341986,19492
4655071,9310142,9329627,19485
4654639,9309278,9328763,19485
4652543,9305086,9324571,19485
4651645,9303290,9322774,19484
4651455,9302910,9322361,19451
4647479,9294958,9314404,19446
4647151,9294302,9313744,19442
4644407,9288814,9308240,19426
4642663,9285326,9304744,19418
4640623,9281246,9300658,19412
4639903,9279806,9299212,19406
4638719,9277438,9296834,19396
4637479,9274958,9294353,19395
4635647,9271294,9290686,19392
4634745,9269490,9288880,19390
4632347,9264694,9284068,19374
4630299,9260598,9279959,19361
4627731,9255462,9274817,19355
4625091,9250182,9269534,19352
4624027,9248054,9267392,19338
4623551,9247102,9266440,19338
4621679,9243358,9262690,19332
4620031,9240062,9259391,19329
4619945,9239890,9259217,19327
4619775,9239550,9258874,19324
4618623,9237246,9256562,19316
4616643,9233286,9252598,19312
4615935,9231870,9251177,19307
4615527,9231054,9250355,19301
4613383,9226766,9246064,19298
4612507,9225014,9244309,19295
4611431,9222862,9242152,19290
4608071,9216142,9235421,19279
4607615,9215230,9234506,19276
4604775,9209550,9228815,19265
4602907,9205814,9225076,19262
4601721,9203442,9222700,19258
4598399,9196798,9216038,19240
4597615,9195230,9214457,19227
4594927,9189854,9209074,19220
4590047,9180094,9199312,19218
4589339,9178678,9197869,19191
4585499,9170998,9190186,19188
4584679,9169358,9188534,19176
4583675,9167350,9186524,19174
4579067,9158134,9177286,19152
4576897,9153794,9172942,19148
4574975,9149950,9169090,19140
4574847,9149694,9168826,19132
4572327,9144654,9163783,19129
4570943,9141886,9161009,19123
4570907,9141814,9160933,19119
4565927,9131854,9150952,19098
4562879,9125758,9144838,19080
4559643,9119286,9138365,19079
4559187,9118374,9137447,19073
4557423,9114846,9133912,19066
4556059,9112118,9131182,19064
4554031,9108062,9127115,19053
4553895,9107790,9126839,19049
4553447,9106894,9125941,19047
4552457,9104914,9123959,19045
4550511,9101022,9120065,19043
4550427,9100854,9119884,19030
4548719,9097438,9116464,19026
4548379,9096758,9115784,19026
4548143,9096286,9115310,19024
4544835,9089670,9108688,19018
4544619,9089238,9108250,19012
4544159,9088318,9107329,19011
4543421,9086842,9105847,19005
4541599,9083198,9102190,18992
4541311,9082622,9101612,18990
4539883,9079766,9098752,18986
4539423,9078846,9097829,18983
4537353,9074706,9093688,18982
4535487,9070974,9089944,18970
4534119,9068238,9087208,18970
4532431,9064862,9083819,18957
4531183,9062366,9081322,18956
4529833,9059666,9078608,18942
4529391,9058782,9077723,18941
4527791,9055582,9074518,18936
4525127,9050254,9069185,18931
4524807,9049614,9068543,18929
4523455,9046910,9065834,18924
4522655,9045310,9064234,18924
4522479,9044958,9063872,18914
4520431,9040862,9059764,18902
4514899,9029798,9048698,18900
4514559,9029118,9048014,18896
4513959,9027918,9046799,18881
4510655,9021310,9040187,18877
4509979,9019958,9038822,18864
4509865,9019730,9038594,18864
4508649,9017298,9036160,18862
4506249,9012498,9031348,18850
4506153,9012306,9031156,18850
4505767,9011534,9030376,18842
4503295,9006590,9025420,18830
4502007,9004014,9022843,18829
4500585,9001170,9019994,18824
4499663,8999326,9018146,18820
4498171,8996342,9015158,18816
4497407,8994814,9013619,18805
4495463,8990926,9009730,18804
4494473,8988946,9007745,18799
4494107,8988214,9007013,18799
4492415,8984830,9003622,18792
4491233,8982466,9001258,18792
4490855,8981710,9000491,18781
4487155,8974310,8993086,18776
4485735,8971470,8990246,18776
4484221,8968442,8987213,18771
4484051,8968102,8986862,18760
4483815,8967630,8986390,18760
4480851,8961702,8980460,18758
4479617,8959234,8977976,18742
4476063,8952126,8970851,18725
4472767,8945534,8964254,18720
4471209,8942418,8961119,18701
4466335,8932670,8951362,18692
4465577,8931154,8949842,18688
4463583,8927166,8945846,18680
4462799,8925598,8944265,18667
4460143,8920286,8938945,18659
4458227,8916454,8935105,18651
4458087,8916174,8934820,18646
4456105,8912210,8930854,18644
4454887,8909774,8928407,18633
4453657,8907314,8925947,18633
4448993,8897986,8916605,18619
4448959,8897918,8916536,18618
4445751,8891502,8910112,18610
4444159,8888318,8906900,18582
4440489,8880978,8899553,18575
4439199,8878398,8896960,18562
4437663,8875326,8893888,18562
4436959,8873918,8892479,18561
4434729,8869458,8888012,18554
4432831,8865662,8884210,18548
4431615,8863230,8881760,18530
4430591,8861182,8879710,18528
4428457,8856914,8875439,18525
4426911,8853822,8872342,18520
4424891,8849782,8868293,18511
4424383,8848766,8867269,18503
4423337,8846674,8865170,18496
4418681,8837362,8855858,18496
4417675,8835350,8853838,18488
4417535,8835070,8853545,18475
4416155,8832310,8850782,18472
4413087,8826174,8844632,18458
4411887,8823774,8842229,18455
4411807,8823614,8842063,18449
4408767,8817534,8835970,18436
4406409,8812818,8831248,18430
4403937,8807874,8826302,18428
4403047,8806094,8824511,18417
4402427,8804854,8823269,18415
4401663,8803326,8821736,18410
4399367,8798734,8817142,18408
4398355,8796710,8815112,18402
4397511,8795022,8813423,18401
4395987,8791974,8810374,18400
4395675,8791350,8809730,18380
4394703,8789406,8807786,18380
4392731,8785462,8803834,18372
4391033,8782066,8800432,18366
4390227,8780454,8798818,18364
4389275,8778550,8796908,18358
4388143,8776286,8794642,18356
4386683,8773366,8791720,18354
4385705,8771410,8789764,18354
4384191,8768382,8786726,18344
4382207,8764414,8782742,18328
4382055,8764110,8782435,18325
4380719,8761438,8779763,18325
4380671,8761342,8779666,18324
4379887,8759774,8778089,18315
4379119,8758238,8776552,18314
4377135,8754270,8772583,18313
4376815,8753630,8771932,18302
4374497,8748994,8767291,18297
4371579,8743158,8761450,18292
4371487,8742974,8761256,18282
4371183,8742366,8760646,18280
4366479,8732958,8751226,18268
4365083,8730166,8748422,18256
4364143,8728286,8746537,18251
4361663,8723326,8741572,18246
4360105,8720210,8738444,18234
4359615,8719230,8737463,18233
4355575,8711150,8729374,18224
4355395,8710790,8729014,18224
4355163,8710326,8728546,18220
4354047,8708094,8726305,18211
4352359,8704718,8722919,18201
4351003,8702006,8720201,18195
4348703,8697406,8715599,18193
4345691,8691382,8709556,18174
4341073,8682146,8700317,18171
4340601,8681202,8699359,18157
4340443,8680886,8699042,18156
4338319,8676638,8694790,18152
4336287,8672574,8690711,18137
4333083,8666166,8684297,18131
4332735,8665470,8683600,18130
4330601,8661202,8679331,18129
4330587,8661174,8679287,18113
4328551,8657102,8675207,18105
4327531,8655062,8673166,18104
4327071,8654142,8672237,18095
4324009,8648018,8666108,18090
4320027,8640054,8658130,18076
4319995,8639990,8658058,18068
4318207,8636414,8654476,18062
4317663,8635326,8653385,18059
4316879,8633758,8651816,18058
4316233,8632466,8650520,18054
4312703,8625406,8643442,18036
4309851,8619702,8637734,18032
4309247,8618494,8636524,18030
4307995,8615990,8634014,18024
4305751,8611502,8629517,18015
4305147,8610294,8628304,18010
4302399,8604798,8622800,18002
4300799,8601598,8619581,17983
4297865,8595730,8613706,17976
4295337,8590674,8608643,17969
4295135,8590270,8608237,17967
4292347,8584694,8602649,17955
4289759,8579518,8597459,17941
4287647,8575294,8593223,17929
4285065,8570130,8588056,17926
4283951,8567902,8585828,17926
4283035,8566070,8583988,17918
4281257,8562514,8580421,17907
4280391,8560782,8578684,17902
4276107,8552214,8570110,17896
4274535,8549070,8566958,17888
4273535,8547070,8564957,17887
4273391,8546782,8564653,17871
4271335,8542670,8560534,17864
4269471,8538942,8556800,17858
4266779,8533558,8551412,17854
4266239,8532478,8550323,17845
4264691,8529382,8547227,17845
4259455,8518910,8536733,17823
4259229,8518458,8536277,17819
4255975,8511950,8529761,17811
4255903,8511806,8529610,17804
4255343,8510686,8528489,17803
4251823,8503646,8521436,17790
4251455,8502910,8520694,17784
4247791,8495582,8513353,17771
4247259,8494518,8512285,17767
4245601,8491202,8508964,17762
4244263,8488526,8506282,17756
4243227,8486454,8504197,17743
4238491,8476982,8494712,17730
4237311,8474622,8492350,17728
4234653,8469306,8487026,17720
4232191,8464382,8482079,17697
4229175,8458350,8476042,17692
4227295,8454590,8472280,17690
4226743,8453486,8471176,17690
4225299,8450598,8468279,17681
4223847,8447694,8465356,17662
4220073,8440146,8457797,17651
4218159,8436318,8453963,17645
4216943,8433886,8451526,17640
4215787,8431574,8449211,17637
4215535,8431070,8448700,17630
4215279,8430558,8448185,17627
4211577,8423154,8440778,17624
4211199,8422398,8440013,17615
4206591,8413182,8430772,17590
4204447,8408894,8426482,17588
4202239,8404478,8422051,17573
4199357,8398714,8416280,17566
4197033,8394066,8411632,17566
4196639,8393278,8410837,17559
4194351,8388702,8406251,17549
4193663,8387326,8404864,17538
4191799,8383598,8401133,17535
4189503,8379006,8396534,17528
4187627,8375254,8392768,17514
4185161,8370322,8387831,17509
4181755,8363510,8381009,17499
4181351,8362702,8380190,17488
4180127,8360254,8377733,17479
4176667,8353334,8370803,17469
4173263,8346526,8363986,17460
4171735,8343470,8360927,17457
4170599,8341198,8358638,17440
4167983,8335966,8353403,17437
4165959,8331918,8349352,17434
4163455,8326910,8344330,17420
4162089,8324178,8341586,17408
4159847,8319694,8337095,17401
4156775,8313550,8330938,17388
4151087,8302174,8319547,17373
4149551,8299102,8316472,17370
4148671,8297342,8314703,17361
4146415,8292830,8310190,17360
4145927,8291854,8309200,17346
4145711,8291422,8308763,17341
4144999,8289998,8307332,17334
4141383,8282766,8300090,17324
4139935,8279870,8297194,17324
4138471,8276942,8294258,17316
4137407,8274814,8292118,17304
4136959,8273918,8291218,17300
4134395,8268790,8286088,17298
4134227,8268454,8285746,17292
4130239,8260478,8277754,17276
4128361,8256722,8273990,17268
4127463,8254926,8272187,17261
4126811,8253622,8270882,17260
4125631,8251262,8268517,17255
4122619,8245238,8262481,17243
4120575,8241150,8258386,17236
4116587,8233174,8250407,17233
4114345,8228690,8245901,17211
4111871,8223742,8240950,17208
4111191,8222382,8239585,17203
4110223,8220446,8237645,17199
4109823,8219646,8236834,17188
4108159,8216318,8233501,17183
4106617,8213234,8230414,17180
4106465,8212930,8230108,17178
4105441,8210882,8228054,17172
4104233,8208466,8225638,17172
4103443,8206886,8224055,17169
4099049,8198098,8215244,17146
4098407,8196814,8213957,17143
4097791,8195582,8212718,17136
4096063,8192126,8209262,17136
4095657,8191314,8208449,17135
4094235,8188470,8205592,17122
4091751,8183502,8200619,17117
4090879,8181758,8198864,17106
4088059,8176118,8193224,17106
4087465,8174930,8192033,17103
4086015,8172030,8189119,17089
4084379,8168758,8185843,17085
4082927,8165854,8182930,17076
4082175,8164350,8181422,17072
4077979,8155958,8173025,17067
4077231,8154462,8171518,17056
4077225,8154450,8171504,17054
4075999,8151998,8169052,17054
4075367,8150734,8167778,17044
4074377,8148754,8165798,17044
4071417,8142834,8159866,17032
4070281,8140562,8157586,17024
4066601,8133202,8150218,17016
4064121,8128242,8145242,17000
4063059,8126118,8143118,17000
4062585,8125170,8142167,16997
4060879,8121758,8138752,16994
4059807,8119614,8136598,16984
4059695,8119390,8136371,16981
4056303,8112606,8129575,16969
4055019,8110038,8126999,16961
4052609,8105218,8122174,16956
4051663,8103326,8120272,16946
4047043,8094086,8111027,16941
4046879,8093758,8110685,16927
4045599,8091198,8108120,16922
4043305,8086610,8103523,16913
4039855,8079710,8096611,16901
4039593,8079186,8096087,16901
4038171,8076342,8093240,16898
4036719,8073438,8090332,16894
4035911,8071822,8088712,16890
4035561,8071122,8088005,16883
4034729,8069458,8086336,16878
4032603,8065206,8082074,16868
4031911,8063822,8080690,16868
4031579,8063158,8080024,16866
4030007,8060014,8076874,16860
4028827,8057654,8074505,16851
4026535,8053070,8069915,16845
4026415,8052830,8069671,16841
4023559,8047118,8063957,16839
4022921,8045842,8062672,16830
4022335,8044670,8061497,16827
4020975,8041950,8058770,16820
4019615,8039230,8056048,16818
4015943,8031886,8048686,16800
4014823,8029646,8046443,16797
4013823,8027646,8044432,16786
4012479,8024958,8041736,16778
4009151,8018302,8035069,16767
4004635,8009270,8026024,16754
4003581,8007162,8023916,16754
4001705,8003410,8020151,16741
3997467,7994934,8011655,16721
3997353,7994706,8011423,16717
3994761,7989522,8006233,16711
3993257,7986514,8003218,16704
3991711,7983422,8000117,16695
3989625,7979250,7995941,16691
3989023,7978046,7994734,16688
3985975,7971950,7988633,16683
3985821,7971642,7988321,16679
3985363,7970726,7987397,16671
3984831,7969662,7986329,16667
3981951,7963902,7980554,16652
3981423,7962846,7979498,16652
3979423,7958846,7975486,16640
3976873,7953746,7970384,16638
3975343,7950686,7967320,16634
3973531,7947062,7963687,16625
3972635,7945270,7961888,16618
3970601,7941202,7957808,16606
3966931,7933862,7950457,16595
3966279,7932558,7949146,16588
3963903,7927806,7944392,16586
3962867,7925734,7942315,16581
3962409,7924818,7941392,16574
3961279,7922558,7939127,16569
3959899,7919798,7936361,16563
3957055,7914110,7930660,16550
3956329,7912658,7929208,16550
3954429,7908858,7925399,16541
3953135,7906270,7922801,16531
3951035,7902070,7918597,16527
3948923,7897846,7914365,16519
3943963,7887926,7904425,16499
3943783,7887566,7904057,16491
3940519,7881038,7897517,16479
3935369,7870738,7887212,16474
3935335,7870670,7887131,16461
3934335,7868670,7885127,16457
3932007,7864014,7880470,16456
3931135,7862270,7878713,16443
3927343,7854686,7871114,16428
3926697,7853394,7869817,16423
3923711,7847422,7863844,16422
3923583,7847166,7863581,16415
3921311,7842622,7859032,16410
3918503,7837006,7853416,16410
3918189,7836378,7852787,16409
3917865,7835730,7852138,16408
3916647,7833294,7849690,16396
3914155,7828310,7844701,16391
3912873,7825746,7842112,16366
3908543,7817086,7833436,16350
3907583,7815166,7831505,16339
3904649,7809298,7825628,16330
3901615,7803230,7819558,16328
3900571,7801142,7817458,16316
3899273,7798546,7814860,16314
3899163,7798326,7814632,16306
3897839,7795678,7811984,16306
3895293,7790586,7806881,16295
3893929,7787858,7804147,16289
3888923,7777846,7794112,16266
3888441,7776882,7793147,16265
3882879,7765758,7782014,16256
3882703,7765406,7781656,16250
3882633,7765266,7781512,16246
3882015,7764030,7780268,16238
3878631,7757262,7773496,16234
3878559,7757118,7773352,16234
3877991,7755982,7772200,16218
3876255,7752510,7768726,16216
3874983,7749966,7766174,16208
3872127,7744254,7760453,16199
3868201,7736402,7752598,16196
3866847,7733694,7749866,16172
3866367,7732734,7748902,16168
3861759,7723518,7739671,16153
3858731,7717462,7733614,16152
3858171,7716342,7732481,16139
3856283,7712566,7728700,16134
3854239,7708478,7724605,16127
3854171,7708342,7724467,16125
3850525,7701050,7717174,16124
3850239,7700478,7716586,16108
3848985,7697970,7714078,16108
3847595,7695190,7711294,16104
3847199,7694398,7710497,16099
3845679,7691358,7707454,16096
3845611,7691222,7707310,16088
3844777,7689554,7705637,16083
3843563,7687126,7703206,16080
3841023,7682046,7698107,16061
3838521,7677042,7693103,16061
3837921,7675842,7691897,16055
3837225,7674450,7690502,16052
3836905,7673810,7689860,16050
3835447,7670894,7686940,16046
3833513,7667026,7683059,16033
3830441,7660882,7676908,16026
3829673,7659346,7675370,16024
3828393,7656786,7672804,16018
3825847,7651694,7667710,16016
3824953,7649906,7665914,16008
3824353,7648706,7664710,16004
3824239,7648478,7664473,15995
3823081,7646162,7662151,15989
3820991,7641982,7657961,15979
3819135,7638270,7654246,15976
3815419,7630838,7646798,15960
3813679,7627358,7643315,15957
3813375,7626750,7642700,15950
3810945,7621890,7637836,15946
3807209,7614418,7630352,15934
3806591,7613182,7629110,15928
3805295,7610590,7626508,15918
3802779,7605558,7621471,15913
3798747,7597494,7613404,15910
3798223,7596446,7612342,15896
3796127,7592254,7608128,15874
3792211,7584422,7600286,15864
3791903,7583806,7599670,15864
3790835,7581670,7597534,15864
3789159,7578318,7594165,15847
3788015,7576030,7591873,15843
3785775,7571550,7587388,15838
3783419,7566838,7582666,15828
3782527,7565054,7580878,15824
3779679,7559358,7575172,15814
3779069,7558138,7573949,15811
3775615,7551230,7567024,15794
3773867,7547734,7563523,15789
3771751,7543502,7559282,15780
3769531,7539062,7554838,15776
3767547,7535094,7550854,15760
3764167,7528334,7544086,15752
3761947,7523894,7539625,15731
3759955,7519910,7535639,15729
3759265,7518530,7534259,15729
3758811,7517622,7533344,15722
3755423,7510846,7526560,15714
3753839,7507678,7523387,15709
3751551,7503102,7518796,15694
3751175,7502350,7518041,15691
3749723,7499446,7515136,15690
3748393,7496786,7512466,15680
3747067,7494134,7509808,15674
3747055,7494110,7509781,15671
3746239,7492478,7508146,15668
3740415,7480830,7496476,15646
3739167,7478334,7493978,15644
3735929,7471858,7487494,15636
3735655,7471310,7486936,15626
3735323,7470646,7486267,15621
3732059,7464118,7479728,15610
3730345,7460690,7476299,15609
3728263,7456526,7472132,15606
3727699,7455398,7470989,15591
3725839,7451678,7467268,15590
3724379,7448758,7464335,15577
3722335,7444670,7460237,15567
3719707,7439414,7454980,15566
3717567,7435134,7450684,15550
3716335,7432670,7448212,15542
3715323,7430646,7446185,15539
3713503,7427006,7442543,15537
3711967,7423934,7439465,15531
3710079,7420158,7435678,15520
3709179,7418358,7433872,15514
3707017,7414034,7429547,15513
3705961,7411922,7427432,15510
3703451,7406902,7422394,15492
3701607,7403214,7418702,15488
3699001,7398002,7413484,15482
3698735,7397470,7412942,15472
3696681,7393362,7408834,15472
3695443,7390886,7406356,15470
3694911,7389822,7405276,15454
3689199,7378398,7393837,15439
3688171,7376342,7391776,15434
3687707,7375414,7390846,15432
3687195,7374390,7389818,15428
3685247,7370494,7385917,15423
3684443,7368886,7384294,15408
3681239,7362478,7377880,15402
3679999,7359998,7375387,15389
3678207,7356414,7371800,15386
3677695,7355390,7370771,15381
3674867,7349734,7365107,15373
3671759,7343518,7358890,15372
3671323,7342646,7358003,15357
3671071,7342142,7357498,15356
3669695,7339390,7354736,15346
3668395,7336790,7352134,15344
3664895,7329790,7345132,15342
3663099,7326198,7341526,15328
3662505,7325010,7340332,15322
3660399,7320798,7336120,15322
3658583,7317166,7332488,15322
3657343,7314686,7329986,15300
3657195,7314390,7329689,15299
3654391,7308782,7324075,15293
3653739,7307478,7322771,15293
3653531,7307062,7322350,15288
3653175,7306350,7321628,15278
3651695,7303390,7318667,15277
3651355,7302710,7317985,15275
3649535,7299070,7314340,15270
3648207,7296414,7311676,15262
3646505,7293010,7308263,15253
3644907,7289814,7305061,15247
3644415,7288830,7304074,15244
3643719,7287438,7302676,15238
3640679,7281358,7296592,15234
3640527,7281054,7296286,15232
3636223,7272446,7287650,15204
3630719,7261438,7276634,15196
3630639,7261278,7276463,15185
3629295,7258590,7273774,15184
3627751,7255502,7270672,15170
3624191,7248382,7263544,15162
3621887,7243774,7258924,15150
3617423,7234846,7249984,15138
3615871,7231742,7246867,15125
3614995,7229990,7245112,15122
3611757,7223514,7238636,15122
3611607,7223214,7238326,15112
3608479,7216958,7232056,15098
3607039,7214078,7229164,15086
3602319,7204638,7219709,15071
3598503,7197006,7212076,15070
3597567,7195134,7210196,15062
3597499,7194998,7210052,15054
3597225,7194450,7209497,15047
3593831,7187662,7202702,15040
3592643,7185286,7200323,15037
3589099,7178198,7193225,15027
3586975,7173950,7188965,15015
3586425,7172850,7187852,15002
3584215,7168430,7183430,15000
3583625,7167250,7182242,14992
3583135,7166270,7181257,14987
3581179,7162358,7177337,14979
3578671,7157342,7172320,14978
3578111,7156222,7171198,14976
3577247,7154494,7169465,14971
3575929,7151858,7166819,14961
3573019,7146038,7160992,14954
3572991,7145982,7160930,14948
3569727,7139454,7154386,14932
3567327,7134654,7149586,14932
3566951,7133902,7148822,14920
3565097,7130194,7145111,14917
3563263,7126526,7141426,14900
3559675,7119350,7134242,14892
3559039,7118078,7132960,14882
3554313,7108626,7123504,14878
3552347,7104694,7119556,14862
3552287,7104574,7119430,14856
3549561,7099122,7113970,14848
3548955,7097910,7112752,14842
3548187,7096374,7111214,14840
3544971,7089942,7104778,14836
3542949,7085898,7100729,14831
3542767,7085534,7100354,14820
3540583,7081166,7095976,14810
3539815,7079630,7094434,14804
3536831,7073662,7088458,14796
3532799,7065598,7080371,14773
3531231,7062462,7077233,14771
3529471,7058942,7073710,14768
3529423,7058846,7073606,14760
3522547,7045094,7059835,14741
3521983,7043966,7058701,14735
3521695,7043390,7058119,14729
3518783,7037566,7052282,14716
3516585,7033170,7047880,14710
3516073,7032146,7046852,14706
3512191,7024382,7039088,14706
3511785,7023570,7038262,14692
3508315,7016630,7031312,14682
3505663,7011326,7025993,14667
3505479,7010958,7025621,14663
3504255,7008510,7023170,14660
3500735,7001470,7016110,14640
3498075,6996150,7010782,14632
3494559,6989118,7003745,14627
3492991,6985982,7000594,14612
3491835,6983670,6998282,14612
3491307,6982614,6997216,14602
3488255,6976510,6991100,14590
3485609,6971218,6985804,14586
3483183,6966366,6980938,14572
3479891,6959782,6974351,14569
3477575,6955150,6969706,14556
3477083,6954166,6968717,14551
3476783,6953566,6968116,14550
3475593,6951186,6965722,14536
3472521,6945042,6959567,14525
3470799,6941598,6956113,14515
3468819,6937638,6952151,14513
3465727,6931454,6945946,14492
3463967,6927934,6942422,14488
3462483,6924966,6939449,14483
3458729,6917458,6931924,14466
3455657,6911314,6925774,14460
3451529,6903058,6917512,14454
3451447,6902894,6917345,14451
3451291,6902582,6917026,14444
3448795,6897590,6912029,14439
3448259,6896518,6910951,14433
3447103,6894206,6908621,14415
3446251,6892502,6906917,14415
3441289,6882578,6896987,14409
3440795,6881590,6895991,14401
3439207,6878414,6892810,14396
3436011,6872022,6886397,14375
3435259,6870518,6884890,14372
3434343,6868686,6883054,14368
3432767,6865534,6879898,14364
3432673,6865346,6879707,14361
3431963,6863926,6878282,14356
3429983,6859966,6874322,14356
3429801,6859602,6873956,14354
3428991,6857982,6872332,14350
3428207,6856414,6870757,14343
3428127,6856254,6870592,14338
3424959,6849918,6864250,14332
3423259,6846518,6860842,14324
3422121,6844242,6858566,14324
3421423,6842846,6857156,14310
3421215,6842430,6856739,14309
3417579,6835158,6849454,14296
3414693,6829386,6843680,14294
3411241,6822482,6836768,14286
3411105,6822210,6836488,14278
3409791,6819582,6833860,14278
3407207,6814414,6828676,14262
3405983,6811966,6826210,14244
3401195,6802390,6816634,14244
3401151,6802302,6816527,14225
3397227,6794454,6808678,14224
3396473,6792946,6807164,14218
3394159,6788318,6802528,14210
3391655,6783310,6797506,14196
3391483,6782966,6797153,14187
3390119,6780238,6794416,14178
3386559,6773118,6787294,14176
3386175,6772350,6786524,14174
3384039,6768078,6782251,14173
3383963,6767926,6782093,14167
3382399,6764798,6778946,14148
3379687,6759374,6773512,14138
3379615,6759230,6773368,14138
3378023,6756046,6770182,14136
3376097,6752194,6766330,14136
3375439,6750878,6764996,14118
3374747,6749494,6763610,14116
3373947,6747894,6762010,14116
3370855,6741710,6755809,14099
3368425,6736850,6750944,14094
3366247,6732494,6746578,14084
3365367,6730734,6744815,14081
3363167,6726334,6740410,14076
3363039,6726078,6740147,14069
3360879,6721758,6735818,14060
3357807,6715614,6729658,14044
3354603,6709206,6723242,14036
3352703,6705406,6719435,14029
3349183,6698366,6712382,14016
3347687,6695374,6709385,14011
3347099,6694198,6708199,14001
3343671,6687342,6701329,13987
3342079,6684158,6698141,13983
3338153,6676306,6690274,13968
3336745,6673490,6687454,13964
3336551,6673102,6687056,13954
3334377,6668754,6682702,13948
3333119,6666238,6680176,13938
3330367,6660734,6674665,13931
3326047,6652094,6666010,13916
3323673,6647346,6661258,13912
3321811,6643622,6657524,13902
3320825,6641650,6655549,13899
3318319,6636638,6650531,13893
3317503,6635006,6648878,13872
3314011,6628022,6641894,13872
3313257,6626514,6640379,13865
3311259,6622518,6636383,13865
3310847,6621694,6635554,13860
3306093,6612186,6626042,13856
3305975,6611950,6625790,13840
3303879,6607758,6621592,13834
3303179,6606358,6620186,13828
3302953,6605906,6619727,13821
3300891,6601782,6615593,13811
3299871,6599742,6613546,13804
3298239,6596478,6610270,13792
3296027,6592054,6605840,13786
3293823,6587646,6601421,13775
3292671,6585342,6599114,13772
3289279,6578558,6592324,13766
3288223,6576446,6590206,13760
3288063,6576126,6589880,13754
3287721,6575442,6589192,13750
3286655,6573310,6587057,13747
3285503,6571006,6584750,13744
3283967,6567934,6581675,13741
3281567,6563134,6576874,13740
3281515,6563030,6576770,13740
3281383,6562766,6576497,13731
3279967,6559934,6573664,13730
3279135,6558270,6571996,13726
3277727,6555454,6569180,13726
3277689,6555378,6569098,13720
3276955,6553910,6567628,13718
3275773,6551546,6565259,13713
3275623,6551246,6564947,13701
3272211,6544422,6558115,13693
3270079,6540158,6553834,13676
3268767,6537534,6551210,13676
3268095,6536190,6549860,13670
3266681,6533362,6547031,13669
3266547,6533094,6546761,13667
3264071,6528142,6541798,13656
3261513,6523026,6536680,13654
3258991,6517982,6531614,13632
3255805,6511610,6525238,13628
3254913,6509826,6523454,13628
3254783,6509566,6523186,13620
3253739,6507478,6521093,13615
3250971,6501942,6515542,13600
3248667,6497334,6510928,13594
3245951,6491902,6505481,13579
3244735,6489470,6503044,13574
3244255,6488510,6502084,13574
3244031,6488062,6501634,13572
3243711,6487422,6500993,13571
3243007,6486014,6499582,13568
3240639,6481278,6494843,13565
3238655,6477310,6490858,13548
3238247,6476494,6490039,13545
3236159,6472318,6485858,13540
3235687,6471374,6484912,13538
3233961,6467922,6481447,13525
3231935,6463870,6477394,13524
3230207,6460414,6473932,13518
3229313,6458626,6472138,13512
3227305,6454610,6468118,13508
3223527,6447054,6460559,13505
3223399,6446798,6460280,13482
3221351,6442702,6456178,13476
3218119,6436238,6449707,13469
3217791,6435582,6449048,13466
3214695,6429390,6442846,13456
3214107,6428214,6441659,13445
3210943,6421886,6435316,13430
3207077,6414154,6427583,13429
3205193,6410386,6423812,13426
3205151,6410302,6423718,13416
3204751,6409502,6422915,13413
3202815,6405630,6419027,13397
3201263,6402526,6415918,13392
3195407,6390814,6404204,13390
3195303,6390606,6403981,13375
3194423,6388846,6402208,13362
3192089,6384178,6397540,13362
3191535,6383070,6396428,13358
3191451,6382902,6396250,13348
3189759,6379518,6392858,13340
3188591,6377182,6390521,13339
3186963,6373926,6387265,13339
3186719,6373438,6386771,13333
3184379,6368758,6382091,13333
3184201,6368402,6381724,13322
3181323,6362646,6375959,13313
3179775,6359550,6372857,13307
3178603,6357206,6370505,13299
3175991,6351982,6365270,13288
3175239,6350478,6363764,13286
3174591,6349182,6362464,13282
3173089,6346178,6359452,13274
3172463,6344926,6358196,13270
3171881,6343762,6357032,13270
3167871,6335742,6348995,13253
3165055,6330110,6343348,13238
3163323,6326646,6339883,13237
3160175,6320350,6333574,13224
3158683,6317366,6330584,13218
3157641,6315282,6328493,13211
3156095,6312190,6325396,13206
3153903,6307806,6320999,13193
3153051,6306102,6319294,13192
3152991,6305982,6319174,13192
3150039,6300078,6313264,13186
3148783,6297566,6310750,13184
3147945,6295890,6309068,13178
3147687,6295374,6308545,13171
3144447,6288894,6302063,13169
3144287,6288574,6301727,13153
3143849,6287698,6300850,13152
3142127,6284254,6297401,13147
3140265,6280530,6293662,13132
3137307,6274614,6287740,13126
3135105,6270210,6283336,13126
3132847,6265694,6278816,13122
3131751,6263502,6276608,13106
3130395,6260790,6273883,13093
3124905,6249810,6262900,13090
3124333,6248666,6261745,13079
3123361,6246722,6259796,13074
3123231,6246462,6259531,13069
3122591,6245182,6258248,13066
3121567,6243134,6256190,13056
3117851,6235702,6248746,13044
3115991,6231982,6245026,13044
3111071,6222142,6235162,13020
3108351,6216702,6229709,13007
3104951,6209902,6222896,12994
3102975,6205950,6218932,12982
3100671,6201342,6214310,12968
3098319,6196638,6209602,12964
3096271,6192542,6205493,12951
3091883,6183766,6196714,12948
3091559,6183118,6196054,12936
3090607,6181214,6194150,12936
3090431,6180862,6193790,12928
3089343,6178686,6191612,12926
3086841,6173682,6186604,12922
3085759,6171518,6184426,12908
3083903,6167806,6180713,12907
3083393,6166786,6179689,12903
3082843,6165686,6178589,12903
3082807,6165614,6178516,12902
3082667,6165334,6178234,12900
3082367,6164734,6177626,12892
3081119,6162238,6175126,12888
3079963,6159926,6172811,12885
3079849,6159698,6172582,12884
3079081,6158162,6171041,12879
3078175,6156350,6169229,12879
3077761,6155522,6168398,12876
3076137,6152274,6165146,12872
3075391,6150782,6163648,12866
3074559,6149118,6161980,12862
3074287,6148574,6161434,12860
3072047,6144094,6156947,12853
3071743,6143486,6156337,12851
3070379,6140758,6153604,12846
3068143,6136286,6149128,12842
3065599,6131198,6144025,12827
3062269,6124538,6137356,12818
3060031,6120062,6132874,12812
3058923,6117846,6130654,12808
3058683,6117366,6130168,12802
3056999,6113998,6126790,12792
3055783,6111566,6124349,12783
3053563,6107126,6119900,12774
3052711,6105422,6118190,12768
3050153,6100306,6113068,12762
3049983,6099966,6112726,12760
3048711,6097422,6110182,12760
3048091,6096182,6108932,12750
3047935,6095870,6108620,12750
3047295,6094590,6107339,12749
3046057,6092114,6104860,12746
3043951,6087902,6100634,12732
3039457,6078914,6091631,12717
3037843,6075686,6088403,12717
3036095,6072190,6084892,12702
3032447,6064894,6077591,12697
3032295,6064590,6077281,12691
3032095,6064190,6076873,12683
3026671,6053342,6066004,12662
3023295,6046590,6059236,12646
3022505,6045010,6057656,12646
3021051,6042102,6054743,12641
3020267,6040534,6053168,12634
3020015,6040030,6052660,12630
3016751,6033502,6046123,12621
3013095,6026190,6038800,12610
3012075,6024150,6036754,12604
3007967,6015934,6028526,12592
3006291,6012582,6025160,12578
3004735,6009470,6022048,12578
3003241,6006482,6019058,12576
3002687,6005374,6017938,12564
2999323,5998646,6011192,12546
2996967,5993934,6006473,12539
2996071,5992142,6004675,12533
2994943,5989886,6002414,12528
2994155,5988310,6000838,12528
2993895,5987790,6000316,12526
2992219,5984438,5996956,12518
2989481,5978962,5991475,12513
2989367,5978734,5991241,12507
2989023,5978046,5990548,12502
2987145,5974290,5986784,12494
2981545,5963090,5975584,12494
2980927,5961854,5974337,12483
2979831,5959662,5972138,12476
2977051,5954102,5966561,12459
2975721,5951442,5963897,12455
2975199,5950398,5962843,12445
2971361,5942722,5955160,12438
2968553,5937106,5949538,12432
2968047,5936094,5948518,12424
2967791,5935582,5947996,12414
2965995,5931990,5944403,12413
2965047,5930094,5942504,12410
2963833,5927666,5940074,12408
2962527,5925054,5937460,12406
2962267,5924534,5936935,12401
2957759,5915518,5927902,12384
2956079,5912158,5924531,12373
2954687,5909374,5921746,12372
2954375,5908750,5921116,12366
2951527,5903054,5915410,12356
2950483,5900966,5913322,12356
2949927,5899854,5912195,12341
2947865,5895730,5908064,12334
2945023,5890046,5902363,12317
2938749,5877498,5889814,12316
2938399,5876798,5889104,12306
2936303,5872606,5884906,12300
2934951,5869902,5882179,12277
2932911,5865822,5878094,12272
2931193,5862386,5874658,12272
2930657,5861314,5873582,12268
2930089,5860178,5872445,12267
2929801,5859602,5871857,12255
2928487,5856974,5869222,12248
2927355,5854710,5866954,12244
2926969,5853938,5866180,12242
2926183,5852366,5864605,12239
2924455,5848910,5861146,12236
2921471,5842942,5855161,12219
2919081,5838162,5850377,12215
2914463,5828926,5841124,12198
2912159,5824318,5836511,12193
2911483,5822966,5835158,12192
2910985,5821970,5834150,12180
2910055,5820110,5832281,12171
2907775,5815550,5827714,12164
2905753,5811506,5823670,12164
2905423,5810846,5823008,12162
2905225,5810450,5822608,12158
2904095,5808190,5820340,12150
2901151,5802302,5814449,12147
2900607,5801214,5813350,12136
2900135,5800270,5812400,12130
2899135,5798270,5810399,12129
2897127,5794254,5806370,12116
2893895,5787790,5799904,12114
2890731,5781462,5793569,12107
2889321,5778642,5790733,12091
2887895,5775790,5787881,12091
2886739,5773478,5785559,12081
2885289,5770578,5782649,12071
2883615,5767230,5779300,12070
2883583,5767166,5779228,12062
2880103,5760206,5772260,12054
2878441,5756882,5768923,12041
2877919,5755838,5767877,12039
2877679,5755358,5767396,12038
2876585,5753170,5765206,12036
2875007,5750014,5762036,12022
2872831,5745662,5757682,12020
2872255,5744510,5756528,12018
2871295,5742590,5754604,12014
2870375,5740750,5752762,12012
2868715,5737430,5749436,12006
2868265,5736530,5748533,12003
2866411,5732822,5744824,12002
2865775,5731550,5743547,11997
2865243,5730486,5742470,11984
2859241,5718482,5730466,11984
2859119,5718238,5730203,11965
2858209,5716418,5728378,11960
2855967,5711934,5723885,11951
2854943,5709886,5721833,11947
2854399,5708798,5720744,11946
2851143,5702286,5714212,11926
2849023,5698046,5709971,11925
2848667,5697334,5709257,11923
2845673,5691346,5703262,11916
2845651,5691302,5703218,11916
2844519,5689038,5700941,11903
2844159,5688318,5700215,11897
2843127,5686254,5698151,11897
2841583,5683166,5695060,11894
2837673,5675346,5687224,11878
2836895,5673790,5685659,11869
2834759,5669518,5681380,11862
2834303,5668606,5680462,11856
2827147,5654294,5666129,11835
2826465,5652930,5664761,11831
2823101,5646202,5658017,11815
2821223,5642446,5654248,11802
2816865,5633730,5645519,11789
2814447,5628894,5640680,11786
2812911,5625822,5637599,11777
2812775,5625550,5637325,11775
2812585,5625170,5636932,11762
2811295,5622590,5634350,11760
2810727,5621454,5633212,11758
2805417,5610834,5622572,11738
2804223,5608446,5620175,11729
2802657,5605314,5617042,11728
2801947,5603894,5615621,11727
2800033,5600066,5611789,11723
2799571,5599142,5610853,11711
2796195,5592390,5604100,11710
2795775,5591550,5603242,11692
2791751,5583502,5595178,11676
2786559,5573118,5584787,11669
2786171,5572342,5584004,11662
2783975,5567950,5579599,11649
2782175,5564350,5575990,11640
2778655,5557310,5568935,11625
2777185,5554370,5565995,11625
2775147,5550294,5561909,11615
2774251,5548502,5560114,11612
2773231,5546462,5558063,11601
2771183,5542366,5553958,11592
2766367,5532734,5544314,11580
2763951,5527902,5539466,11564
2763807,5527614,5539175,11561
2758527,5517054,5528614,11560
2758199,5516398,5527939,11541
2756263,5512526,5524058,11532
2753819,5507638,5519168,11530
2752959,5505918,5517436,11518
2751207,5502414,5513921,11507
2747087,5494174,5505671,11497
2747049,5494098,5505590,11492
2746879,5493758,5505250,11492
2746687,5493374,5504866,11492
2744391,5488782,5500271,11489
2742463,5484926,5496410,11484
2741575,5483150,5494634,11484
2740459,5480918,5492392,11474
2739881,5479762,5491222,11460
2738415,5476830,5488288,11458
2737705,5475410,5486866,11456
2737643,5475286,5486738,11452
2736155,5472310,5483758,11448
2733849,5467698,5479144,11446
2733727,5467454,5478892,11438
2732699,5465398,5476829,11431
2732271,5464542,5475971,11429
2730395,5460790,5472215,11425
2729225,5458450,5469869,11419
2726911,5453822,5465234,11412
2724607,5449214,5460622,11408
2722017,5444034,5455426,11392
2721951,5443902,5455286,11384
2716911,5433822,5445185,11363
2716251,5432502,5443865,11363
2715289,5430578,5441941,11363
2712807,5425614,5436976,11362
2711067,5422134,5433478,11344
2708819,5417638,5428978,11340
2708705,5417410,5428745,11335
2704009,5408018,5419336,11318
2703999,5407998,5419312,11314
2701739,5403478,5414782,11304
2701065,5402130,5413432,11302
2698491,5396982,5408284,11302
2698175,5396350,5407648,11298
2697919,5395838,5407123,11285
2694783,5389566,5400844,11278
2693327,5386654,5397928,11274
2690607,5381214,5392474,11260
2689819,5379638,5390890,11252
2688161,5376322,5387573,11251
2687719,5375438,5386682,11244
2686671,5373342,5384582,11240
2684243,5368486,5379716,11230
2681769,5363538,5374762,11224
2679743,5359486,5370698,11212
2677295,5354590,5365790,11200
2675495,5350990,5362190,11200
2672411,5344822,5356007,11185
2672359,5344718,5355898,11180
2671855,5343710,5354890,11180
2669547,5339094,5350273,11179
2669053,5338106,5349277,11171
2668455,5336910,5348081,11171
2667803,5335606,5346767,11161
2662507,5325014,5336170,11156
2662171,5324342,5335478,11136
2661471,5322942,5334076,11134
2658729,5317458,5328584,11126
2657213,5314426,5325547,11121
2656743,5313486,5324602,11116
2654559,5309118,5320232,11114
2653423,5306846,5317954,11108
2651935,5303870,5314976,11106
2648423,5296846,5307925,11079
2647067,5294134,5305205,11071
2644479,5288958,5300020,11062
2641695,5283390,5294447,11057
2641209,5282418,5293475,11057
2639087,5278174,5289212,11038
2637055,5274110,5285140,11030
2635423,5270846,5281867,11021
2633839,5267678,5278697,11019
2633727,5267454,5278472,11018
2632615,5265230,5276243,11013
2629247,5258494,5269495,11001
2626591,5253182,5264168,10986
2623579,5247158,5258141,10983
2621543,5243086,5254064,10978
2620719,5241438,5252404,10966
2619391,5238782,5249747,10965
2618607,5237214,5248168,10954
2615807,5231614,5242562,10948
2614207,5228414,5239354,10940
2612335,5224670,5235610,10940
2610047,5220094,5231026,10932
2609403,5218806,5229736,10930
2608423,5216846,5227774,10928
2608039,5216078,5226992,10914
2606873,5213746,5224660,10914
2606695,5213390,5224292,10902
2605695,5211390,5222290,10900
2605055,5210110,5221003,10893
2603099,5206198,5217085,10887
2601001,5202002,5212888,10886
2599515,5199030,5209906,10876
2598759,5197518,5208394,10876
2598559,5197118,5207989,10871
2596861,5193722,5204587,10865
2595999,5191998,5202856,10858
2594047,5188094,5198944,10850
2592615,5185230,5196074,10844
2588585,5177170,5188009,10839
2585327,5170654,5181466,10812
2584575,5169150,5179960,10810
2584191,5168382,5179192,10810
2577897,5155794,5166577,10783
2574575,5149150,5159924,10774
2572487,5144974,5155742,10768
2572351,5144702,5155468,10766
2571263,5142526,5153291,10765
2570855,5141710,5152466,10756
2567017,5134034,5144782,10748
2566591,5133182,5143925,10743
2564799,5129598,5140331,10733
2563181,5126362,5137091,10729
2562375,5124750,5135470,10720
2559615,5119230,5129936,10706
2553627,5107254,5117938,10684
2553115,5106230,5116913,10683
2547833,5095666,5106349,10683
2547355,5094710,5105374,10664
2546259,5092518,5103173,10655
2541547,5083094,5093746,10652
2541439,5082878,5093513,10635
2539945,5079890,5090525,10635
2539631,5079262,5089894,10632
2538139,5076278,5086901,10623
2537727,5075454,5086073,10619
2536863,5073726,5084338,10612
2533985,5067970,5078582,10612
2532073,5064146,5074748,10602
2531579,5063158,5073748,10590
2529487,5058974,5069564,10590
2529455,5058910,5069500,10590
2527983,5055966,5066548,10582
2527935,5055870,5066446,10576
2527223,5054446,5065022,10576
2525851,5051702,5062274,10572
2522375,5044750,5055308,10558
2521831,5043662,5054218,10556
2521311,5042622,5053168,10546
2519785,5039570,5050114,10544
2519379,5038758,5049299,10541
2516839,5033678,5044214,10536
2515439,5030878,5041412,10534
2512211,5024422,5034950,10528
2511099,5022198,5032712,10514
2507753,5015506,5025997,10491
2503615,5007230,5017706,10476
2502559,5005118,5015591,10473
2500783,5001566,5012027,10461
2497775,4995550,5005999,10449
2494535,4989070,4999508,10438
2492755,4985510,4995944,10434
2492415,4984830,4995263,10433
2491359,4982718,4993144,10426
2490619,4981238,4991662,10424
2489001,4978002,4988416,10414
2488039,4976078,4986485,10407
2484777,4969554,4979954,10400
2483383,4966766,4977166,10400
2483135,4966270,4976666,10396
2482511,4965022,4975418,10396
2479571,4959142,4969532,10390
2479481,4958962,4969343,10381
2477385,4954770,4965140,10370
2476783,4953566,4963936,10370
2476135,4952270,4962637,10367
2473975,4947950,4958306,10356
2473043,4946086,4956434,10348
2469503,4939006,4949336,10330
2468967,4937934,4948262,10328
2463273,4926546,4936850,10304
2458267,4916534,4926824,10290
2455979,4911958,4922237,10279
2454867,4909734,4920004,10270
2451731,4903462,4913723,10261
2451567,4903134,4913389,10255
2451071,4902142,4912396,10254
2449911,4899822,4910071,10249
2446463,4892926,4903157,10231
2443263,4886526,4896754,10228
2441853,4883706,4893929,10223
2441499,4882998,4893212,10214
2436955,4873910,4884118,10208
2435963,4871926,4882124,10198
2435687,4871374,4881566,10192
2434463,4868926,4879111,10185
2433515,4867030,4877212,10182
2433191,4866382,4876564,10182
2433023,4866046,4876226,10180
2432137,4864274,4874450,10176
2430087,4860174,4870348,10174
2428471,4856942,4867114,10172
2428207,4856414,4866574,10160
2427881,4855762,4865920,10158
2427119,4854238,4864394,10156
2424539,4849078,4859228,10150
2423801,4847602,4857752,10150
2423379,4846758,4856906,10148
2421985,4843970,4854104,10134
2420479,4840958,4851089,10131
2419103,4838206,4848334,10128
2417801,4835602,4845724,10122
2416127,4832254,4842362,10108
2411615,4823230,4833322,10092
2408673,4817346,4827428,10082
2407737,4815474,4825550,10076
2403895,4807790,4817860,10070
2401545,4803090,4813139,10049
2399785,4799570,4809616,10046
2396555,4793110,4803154,10044
2395887,4791774,4801801,10027
2395095,4790190,4800215,10025
2394067,4788134,4798156,10022
2392063,4784126,4794146,10020
2391551,4783102,4793120,10018
2391315,4782630,4792643,10013
2390223,4780446,4790449,10003
2389083,4778166,4788161,9995
2388151,4776302,4786294,9992
2385407,4770814,4780798,9984
2384831,4769662,4779643,9981
2381993,4763986,4773953,9967
2379817,4759634,4769590,9956
2378217,4756434,4766390,9956
2376663,4753326,4763279,9953
2373791,4747582,4757512,9930
2368699,4737398,4747319,9921
2368231,4736462,4746370,9908
2368191,4736382,4746286,9904
2364743,4729486,4739381,9895
2362139,4724278,4734160,9882
2359607,4719214,4729094,9880
2357887,4715774,4725638,9864
2355199,4710398,4720247,9849
2350393,4700786,4710634,9848
2347879,4695758,4705600,9842
2347175,4694350,4704176,9826
2345855,4691710,4701521,9811
2343251,4686502,4696309,9807
2342521,4685042,4694848,9806
2340775,4681550,4691348,9798
2339515,4679030,4688824,9794
2336993,4673986,4683770,9784
2334567,4669134,4678904,9770
2333823,4667646,4677406,9760
2331263,4662526,4672282,9756
2329535,4659070,4668820,9750
2327231,4654462,4664200,9738
2325503,4651006,4660733,9727
2323739,4647478,4657202,9724
2322203,4644406,4654120,9714
2319927,4639854,4649567,9713
2318383,4636766,4646470,9704
2318055,4636110,4645811,9701
2315131,4630262,4639954,9692
2312545,4625090,4634767,9677
2309887,4619774,4629437,9663
2309311,4618622,4628281,9659
2308321,4616642,4626299,9657
2307103,4614206,4623860,9654
2303771,4607542,4617182,9640
2303007,4606014,4615648,9634
2302203,4604406,4614040,9634
2298651,4597302,4606936,9634
2297825,4595650,4605281,9631
2296703,4593406,4603018,9612
2295023,4590046,4599656,9610
2293863,4587726,4597327,9601
2291329,4582658,4592252,9594
2287799,4575598,4585180,9582
2287615,4575230,4584802,9572
2285567,4571134,4580702,9568
2284543,4569086,4578646,9560
2279041,4558082,4567642,9560
2277519,4555038,4564595,9557
2276461,4552922,4562453,9531
2273471,4546942,4556456,9514
2272417,4544834,4554344,9510
2271471,4542942,4552450,9508
2270655,4541310,4550806,9496
2267463,4534926,4544422,9496
2267005,4534010,4543504,9494
2264603,4529206,4538693,9487
2261103,4522206,4531670,9464
2257449,4514898,4524349,9451
2255975,4511950,4521395,9445
2254761,4509522,4518958,9436
2252431,4504862,4514294,9432
2252015,4504030,4513454,9424
2249831,4499662,4509073,9411
2246619,4493238,4502645,9407
2246527,4493054,4502459,9405
2243775,4487550,4496951,9401
2243771,4487542,4496941,9399
2243577,4487154,4496543,9389
2242025,4484050,4493431,9381
2241767,4483534,4492912,9378
2236743,4473486,4482862,9376
2235945,4471890,4481254,9364
2235695,4471390,4480753,9363
2235135,4470270,4479623,9353
2231791,4463582,4472923,9341
2226431,4452862,4462199,9337
2226415,4452830,4462154,9324
2225435,4450870,4460182,9312
2222875,4445750,4455056,9306
2222457,4444914,4454212,9298
2222079,4444158,4453450,9292
2215147,4430294,4439573,9279
2214335,4428670,4437947,9277
2212863,4425726,4434992,9266
2210663,4421326,4430590,9264
2209337,4418674,4427929,9255
2207897,4415794,4425047,9253
2207451,4414902,4424146,9244
2207231,4414462,4423702,9240
2205863,4411726,4420952,9226
2202119,4404238,4413457,9219
2199399,4398798,4408000,9202
2199177,4398354,4407556,9202
2198463,4396926,4406128,9202
2197993,4395986,4405187,9201
2197915,4395830,4405030,9200
2197567,4395134,4404334,9200
2197351,4394702,4403893,9191
2196201,4392402,4401592,9190
2195227,4390454,4399636,9182
2191103,4382206,4391371,9165
2190335,4380670,4389833,9163
2189311,4378622,4387783,9161
2187711,4375422,4384582,9160
2185151,4370302,4379453,9151
2183239,4366478,4375613,9135
2181371,4362742,4371872,9130
2179315,4358630,4367753,9123
2178041,4356082,4365202,9120
2177787,4355574,4364687,9113
2177697,4355394,4364507,9113
2174975,4349950,4359055,9105
2171623,4343246,4352344,9098
2169159,4338318,4347395,9077
2166991,4333982,4343050,9068
2163967,4327934,4336987,9053
2162687,4325374,4334422,9048
2159103,4318206,4327238,9032
2158439,4316878,4325908,9030
2157439,4314878,4323905,9027
2154623,4309246,4318262,9016
2153471,4306942,4315954,9012
2152775,4305550,4314562,9012
2151199,4302398,4311400,9002
2145193,4290386,4299365,8979
2143657,4287314,4296284,8970
2141055,4282110,4291076,8966
2140299,4280598,4289561,8963
2138051,4276102,4285055,8953
2136795,4273590,4282541,8951
2136375,4272750,4281700,8950
2134255,4268510,4277447,8937
2134239,4268478,4277414,8936
2130271,4260542,4269469,8927
2128059,4256118,4265026,8908
2127087,4254174,4263082,8908
2126575,4253150,4262056,8906
2125727,4251454,4260347,8893
2122011,4244022,4252904,8882
2120361,4240722,4249597,8875
2119849,4239698,4248571,8873
2117327,4234654,4243513,8859
2114791,4229582,4238440,8858
2114587,4229174,4238021,8847
2113647,4227294,4236140,8846
2113371,4226742,4235588,8846
2109575,4219150,4227994,8844
2109439,4218878,4227700,8822
2104095,4208190,4217002,8812
2104063,4208126,4216930,8804
2101993,4203986,4212782,8796
2100025,4200050,4208842,8792
2099679,4199358,4208140,8782
2096831,4193662,4202432,8770
2096191,4192382,4201151,8769
2094751,4189502,4198267,8765
2092335,4184670,4193428,8758
2088431,4176862,4185620,8758
2087003,4174006,4182754,8748
2086631,4173262,4181993,8731
2081727,4163454,4172165,8711
2077327,4154654,4163350,8696
2074047,4148094,4156774,8680
2072233,4144466,4153139,8673
2070697,4141394,4150060,8666
2069967,4139934,4148597,8663
2067455,4134910,4143568,8658
2067113,4134226,4142873,8647
2065545,4131090,4139734,8644
2062163,4124326,4132970,8644
2061255,4122510,4131142,8632
2060287,4120574,4129193,8619
2056847,4113694,4122308,8614
2055935,4111870,4120475,8605
2054911,4109822,4118417,8595
2053887,4107774,4116367,8593
2053279,4106558,4115150,8592
2052255,4104510,4113098,8588
2048031,4096062,4104631,8569
2046919,4093838,4102402,8564
2042511,4085022,4093582,8560
2041513,4083026,4091570,8544
2040147,4080294,4088836,8542
2037999,4075998,4084526,8528
2036467,4072934,4081456,8522
2033597,4067194,4075714,8520
2033435,4066870,4075378,8508
2032319,4064638,4073146,8508
2031613,4063226,4071734,8508
2031529,4063058,4071559,8501
2030439,4060878,4069376,8498
2027367,4054734,4063216,8482
2025831,4051662,4060136,8474
2023593,4047186,4055656,8470
2021631,4043262,4051727,8465
2020863,4041726,4050182,8456
2017673,4035346,4043794,8448
2017127,4034254,4042700,8446
2016121,4032242,4040680,8438
2015115,4030230,4038668,8438
2015003,4030006,4038437,8431
2013183,4026366,4034788,8422
2011327,4022654,4031072,8418
2008555,4017110,4025524,8414
2008135,4016270,4024684,8414
2007039,4014078,4022486,8408
2004193,4008386,4016773,8387
2001791,4003582,4011958,8376
1998589,3997178,4005551,8373
1998127,3996254,4004620,8366
1998015,3996030,4004392,8362
1996103,3992206,4000558,8352
1992551,3985102,3993452,8350
1990479,3980958,3989302,8344
1989403,3978806,3987143,8337
1986553,3973106,3981425,8319
1983935,3967870,3976180,8310
1983675,3967350,3975659,8309
1983519,3967038,3975344,8306
1979049,3958098,3966398,8300
1979035,3958070,3966358,8288
1978527,3957054,3965330,8276
1977791,3955582,3963856,8274
1976003,3952006,3960280,8274
1975017,3950034,3958306,8272
1973967,3947934,3956200,8266
1971839,3943678,3951934,8256
1970719,3941438,3949687,8249
1970145,3940290,3948536,8246
1969583,3939166,3947410,8244
1965823,3931646,3939878,8232
1963455,3926910,3935141,8231
1962575,3925150,3933374,8224
1960489,3920978,3929200,8222
1959165,3918330,3926542,8212
1957535,3915070,3923270,8200
1955775,3911550,3919738,8188
1955155,3910310,3918496,8186
1953771,3907542,3915721,8179
1951903,3903806,3911978,8172
1949727,3899454,3907622,8168
1947887,3895774,3903932,8158
1946271,3892542,3900688,8146
1942975,3885950,3894082,8132
1941439,3882878,3891007,8129
1941351,3882702,3890828,8126
1939947,3879894,3888017,8123
1937399,3874798,3882916,8118
1937129,3874258,3882370,8112
1935999,3871998,3880102,8104
1933423,3866846,3874933,8087
1930331,3860662,3868748,8086
1929363,3858726,3866807,8081
1929263,3858526,3866602,8076
1927015,3854030,3862100,8070
1926099,3852198,3860266,8068
1925263,3850526,3858587,8061
1923163,3846326,3854384,8058
1922927,3845854,3853906,8052
1921761,3843522,3851569,8047
1920491,3840982,3849029,8047
1918791,3837582,3845618,8036
1917723,3835446,3843470,8024
1915215,3830430,3838448,8018
1913583,3827166,3835174,8008
1909693,3819386,3827380,7994
1906223,3812446,3820424,7978
1906079,3812158,3820135,7977
1904959,3809918,3817894,7976
1903295,3806590,3814555,7965
1900489,3800978,3808937,7959
1899759,3799518,3807476,7958
1899111,3798222,3806171,7949
1897115,3794230,3802174,7944
1896105,3792210,3800143,7933
1895417,3790834,3798767,7933
1893627,3787254,3795184,7930
1893183,3786366,3794296,7930
1891263,3782526,3790439,7913
1889839,3779678,3787586,7908
1885067,3770134,3778040,7906
1884763,3769526,3777419,7893
1881387,3762774,3770662,7888
1880815,3761630,3769498,7868
1873691,3747382,3755234,7852
1873435,3746870,3754721,7851
1868391,3736782,3744628,7846
1868335,3736670,3744502,7832
1864379,3728758,3736567,7809
1864129,3728258,3736066,7808
1863583,3727166,3734966,7800
1862919,3725838,3733634,7796
1859679,3719358,3727150,7792
1858039,3716078,3723856,7778
1857447,3714894,3722669,7775
1855481,3710962,3718730,7768
1854783,3709566,3717326,7760
1848847,3697694,3705446,7752
1847721,3695442,3703178,7736
1847455,3694910,3702638,7728
1841151,3682302,3690004,7702
1840619,3681238,3688940,7702
1837737,3675474,3683171,7697
1837723,3675446,3683141,7695
1835879,3671758,3679445,7687
1833033,3666066,3673750,7684
1831391,3662782,3670447,7665
1829291,3658582,3666244,7662
1828307,3656614,3664273,7659
1826587,3653174,3660814,7640
1824937,3649874,3657514,7640
1824103,3648206,3655838,7632
1821353,3642706,3650336,7630
1820263,3640526,3648143,7617
1817535,3635070,3642680,7610
1815387,3630774,3638384,7610
1814259,3628518,3636127,7609
1813351,3626702,3634294,7592
1812095,3624190,3631772,7582
1810943,3621886,3629462,7576
1808711,3617422,3624992,7570
1807497,3614994,3622556,7562
1806505,3613010,3620572,7562
1805879,3611758,3619318,7560
1805803,3611606,3619163,7557
1802921,3605842,3613396,7554
1802619,3605238,3612788,7550
1801471,3602942,3610492,7550
1801023,3602046,3609587,7541
1798783,3597566,3605098,7532
1797417,3594834,3602366,7532
1795551,3591102,3598618,7516
1793001,3586002,3593510,7508
1792667,3585334,3592837,7503
1792107,3584214,3591715,7501
1791113,3582226,3589721,7495
1789055,3578110,3585599,7489
1786495,3572990,3580465,7475
1784863,3569726,3577193,7467
1783663,3567326,3574793,7467
1781607,3563214,3570671,7457
1781487,3562974,3570430,7456
1777153,3554306,3561752,7446
1774843,3549686,3557126,7440
1772521,3545042,3552478,7436
1772287,3544574,3552002,7428
1769705,3539410,3546821,7411
1767335,3534670,3542075,7405
1764711,3529422,3536803,7381
1759391,3518782,3526141,7359
1757439,3514878,3522232,7354
1756095,3512190,3519544,7354
1755375,3510750,3518099,7349
1752745,3505490,3512828,7338
1749659,3499318,3506651,7333
1748991,3497982,3505300,7318
1745273,3490546,3497863,7317
1744943,3489886,3497195,7309
1743871,3487742,3495041,7299
1741417,3482834,3490127,7293
1737915,3475830,3483106,7276
1735423,3470846,3478120,7274
1732891,3465782,3473044,7262
1732075,3464150,3471407,7257
1731455,3462910,3470161,7251
1728815,3457630,3464876,7246
1725239,3450478,3457708,7230
1723369,3446738,3453961,7223
1722527,3445054,3452264,7210
1718497,3436994,3444190,7196
1716383,3432766,3439949,7183
1714991,3429982,3437161,7179
1714175,3428350,3435527,7177
1713903,3427806,3434977,7171
1711131,3422262,3429430,7168
1708787,3417574,3424727,7153
1707759,3415518,3422668,7150
1707347,3414694,3421840,7146
1704895,3409790,3416930,7140
1702047,3404094,3411220,7126
1697707,3395414,3402538,7124
1696157,3392314,3399434,7120
1693799,3387598,3394703,7105
1693087,3386174,3393262,7088
1691071,3382142,3389219,7077
1690783,3381566,3388642,7076
1689323,3378646,3385721,7075
1687997,3375994,3383068,7074
1687719,3375438,3382498,7060
1686303,3372606,3379666,7060
1682377,3364754,3371813,7059
1681919,3363838,3370894,7056
1681583,3363166,3370205,7039
1680319,3360638,3367673,7035
1676959,3353918,3360941,7023
1674807,3349614,3356633,7019
1673725,3347450,3354463,7013
1671391,3342782,3349780,6998
1668871,3337742,3344740,6998
1667233,3334466,3341464,6998
1666843,3333686,3340660,6974
1663113,3326226,3333194,6968
1663023,3326046,3333005,6959
1661835,3323670,3330629,6959
1660905,3321810,3328762,6952
1657003,3314006,3320947,6941
1655423,3310846,3317777,6931
1655007,3310014,3316945,6931
1653119,3306238,3313168,6930
1653047,3306094,3313021,6927
1652987,3305974,3312895,6921
1649383,3298766,3305668,6902
1648175,3296350,3303251,6901
1646335,3292670,3299557,6887
1639983,3279966,3286832,6866
1637319,3274638,3281491,6853
1634681,3269362,3276214,6852
1634579,3269158,3276010,6852
1634487,3268974,3275815,6841
1634047,3268094,3274930,6836
1629951,3259902,3266728,6826
1627901,3255802,3262619,6817
1626793,3253586,3260402,6816
1625243,3250486,3257288,6802
1622127,3244254,3251042,6788
1622015,3244030,3250817,6787
1618587,3237174,3243946,6772
1618079,3236158,3242929,6771
1615585,3231170,3237937,6767
1615407,3230814,3237580,6766
1612735,3225470,3232222,6752
1611867,3223734,3230482,6748
1608955,3217910,3224651,6741
1608895,3217790,3224524,6734
1607743,3215486,3222214,6728
1605791,3211582,3218308,6726
1605225,3210450,3217171,6721
1604031,3208062,3214780,6718
1602281,3204562,3211276,6714
1600679,3201358,3208061,6703
1600671,3201342,3208045,6703
1598121,3196242,3202942,6700
1597703,3195406,3202102,6696
1597211,3194422,3201104,6682
1594367,3188734,3195413,6679
1594209,3188418,3195095,6677
1590527,3181054,3187726,6672
1590441,3180882,3187552,6670
1590271,3180542,3187198,6656
1587995,3175990,3182635,6645
1584441,3168882,3175519,6637
1582527,3165054,3171674,6620
1579131,3158262,3164879,6617
1576495,3152990,3159587,6597
1575019,3150038,3156632,6594
1574759,3149518,3156106,6588
1573071,3146142,3152729,6587
1572861,3145722,3152308,6586
1571839,3143678,3150256,6578
1567003,3134006,3140582,6576
1566927,3133854,3140422,6568
1564783,3129566,3136117,6551
1560255,3120510,3127061,6551
1560105,3120210,3126761,6551
1559965,3119930,3126472,6542
1557995,3115990,3122513,6523
1553023,3106046,3112546,6500
1552475,3104950,3111448,6498
1551487,3102974,3109466,6492
1550335,3100670,3107155,6485
1549159,3098318,3104801,6483
1546623,3093246,3099728,6482
1543161,3086322,3092795,6473
1542635,3085270,3091732,6462
1541403,3082806,3089258,6452
1539069,3078138,3084587,6449
1537695,3075390,3081824,6434
1533545,3067090,3073516,6426
1531883,3063766,3070187,6421
1531135,3062270,3068678,6408
1530111,3060222,3066628,6406
1526909,3053818,3060220,6402
1525199,3050398,3056786,6388
1524975,3049950,3056332,6382
1523711,3047422,3053801,6379
1520609,3041218,3047596,6378
1520511,3041022,3047398,6376
1518345,3036690,3043063,6373
1518201,3036402,3042772,6370
1515647,3031294,3037637,6343
1513255,3026510,3032846,6336
1511903,3023806,3030142,6336
1511535,3023070,3029405,6335
1509887,3019774,3026092,6318
1505791,3011582,3017896,6314
1505063,3010126,3016438,6312
1503983,3007966,3014263,6297
1503145,3006290,3012580,6290
1502367,3004734,3011024,6290
1501343,3002686,3008969,6283
1495367,2990734,2997004,6270
1494511,2989022,2995274,6252
1489915,2979830,2986069,6239
1486527,2973054,2979287,6233
1484287,2968574,2974799,6225
1483643,2967286,2973509,6223
1483623,2967246,2973454,6208
1482523,2965046,2971252,6206
1481263,2962526,2968730,6204
1480863,2961726,2967928,6202
1477929,2955858,2962048,6190
1475241,2950482,2956661,6179
1473775,2947550,2953726,6176
1472763,2945526,2951698,6172
1471931,2943862,2950031,6169
1469437,2938874,2945036,6162
1469373,2938746,2944907,6161
1465789,2931578,2937734,6156
1461435,2922870,2929024,6154
1459431,2918862,2924990,6128
1458879,2917758,2923883,6125
1456767,2913534,2919635,6101
1455195,2910390,2916484,6094
1453065,2906130,2912224,6094
1453049,2906098,2912188,6090
1452847,2905694,2911778,6084
1452711,2905422,2911504,6082
1452027,2904054,2910134,6080
1445803,2891606,2897669,6063
1444575,2889150,2895200,6050
1441791,2883582,2889614,6032
1437415,2874830,2880850,6020
1436415,2872830,2878841,6011
1435647,2871294,2877302,6008
1435183,2870366,2876374,6008
1432271,2864542,2870536,5994
1428719,2857438,2863421,5983
1427369,2854738,2860717,5979
1427199,2854398,2860372,5974
1425367,2850734,2856703,5969
1424249,2848498,2854466,5968
1422825,2845650,2851609,5959
1419507,2839014,2844970,5956
1419179,2838358,2844310,5952
1418023,2836046,2841992,5946
1417213,2834426,2840366,5940
1417151,2834302,2840231,5929
1413119,2826238,2832160,5922
1409691,2819382,2825293,5911
1409535,2819070,2824976,5906
1406459,2812918,2818822,5904
1404543,2809086,2814977,5891
1404009,2808018,2813908,5890
1400679,2801358,2807237,5879
1399855,2799710,2805587,5877
1398249,2796498,2802367,5869
1398097,2796194,2802050,5856
1397887,2795774,2801621,5847
1394759,2789518,2795363,5845
1392823,2785646,2791484,5838
1391611,2783222,2789048,5826
1391087,2782174,2787995,5821
1389735,2779470,2785288,5818
1386635,2773270,2779085,5815
1385791,2771582,2777384,5802
1384387,2768774,2774576,5802
1383977,2767954,2773754,5800
1381867,2763734,2769532,5798
1380863,2761726,2767504,5778
1378681,2757362,2763136,5774
1377247,2754494,2760268,5774
1374775,2749550,2755313,5763
1373343,2746686,2752433,5747
1372671,2745342,2751088,5746
1371231,2742462,2748205,5743
1369579,2739158,2744890,5732
1368703,2737406,2743136,5730
1366923,2733846,2739572,5726
1363803,2727606,2733317,5711
1362367,2724734,2730436,5702
1358151,2716302,2721995,5693
1357251,2714502,2720195,5693
1357023,2714046,2719736,5690
1355623,2711246,2716918,5672
1354879,2709758,2715430,5672
1354409,2708818,2714489,5671
1352191,2704382,2710048,5666
1351103,2702206,2707870,5664
1348063,2696126,2701775,5649
1347753,2695506,2701151,5645
1346663,2693326,2698964,5638
1345115,2690230,2695862,5632
1344751,2689502,2695133,5631
1343335,2686670,2692291,5621
1342121,2684242,2689858,5616
1339389,2678778,2684392,5614
1335747,2671494,2677093,5599
1334303,2668606,2674201,5595
1332351,2664702,2670290,5588
1330735,2661470,2667038,5568
1328367,2656734,2662301,5567
1327279,2654558,2660116,5558
1322751,2645502,2651056,5554
1322623,2645246,2650786,5540
1318793,2637586,2643118,5532
1318527,2637054,2642570,5516
1315977,2631954,2637466,5512
1314559,2629118,2634622,5504
1310881,2621762,2627266,5504
1309295,2618590,2624080,5490
1308319,2616638,2622122,5484
1306109,2612218,2617694,5476
1305631,2611262,2616736,5474
1305023,2610046,2615513,5467
1300647,2601294,2606756,5462
1299583,2599166,2604616,5450
1298591,2597182,2602621,5439
1297023,2594046,2599472,5426
1293929,2587858,2593282,5424
1292991,2585982,2591404,5422
1292527,2585054,2590471,5417
1291419,2582838,2588246,5408
1288873,2577746,2583143,5397
1286887,2573774,2579165,5391
1286241,2572482,2577871,5389
1286175,2572350,2577734,5384
1283015,2566030,2571412,5382
1281961,2563922,2569300,5378
1281951,2563902,2569270,5368
1280327,2560654,2566019,5365
1278505,2557010,2562374,5364
1277225,2554450,2559814,5364
1276809,2553618,2558965,5347
1273839,2547678,2553016,5338
1272119,2544238,2549576,5338
1269897,2539794,2545121,5327
1269417,2538834,2544154,5320
1268577,2537154,2542468,5314
1265999,2531998,2537302,5304
1264743,2529486,2534782,5296
1263611,2527222,2532511,5289
1262121,2524242,2529530,5288
1260655,2521310,2526584,5274
1256761,2513522,2518796,5274
1256105,2512210,2517475,5265
1253543,2507086,2512336,5250
1250441,2500882,2506120,5238
1249127,2498254,2503489,5235
1247335,2494670,2499896,5226
1246377,2492754,2497972,5218
1245679,2491358,2496572,5214
1241691,2483382,2488583,5201
1241255,2482510,2487709,5199
1239785,2479570,2484766,5196
1238463,2476926,2482114,5188
1236987,2473974,2479153,5179
1236521,2473042,2478217,5175
1227623,2455246,2460388,5142
1227433,2454866,2460002,5136
1223067,2446134,2451256,5122
1221177,2442354,2447476,5122
1220095,2440190,2445302,5112
1216423,2432846,2437951,5105
1216051,2432102,2437202,5100
1214377,2428754,2433851,5097
1214235,2428470,2433557,5087
1211689,2423378,2428453,5075
1208767,2417534,2422600,5066
1208063,2416126,2421181,5055
1205807,2411614,2416661,5047
1202231,2404462,2409506,5044
1201947,2403894,2408930,5036
1201711,2403422,2408458,5036
1200681,2401362,2406391,5029
1198591,2397182,2402207,5025
1197433,2394866,2399888,5022
1197033,2394066,2399078,5012
1195775,2391550,2396560,5010
1194075,2388150,2393147,4997
1192703,2385406,2390399,4993
1188175,2376350,2381336,4986
1186047,2372094,2377067,4973
1183967,2367934,2372903,4969
1181523,2363046,2368001,4955
1179803,2359606,2364547,4941
1178223,2356446,2361383,4937
1175195,2350390,2355317,4927
1170079,2340158,2345071,4913
1167919,2335838,2340740,4902
1166439,2332878,2337767,4889
1164903,2329806,2334688,4882
1163295,2326590,2331463,4873
1160959,2321918,2326786,4868
1158153,2316306,2321170,4864
1157211,2314422,2319283,4861
1157033,2314066,2318920,4854
1156947,2313894,2318746,4852
1155583,2311166,2316004,4838
1152543,2305086,2309917,4831
1150159,2300318,2305138,4820
1148351,2296702,2301509,4807
1147583,2295166,2299972,4806
1145183,2290366,2295166,4800
1143899,2287798,2292590,4792
1142783,2285566,2290351,4785
1140457,2280914,2285698,4784
1140383,2280766,2285549,4783
1139519,2279038,2283821,4783
1138651,2277302,2282080,4778
1137193,2274386,2279158,4772
1136607,2273214,2277985,4771
1136549,2273098,2277866,4768
1134633,2269266,2274020,4754
1133927,2267854,2272607,4753
1133501,2267002,2271752,4750
1130771,2261542,2266289,4747
1129199,2258398,2263135,4737
1127359,2254718,2259436,4718
1126215,2252430,2257147,4717
1125331,2250662,2255378,4716
1123887,2247774,2252482,4708
1122267,2244534,2249242,4708
1121279,2242558,2247262,4704
1118811,2237622,2242313,4691
1116537,2233074,2237755,4681
1112577,2225154,2229826,4672
1112383,2224766,2229434,4668
1111503,2223006,2227660,4654
1110335,2220670,2225323,4653
1108207,2216414,2221054,4640
1106431,2212862,2217496,4634
1104431,2208862,2213492,4630
1103615,2207230,2211851,4621
1102079,2204158,2208778,4620
1099689,2199378,2203996,4618
1099343,2198686,2203301,4615
1098783,2197566,2202167,4601
1093935,2187870,2192467,4597
1091753,2183506,2188084,4578
1089787,2179574,2184142,4568
1089633,2179266,2183834,4568
1089535,2179070,2183638,4568
1088489,2176978,2181544,4566
1085979,2171958,2176514,4556
1083495,2166990,2171525,4535
1081343,2162686,2167211,4525
1075687,2151374,2155886,4512
1073563,2147126,2151628,4502
1070527,2141054,2145538,4484
1070015,2140030,2144513,4483
1068187,2136374,2140850,4476
1067119,2134238,2138707,4469
1064631,2129262,2133728,4466
1064127,2128254,2132710,4456
1062911,2125822,2130275,4453
1061199,2122398,2126848,4450
1060351,2120702,2125150,4448
1058277,2116554,2120998,4444
1058031,2116062,2120498,4436
1054911,2109822,2114252,4430
1053807,2107614,2112031,4417
1051675,2103350,2107765,4415
1049839,2099678,2104070,4392
1048573,2097146,2101538,4392
1047891,2095782,2100170,4388
1045103,2090206,2094592,4386
1044617,2089234,2093614,4380
1042127,2084254,2088629,4375
1041695,2083390,2087765,4375
1040457,2080914,2085284,4370
1039977,2079954,2084314,4360
1038663,2077326,2081675,4349
1035807,2071614,2075956,4342
1034235,2068470,2072807,4337
1032935,2065870,2070202,4332
1031963,2063926,2068252,4326
1031081,2062162,2066485,4323
1028423,2056846,2061154,4308
1026045,2052090,2056391,4301
1025193,2050386,2054680,4294
1022363,2044726,2049010,4284
1021255,2042510,2046791,4281
1020073,2040146,2044418,4272
1018233,2036466,2040728,4262
1016799,2033598,2037857,4259
1015807,2031614,2035867,4253
1013739,2027478,2031730,4252
1013673,2027346,2031598,4252
1012905,2025810,2030062,4252
1011175,2022350,2026600,4250
1010431,2020862,2025091,4229
1007555,2015110,2019334,4224
1006591,2013182,2017394,4212
1003375,2006750,2010958,4208
1001811,2003622,2007820,4198
1000895,2001790,2005979,4189
997023,1994046,1998220,4174
995239,1990478,1994651,4173
991015,1982030,1986191,4161
989095,1978190,1982339,4149
988959,1977918,1982066,4148
988001,1976002,1980140,4138
986983,1973966,1978100,4134
983487,1966974,1971106,4132
983161,1966322,1970450,4128
981287,1962574,1966687,4113
979581,1959162,1963271,4109
977577,1955154,1959248,4094
974237,1948474,1952564,4090
970447,1940894,1944962,4068
968699,1937398,1941458,4060
968475,1936950,1941010,4060
965687,1931374,1935434,4060
963517,1927034,1931080,4046
963049,1926098,1930133,4035
961471,1922942,1926976,4034
958879,1917758,1921781,4023
957931,1915862,1919882,4020
957607,1915214,1919224,4010
954847,1909694,1913690,3996
952479,1904958,1908947,3989
951433,1902866,1906852,3986
949499,1898998,1902977,3979
946623,1893246,1897222,3976
946591,1893182,1897148,3966
945183,1890366,1894324,3958
943287,1886574,1890530,3956
942571,1885142,1889098,3956
941243,1882486,1886441,3955
940691,1881382,1885331,3949
938739,1877478,1881418,3940
937819,1875638,1879576,3938
937639,1875278,1879214,3936
935391,1870782,1874716,3934
934783,1869566,1873480,3914
932061,1864122,1868033,3911
931457,1862914,1866817,3903
929839,1859678,1863575,3897
929019,1858038,1861928,3890
927391,1854782,1858663,3881
924423,1848846,1852723,3877
922651,1845302,1849169,3867
920575,1841150,1845002,3852
916295,1832590,1836436,3846
915883,1831766,1835608,3842
915071,1830142,1833977,3835
912037,1824074,1827902,3828
908767,1817534,1821340,3806
905641,1811282,1815088,3806
904833,1809666,1813463,3797
904681,1809362,1813157,3795
903521,1807042,1810835,3793
902939,1805878,1809659,3781
900735,1801470,1805246,3776
897779,1795558,1799333,3775
897775,1795550,1799309,3759
892925,1785850,1789594,3744
891071,1782142,1785886,3744
886143,1772286,1776001,3715
884251,1768502,1772212,3710
882111,1764222,1767916,3694
879195,1758390,1762078,3688
878919,1757838,1761526,3688
878719,1757438,1761116,3678
875055,1750110,1753780,3670
870739,1741478,1745129,3651
868615,1737230,1740878,3648
868199,1736398,1740040,3642
867711,1735422,1739060,3638
862619,1725238,1728854,3616
860327,1720654,1724267,3613
858887,1717774,1721375,3601
857471,1714942,1718536,3594
855343,1710686,1714274,3588
854639,1709278,1712866,3588
853673,1707346,1710920,3574
852413,1704826,1708400,3574
850975,1701950,1705516,3566
848079,1696158,1699717,3559
844751,1689502,1693052,3550
843999,1687998,1691534,3536
838591,1677182,1680709,3527
835695,1671390,1674890,3500
833627,1667254,1670746,3492
831423,1662846,1666333,3487
829543,1659086,1662569,3483
827489,1654978,1658450,3472
826559,1653118,1656584,3466
824767,1649534,1652998,3464
824507,1649014,1652476,3462
823067,1646134,1649591,3457
818815,1637630,1641064,3434
818415,1636830,1640258,3428
817289,1634578,1638005,3427
817225,1634450,1637876,3426
812719,1625438,1628858,3420
812251,1624502,1627913,3411
810699,1621398,1624801,3403
809211,1618422,1621816,3394
808351,1616702,1620088,3386
803871,1607742,1611107,3365
801487,1602974,1606337,3363
800319,1600638,1603997,3359
799847,1599694,1603052,3358
798025,1596050,1599406,3356
796095,1592190,1595536,3346
795263,1590526,1593863,3337
795135,1590270,1593599,3329
790235,1580470,1583792,3322
789311,1578622,1581935,3313
786429,1572858,1576154,3296
785919,1571838,1575128,3290
783463,1566926,1570211,3285
781595,1563190,1566472,3282
781271,1562542,1565824,3282
780343,1560686,1563964,3278
779983,1559966,1563236,3270
775727,1551454,1554712,3258
774561,1549122,1552372,3250
773787,1547574,1550824,3250
773311,1546622,1549864,3242
771355,1542710,1545946,3236
771297,1542594,1545830,3236
767903,1535806,1539034,3228
765885,1531770,1534994,3224
765567,1531134,1534339,3205
765055,1530110,1533314,3204
763455,1526910,1530110,3200
762599,1525198,1528393,3195
760255,1520510,1523699,3189
759679,1519358,1522547,3189
757501,1515002,1518190,3188
756873,1513746,1516924,3178
755951,1511902,1515071,3169
755667,1511334,1514501,3167
753847,1507694,1510859,3165
751357,1502714,1505866,3152
749751,1499502,1502651,3149
747519,1495038,1498174,3136
744191,1488382,1491514,3132
741771,1483542,1486673,3131
741713,1483426,1486550,3124
741001,1482002,1485106,3104
737371,1474742,1477838,3096
735231,1470462,1473550,3088
734719,1469438,1472518,3080
732895,1465790,1468867,3077
731615,1463230,1466302,3072
730679,1461358,1464424,3066
727835,1455670,1458722,3052
725659,1451318,1454362,3044
722287,1444574,1447600,3026
720895,1441790,1444807,3017
717119,1434238,1437250,3012
716135,1432270,1435268,2998
713575,1427150,1430140,2990
711679,1423358,1426346,2988
709753,1419506,1422485,2979
708607,1417214,1420183,2969
707465,1414930,1417898,2968
706559,1413118,1416080,2962
704481,1408962,1411924,2962
704055,1408110,1411064,2954
702431,1404862,1407814,2952
701543,1403086,1406038,2952
699045,1398090,1401025,2935
698593,1397186,1400113,2927
696411,1392822,1395742,2920
694751,1389502,1392419,2917
694463,1388926,1391843,2917
692895,1385790,1388692,2902
692193,1384386,1387288,2902
688623,1377246,1380134,2888
687975,1375950,1378834,2884
684029,1368058,1370927,2869
681575,1363150,1366006,2856
680159,1360318,1363174,2856
678511,1357022,1359868,2846
676255,1352510,1355348,2838
674303,1348606,1351444,2838
673335,1346670,1349500,2830
672027,1344054,1346881,2827
669695,1339390,1342196,2806
666111,1332222,1335028,2806
665067,1330134,1332934,2800
664607,1329214,1332001,2787
661503,1323006,1325788,2782
658415,1316830,1319597,2767
658111,1316222,1318984,2762
657103,1314206,1316968,2762
654903,1309806,1312564,2758
653053,1306106,1308847,2741
650783,1301566,1304296,2730
646217,1292434,1295153,2719
645211,1290422,1293140,2718
645183,1290366,1293083,2717
645003,1290006,1292723,2717
643791,1287582,1290289,2707
643431,1286862,1289560,2698
640979,1281958,1284650,2692
639143,1278286,1280974,2688
638265,1276530,1279210,2680
637437,1274874,1277554,2680
636059,1272118,1274788,2670
634159,1268318,1270988,2670
633563,1267126,1269790,2664
632999,1265998,1268651,2653
631275,1262550,1265200,2650
630891,1261782,1264430,2648
628857,1257714,1260353,2639
627127,1254254,1256887,2633
625825,1251650,1254278,2628
624381,1248762,1251389,2627
623593,1247186,1249810,2624
621551,1243102,1245719,2617
620617,1241234,1243838,2604
615891,1231782,1234376,2594
613703,1227406,1229992,2586
612967,1225934,1228504,2570
612919,1225838,1228408,2570
610863,1221726,1224290,2564
610047,1220094,1222651,2557
608025,1216050,1218601,2551
606875,1213750,1216300,2550
606623,1213246,1215796,2550
605143,1210286,1212833,2547
604233,1208466,1211006,2540
603879,1207758,1210292,2534
602347,1204694,1207223,2529
601115,1202230,1204753,2523
600239,1200478,1202998,2520
598519,1197038,1199555,2517
596095,1192190,1194700,2510
595283,1190566,1193062,2496
594087,1188174,1190668,2494
589823,1179646,1182116,2470
589103,1178206,1180676,2470
585769,1171538,1174004,2466
585257,1170514,1172974,2460
584987,1169974,1172428,2454
582135,1164270,1166722,2452
581883,1163766,1166218,2452
580921,1161842,1164280,2438
578975,1157950,1160386,2436
578799,1157598,1160026,2428
578473,1156946,1159373,2427
576671,1153342,1155760,2418
575079,1150158,1152569,2411
572591,1145182,1147583,2401
571551,1143102,1145501,2399
568275,1136550,1138933,2383
566751,1133502,1135876,2374
563881,1127762,1130132,2370
563519,1127038,1129400,2362
562665,1125330,1127689,2359
556329,1112658,1115005,2347
556285,1112570,1114913,2343
556191,1112382,1114717,2335
555751,1111502,1113830,2328
551659,1103318,1105633,2315
551039,1102078,1104389,2311
548799,1097598,1099909,2311
548711,1097422,1099727,2305
545513,1091026,1093324,2298
544223,1088446,1090736,2290
542621,1085242,1087528,2286
541417,1082834,1085116,2282
540507,1081014,1083293,2279
539751,1079502,1081780,2278
537839,1075678,1077938,2260
537095,1074190,1076449,2259
535419,1070838,1073086,2248
534175,1068350,1070597,2247
533545,1067090,1069331,2241
533231,1066462,1068701,2239
532315,1064630,1066864,2234
530599,1061198,1063424,2226
530175,1060350,1062575,2225
529139,1058278,1060499,2221
526823,1053646,1055861,2215
526503,1053006,1055216,2210
524487,1048974,1051184,2210
524285,1048570,1050769,2199
523945,1047890,1050085,2195
517275,1034550,1036741,2191
517151,1034302,1036474,2172
511935,1023870,1026022,2152
510589,1021178,1023329,2151
510119,1020238,1022381,2143
508231,1016462,1018595,2133
508129,1016258,1018391,2133
506451,1012902,1015031,2129
505001,1010002,1012126,2124
503777,1007554,1009667,2113
502271,1004542,1006648,2106
500905,1001810,1003910,2100
497433,994866,996965,2099
496127,992254,994342,2088
495785,991570,993652,2082
493727,987454,989536,2082
493479,986958,989030,2072
491177,982354,984424,2070
490431,980862,982928,2066
490153,980306,982366,2060
487967,975934,977992,2058
487743,975486,977534,2048
487119,974238,976282,2044
485223,970446,972481,2035
482843,965686,967717,2031
481759,963518,965540,2022
480735,961470,963488,2018
478887,957774,959789,2015
478699,957398,959408,2010
478079,956158,958166,2008
477423,954846,956845,1999
474121,948242,950236,1994
472903,945806,947794,1988
471643,943286,945265,1979
469369,938738,940709,1971
468287,936574,938542,1968
467695,935390,937358,1968
467391,934782,936740,1958
465463,930926,932879,1953
463785,927570,929519,1949
463167,926334,928279,1945
459759,919518,921454,1936
458443,916886,918821,1935
456191,912382,914308,1926
456019,912038,913951,1913
454383,908766,910670,1904
453439,906878,908782,1904
451241,902482,904385,1903
450177,900354,902249,1895
450095,900190,902080,1890
446463,892926,894797,1871
442367,884734,886588,1854
440697,881394,883244,1850
439327,878654,880504,1850
438943,877886,879731,1845
436601,873202,875042,1840
435227,870454,872288,1834
434667,869334,871166,1832
433855,867710,869530,1820
430811,861622,863435,1813
430761,861522,863332,1810
428735,857470,859268,1798
427319,854638,856433,1795
426207,852414,854200,1786
425063,850126,851908,1782
422911,845822,847600,1778
422375,844750,846526,1776
421999,843998,845767,1769
417247,834494,836254,1760
417213,834426,836185,1759
415679,831358,833116,1758
415047,830094,831850,1756
412911,825822,827576,1754
411903,823806,825547,1741
410655,821310,823040,1730
410011,820022,821752,1730
409135,818270,819994,1724
408935,817870,819592,1722
407399,814798,816514,1716
406063,812126,813838,1712
404583,809166,810866,1700
401727,803454,805150,1696
400927,801854,803540,1686
400041,800082,801764,1682
397083,794166,795845,1679
396059,792118,793790,1672
396031,792062,793726,1664
393215,786430,788077,1647
392959,785918,787564,1646
390635,781270,782912,1642
390171,780342,781982,1640
389991,779982,781618,1636
389359,778718,780352,1634
386813,773626,775258,1632
385983,771966,773590,1624
384795,769590,771214,1624
384447,768894,770506,1612
382943,765886,767497,1611
381727,763454,765055,1601
378751,757502,759095,1593
378015,756030,757621,1591
375679,751358,752933,1575
373075,746150,747724,1574
371995,743990,745564,1574
371839,743678,745240,1562
367615,735230,736775,1545
367359,734718,736259,1541
365807,731614,733151,1537
365339,730678,732212,1534
363675,727350,728882,1532
363497,726994,728524,1530
363455,726910,728440,1530
362815,725630,727157,1527
361319,722638,724156,1518
358559,717118,718625,1507
356535,713070,714575,1505
355591,711182,712678,1496
352027,704054,705532,1478
351215,702430,703907,1477
348351,696702,698170,1468
345947,691894,693358,1464
344767,689534,690982,1448
342143,684286,685732,1446
340393,680786,682219,1433
340079,680158,681587,1429
338431,676862,678289,1427
337633,675266,676687,1421
336667,673334,674750,1416
334847,669694,671098,1404
331091,662182,663586,1404
330751,661502,662894,1392
330523,661046,662434,1388
329151,658302,659690,1388
328891,657782,659167,1385
328551,657102,658484,1382
327451,654902,656282,1380
325311,650622,651994,1372
325161,650322,651689,1367
323071,646142,647500,1358
320839,641678,643030,1352
320489,640978,642325,1347
320127,640254,641596,1342
318719,637438,638777,1339
316919,633838,635177,1339
313951,627902,629234,1332
312935,625870,627191,1321
312911,625822,627139,1317
308791,617582,618892,1310
307945,615890,617188,1298
306459,612918,614204,1286
304127,608254,609538,1284
301711,603422,604705,1283
301547,603094,604372,1278
301295,602590,603863,1273
300031,600062,601324,1262
297641,595282,596531,1249
297023,594046,595295,1249
294911,589822,591058,1236
291067,582134,583361,1227
290151,580302,581525,1223
290111,580222,581444,1222
288489,576978,578200,1222
287207,574414,575623,1209
286747,573494,574703,1209
283647,567294,568502,1208
283375,566750,567938,1188
281759,563518,564700,1182
279807,559614,560794,1180
277119,554238,555410,1172
272623,545246,546394,1148
272111,544222,545368,1146
271599,543198,544342,1144
271311,542622,543764,1142
268475,536950,538090,1140
268041,536082,537218,1136
264039,528078,529193,1115
264019,528038,529150,1112
262241,524482,525592,1110
259983,519966,521072,1106
258939,517878,518980,1102
257875,515750,516838,1088
254569,509138,510221,1083
252129,504258,505334,1076
251447,502894,503962,1068
248317,496634,497690,1056
248059,496118,497171,1053
245631,491262,492308,1046
243871,487742,488767,1025
243559,487118,488141,1023
242303,484606,485626,1020
240879,481758,482770,1012
240367,480734,481744,1010
239039,478078,479083,1005
237689,475378,476383,1005
235463,470926,471926,1000
234143,468286,469271,985
231593,463186,464170,984
231095,462190,463174,984
230959,461918,462892,974
229033,458066,459034,968
228095,456190,457154,964
226719,453438,454391,953
225023,450046,450994,948
223359,446718,447664,946
222519,445038,445976,938
220727,441454,442390,936
220327,440654,441587,933
218337,436674,437606,932
217583,435166,436084,918
214511,429022,429932,910
213159,426318,427228,910
213103,426206,427100,894
211455,422910,423800,890
209855,419710,420596,886
208623,417246,418127,881
203617,407234,408104,870
203483,406966,407824,858
201031,402062,402914,852
200863,401726,402575,849
198015,396030,396863,833
193407,386814,387629,815
190927,381854,382666,812
189097,378194,379001,807
188585,377170,377972,802
186537,373074,373862,788
184223,368446,369232,786
180695,361390,362165,775
180221,360442,361207,765
178983,357966,358726,760
178427,356854,357614,760
173695,347390,348128,738
171775,343550,344276,726
167631,335262,335974,712
165545,331090,331793,703
163753,327506,328205,699
162319,324638,325336,698
161535,323070,323750,680
158601,317202,317878,676
156975,313950,314617,667
154395,308790,309446,656
154063,308126,308782,656
152063,304126,304769,643
150015,300030,300662,632
148345,296690,297317,627
147511,295022,295648,626
145055,290110,290722,612
143195,286390,287000,610
143007,286014,286621,607
141823,283646,284251,605
141439,282878,283480,602
139903,279806,280397,591
135655,271310,271882,572
132009,264018,264575,557
129991,259982,260536,554
128937,257874,258419,545
125723,251446,251981,535
125167,250334,250864,530
124159,248318,248845,527
122815,245630,246154,524
120449,240898,241420,522
119451,238902,239419,517
118951,237902,238409,507
115547,231094,231587,493
111753,223506,223982,476
111259,222518,222988,470
110363,220726,221195,469
107065,214130,214595,465
105055,210110,210568,458
102719,205438,205882,444
100711,201422,201854,432
95463,190926,191333,407
93119,186238,186634,396
91305,182610,183004,394
90337,180674,181066,392
88135,176270,176660,390
84499,168998,169382,384
83815,167630,167987,357
81767,163534,163889,355
81159,162318,162668,350
80545,161090,161440,350
77481,154962,155303,341
77039,154078,154412,334
77031,154062,154391,329
73755,147510,147824,314
71595,143190,143500,310
68479,136958,137254,296
67753,135506,135800,294
63375,126750,127037,287
62111,124222,124492,270
57855,115710,115972,262
56617,113234,113488,254
56487,112974,113228,254
55209,110418,110659,241
54511,109022,109259,237
52527,105054,105284,230
51359,102718,102941,223
47531,95062,95278,216
42505,85010,85210,200
42249,84498,84691,193
40703,81406,81587,181
38303,76606,76787,181
35497,70994,71170,176
34239,68478,68627,149
30263,60526,60668,142
27135,54270,54391,121
25535,51070,51191,121
22697,45394,45502,108
20175,40350,40445,95
17673,35346,35441,95
17023,34046,34127,81
15131,30262,30334,72
15039,30078,30148,70
13449,26898,26963,65
7905,15810,15875,65
7023,14046,14110,64
6671,13342,13396,54
5673,11346,11380,34
4633,9266,9232,34
4631,9262,9232,30
4627,9254,9232,22
4623,9246,9232,14
4619,9238,9232,6
4617,9234,9232,2
3643,7286,7288,2
2307,4614,4616,2
1823,3646,3644,2
1215,2430,2429,1
189,378,377,1
125,250,251,1
83,166,167,1
31,62,61,1
27,54,53,1
9,18,17,1
7,14,13,1
3,6,5,1
